1,0,1,1005,0,289,0
2,0,0,78,0,371,0
3,1,2,2067,0,395,0
4,1,1,1205,0,364,0
5,1,0,94,0,305,0
6,1,0,94,0,211,0
7,1,0,0,0,171,0
8,1,1,1067,0,232,0
9,1,0,82,0,389,0
10,1,0,98,0,222,0
11,1,0,99,0,141,0
12,1,1,1086,0,206,0
13,1,0,98,0,194,0
14,1,1,1102,0,322,0
15,1,0,184,0,166,0
16,2,2,2284,0,231,0
17,2,1,1223,0,300,0
18,2,2,2170,0,403,0
19,2,0,367,0,272,0
20,2,1,1133,0,274,0
21,2,0,249,0,447,0
22,2,3,3101,0,367,0
23,2,2,2374,0,338,0
24,3,1,1242,0,319,0
25,3,0,172,0,413,0
26,3,1,1176,0,170,0
27,3,1,1172,0,272,0
28,3,3,3270,0,300,0
29,3,2,2188,0,338,0
30,3,0,175,0,246,0
31,3,1,1272,0,160,0
32,3,1,1261,0,292,0
33,3,0,261,0,329,0
34,3,2,2268,0,285,0
35,4,1,1069,0,290,0
36,4,1,1064,0,446,0
37,4,2,2192,0,258,0
38,4,1,1161,0,252,0
39,4,1,1016,0,324,0
40,4,3,3053,0,309,0
41,4,2,1977,0,651,0
42,4,1,995,0,296,0
43,4,1,1284,0,165,0
44,5,1,1283,0,356,0
45,5,1,1277,0,571,0
46,5,2,2350,0,365,0
47,5,1,1282,0,144,0
48,5,2,2272,0,224,0
49,5,2,2187,0,389,0
50,5,2,2212,0,446,0
51,5,2,2077,0,372,0
52,5,0,99,0,188,0
53,5,1,1146,0,254,0
54,5,1,1428,0,182,0
55,6,1,1180,0,305,0
56,6,0,194,0,296,0
57,6,2,2037,0,406,0
58,6,3,2053,0,630,0
59,6,1,1347,0,229,0
60,6,1,1359,0,348,0
61,6,1,1279,0,266,0
62,6,0,294,0,316,0
63,6,1,1268,0,242,0
64,7,2,2199,0,297,0
65,7,3,3151,0,319,0
66,7,3,3113,0,309,0
67,7,3,3226,0,310,0
68,7,3,3511,0,282,0
69,7,0,99,0,170,0
70,7,2,2240,0,358,0
71,7,3,3023,0,274,0
72,7,3,3295,0,209,0
73,7,0,180,0,201,0
74,7,4,4989,1,310,0
75,8,2,2309,0,349,0
76,8,1,1087,0,163,0
77,8,2,2289,0,225,0
78,8,2,2350,0,263,0
79,8,2,2204,0,174,0
80,8,3,3071,0,318,0
81,8,1,1118,0,137,0
82,8,1,1239,0,228,0
83,8,1,1216,0,380,0
84,8,1,1357,0,369,0
85,8,3,3071,0,315,0
86,8,3,2945,0,349,0
87,9,3,3345,0,270,0
88,9,2,2263,0,536,0
89,9,0,99,0,316,0
90,9,2,2309,0,249,0
91,9,2,2186,0,289,0
92,9,2,2160,0,323,0
93,9,0,99,0,189,0
94,9,3,3173,0,253,0
95,9,3,3485,0,444,0
96,10,3,3339,0,460,0
97,10,2,2171,0,359,0
98,10,0,190,0,201,0
99,10,4,4516,1,396,0
100,10,0,99,0,1001,1
101,10,0,174,0,347,0
102,10,0,99,0,349,0
103,10,4,4327,1,525,0
104,11,3,3156,0,267,0
105,11,0,99,0,136,0
106,11,3,3291,0,356,0
107,11,2,2120,0,412,0
108,11,3,3342,0,338,0
109,11,2,2090,0,264,0
110,11,2,2366,0,410,0
111,11,4,4551,1,429,0
112,11,2,2346,0,369,0
113,12,4,4488,1,364,0
114,12,3,3281,0,432,0
115,12,3,3170,0,274,0
116,12,3,2806,0,685,0
117,12,3,3463,0,211,0
118,12,3,2990,0,335,0
119,12,4,4625,1,407,0
120,12,2,2377,0,174,0
121,12,2,2119,0,261,0
122,12,1,1138,0,183,0
123,13,3,3273,0,381,0
124,13,2,2179,0,601,0
125,13,2,2049,0,331,0
126,13,4,4330,1,595,0
127,13,4,3691,1,651,0
128,13,3,3022,0,584,0
129,14,3,3090,0,376,0
130,14,2,2069,0,319,0
131,14,2,2407,0,322,0
132,14,1,1130,0,248,0
133,14,0,99,0,271,0
134,14,2,2143,0,331,0
135,14,4,4441,1,380,0
136,14,2,2032,0,330,0
137,14,4,4498,1,402,0
138,15,4,3937,1,555,0
139,15,0,165,0,401,0
140,15,2,2205,0,318,0
141,15,0,185,0,153,0
142,15,4,4888,1,226,0
143,15,0,92,0,132,0
144,15,2,2193,0,346,0
145,15,4,4690,1,336,0
146,15,1,1210,0,192,0
147,15,1,1110,0,175,0
148,15,4,4181,1,439,0
149,16,4,4487,1,380,0
150,16,4,4061,1,520,0
151,16,2,2263,0,306,0
152,16,1,1255,0,221,0
153,16,2,2084,0,276,0
154,16,2,2104,0,290,0
155,16,2,1549,0,906,0
156,16,0,170,0,299,0
157,17,1,1035,0,354,0
158,17,1,1024,0,166,0
159,17,1,781,0,662,0
160,17,1,1325,0,281,0
161,17,3,2916,0,446,0
162,17,2,2034,0,408,0
163,17,4,4740,1,353,0
164,17,4,4717,1,292,0
165,17,4,4221,1,368,0
166,18,1,1041,0,402,0
167,18,1,1142,0,239,0
168,18,2,2289,0,273,0
169,18,1,1116,0,221,0
170,18,2,2218,0,203,0
171,18,4,4284,1,458,0
172,18,3,2903,0,624,0
173,18,4,4733,1,427,0
174,18,2,2085,0,401,0
175,19,3,3015,0,391,0
176,19,0,98,0,164,0
177,19,4,4815,1,310,0
178,19,4,4499,1,394,0
179,19,3,3105,0,302,0
180,19,3,2895,0,434,0
181,19,1,943,0,310,0
182,19,2,1587,0,657,0
183,19,4,4928,1,219,0
184,20,4,4268,1,429,0
185,20,1,1169,0,320,0
186,20,3,2575,0,452,0
187,20,4,3959,1,509,0
188,20,2,2284,0,176,0
189,20,4,5245,1,161,0
190,20,2,1987,0,335,0
191,20,1,1243,0,178,0
192,20,0,97,0,221,0
193,20,1,1234,0,322,0
194,21,3,3134,0,335,0
195,21,4,4869,1,298,0
196,21,3,2961,0,381,0
197,21,2,2367,0,426,0
198,21,0,93,0,203,0
199,21,3,3003,0,411,0
200,21,0,0,0,103,1
201,21,4,5057,1,237,0
202,21,1,1265,0,158,0
203,21,4,4957,1,302,0
204,21,1,1204,0,217,0
205,21,1,1343,0,220,0
206,22,2,2083,0,341,0
207,22,1,1377,0,413,0
208,22,2,2229,0,180,0
209,22,2,2406,0,262,0
210,22,4,4944,1,275,0
211,22,1,1214,0,216,0
212,22,1,1197,0,157,0
213,22,2,1490,0,685,0
214,22,4,4576,1,347,0
215,22,2,2152,0,241,0
216,23,4,5217,1,195,0
217,23,4,5205,1,151,0
218,23,4,5070,1,208,0
219,23,4,4780,1,367,0
220,23,4,4760,1,335,0
221,23,3,2964,0,697,0
222,23,4,4875,1,289,0
223,23,4,4947,1,278,0
224,23,0,95,0,295,0
225,23,4,4525,1,405,0
226,24,4,5224,1,174,0
227,24,2,2238,0,300,0
228,24,4,4446,1,429,0
229,24,3,3220,0,621,0
230,24,4,5291,1,192,0
231,24,4,4829,1,335,0
232,24,4,4486,1,386,0
233,24,4,4967,1,205,0
234,24,4,3904,1,600,0
235,25,4,4626,1,325,0
236,25,4,4589,1,347,0
237,25,1,1139,0,161,0
238,25,3,3224,0,827,0
239,25,4,5108,1,261,0
240,25,2,2218,0,511,0
241,25,3,3092,0,480,0
242,26,3,2885,0,727,0
243,26,0,96,0,128,0
244,26,1,1312,0,306,0
245,26,4,3566,1,649,0
246,26,4,4226,1,421,0
247,26,2,2280,0,212,0
248,26,3,3175,0,441,0
249,27,3,3021,0,470,0
250,27,4,4771,1,351,0
251,27,3,2689,0,588,0
252,27,4,4807,1,302,0
253,27,4,4864,1,316,0
254,27,4,4789,1,351,0
255,27,1,1036,0,440,0
256,27,4,4056,1,542,0
257,28,4,4569,1,413,0
258,28,4,4793,1,329,0
259,28,1,1341,0,271,0
260,28,0,95,0,296,0
261,28,3,2477,0,741,0
262,28,4,4984,1,235,0
263,28,4,4927,1,218,0
264,28,1,1032,0,407,0
265,28,3,3118,0,402,0
266,29,4,4681,1,406,0
267,29,2,2342,0,300,0
268,29,4,4320,1,439,0
269,29,0,95,0,394,0
270,29,1,999,0,464,0
271,29,4,4849,1,348,0
272,29,0,89,0,145,0
273,29,3,2874,0,465,0
274,29,4,4900,1,316,0
275,30,4,5416,1,96,0
276,30,4,4735,1,351,0
277,30,4,5394,1,150,0
278,30,4,4810,1,414,0
279,30,3,2527,0,697,0
280,30,4,5017,1,205,0
281,30,2,2029,0,275,0
282,30,1,1210,0,300,0
283,31,1,998,0,925,0
284,31,4,4125,1,549,0
285,31,1,1274,0,285,0
286,31,4,4237,1,575,0
287,31,4,4628,1,433,0
288,31,2,2190,0,463,0
289,31,4,4728,1,475,0
290,32,4,3180,1,857,0
291,32,4,4454,1,333,0
292,32,4,4653,1,407,0
293,32,4,3741,1,693,0
294,32,3,3504,0,247,0
295,32,4,4889,1,253,0
296,32,4,4724,1,283,0
297,32,4,4773,1,327,0
298,33,4,5136,1,178,0
299,33,4,4711,1,326,0
300,33,0,99,0,1001,1
301,33,4,4739,1,294,0
302,33,2,2263,0,289,0
303,33,4,4109,1,456,0
304,33,4,5174,1,182,0
305,33,4,5008,1,189,0
306,33,4,4324,1,404,0
307,34,3,3114,0,612,0
308,34,4,5252,1,144,0
309,34,4,5040,1,232,0
310,34,4,3921,1,482,0
311,34,4,4413,1,444,0
312,34,3,2860,0,533,0
313,34,4,5144,1,176,0
314,34,4,5342,1,136,0
315,34,3,2814,0,472,0
316,35,4,4208,1,456,0
317,35,4,4407,1,437,0
318,35,3,2599,0,595,0
319,35,4,4248,1,506,0
320,35,1,1247,0,329,0
321,35,4,4806,1,245,0
322,35,3,3409,0,209,0
323,35,4,4504,1,334,0
324,36,4,4573,1,345,0
325,36,4,5084,1,223,0
326,36,4,4835,1,248,0
327,36,4,4455,1,392,0
328,36,1,1168,0,191,0
329,36,4,4492,1,439,0
330,36,3,3107,0,408,0
331,36,4,4414,1,411,0
332,36,4,4116,1,507,0
333,37,4,4793,1,290,0
334,37,4,4573,1,358,0
335,37,4,4153,1,491,0
336,37,3,3060,0,325,0
337,37,4,4544,1,397,0
338,37,1,1303,0,388,0
339,37,4,3596,1,644,0
340,37,4,4580,1,336,0
341,38,2,1971,0,843,0
342,38,4,4666,1,302,0
343,38,3,2790,0,592,0
344,38,4,5390,1,150,0
345,38,4,5380,1,114,0
346,38,4,5129,1,168,0
347,38,4,4475,1,338,0
348,38,4,4732,1,275,0
349,38,4,5003,1,225,0
350,39,4,4548,1,407,0
351,39,4,4486,1,334,0
352,39,4,4551,1,369,0
353,39,4,4562,1,343,0
354,39,4,5230,1,183,0
355,39,4,4662,1,332,0
356,39,4,3686,1,600,0
357,39,4,4330,1,393,0
358,39,4,5026,1,194,0
359,39,4,4135,1,468,0
360,40,4,4826,1,258,0
361,40,3,2693,0,597,0
362,40,4,3665,1,577,0
363,40,2,2056,0,726,0
364,40,4,4434,1,370,0
365,40,4,4170,1,401,0
366,41,4,4481,1,347,0
367,41,1,1170,0,187,0
368,41,4,4694,1,310,0
369,41,4,5065,1,186,0
370,41,3,2986,0,391,0
371,41,1,1157,0,157,0
372,41,4,5095,1,169,0
373,41,4,4311,1,391,0
374,41,4,3126,1,899,0
375,41,2,2030,0,314,0
376,42,4,4935,1,220,0
377,42,4,5072,1,232,0
378,42,4,4430,1,384,0
379,42,4,3638,1,668,0
380,42,4,3647,1,653,0
381,42,4,4414,1,388,0
382,42,4,3522,1,706,0
383,43,4,4733,1,265,0
384,43,4,4743,1,257,0
385,43,4,3714,1,661,0
386,43,4,5142,1,168,0
387,43,4,4890,1,242,0
388,43,4,5225,1,171,0
389,43,4,4617,1,282,0
390,43,4,3716,1,686,0
391,43,4,4585,1,315,0
392,43,4,4553,1,326,0
393,44,4,4484,1,339,0
394,44,4,3996,1,472,0
395,44,4,4854,1,236,0
396,44,1,1341,0,473,0
397,44,4,5002,1,325,0
398,44,4,4840,1,319,0
399,44,4,4051,1,549,0
400,45,0,99,0,1001,1
401,45,4,4619,1,333,0
402,45,4,4530,1,342,0
403,45,4,4976,1,215,0
404,45,4,4302,1,382,0
405,45,4,4777,1,222,0
406,45,0,199,0,400,0
407,45,4,5113,1,176,0
408,45,4,4328,1,476,0
409,46,4,4798,1,276,0
410,46,4,4850,1,309,0
411,46,4,3769,1,547,0
412,46,4,3595,1,696,0
413,46,4,4634,1,324,0
414,46,4,4756,1,284,0
415,46,4,4998,1,202,0
416,46,4,5000,1,229,0
417,46,4,4683,1,257,0
418,47,4,3741,1,691,0
419,47,4,4960,1,235,0
420,47,4,4618,1,324,0
421,47,4,4138,1,375,0
422,47,4,3674,1,554,0
423,47,4,4940,1,214,0
424,47,4,4647,1,299,0
425,47,4,4952,1,216,0
426,47,4,4848,1,224,0
427,47,4,4537,1,384,0
428,48,4,4191,1,499,0
429,48,4,5151,1,164,0
430,48,1,1071,0,600,0
431,48,4,4986,1,201,0
432,48,1,1161,0,328,0
433,48,4,3870,1,551,0
434,48,4,4834,1,248,0
435,48,4,4633,1,335,0
436,49,4,4401,1,382,0
437,49,4,4348,1,411,0
438,49,4,5056,1,191,0
439,49,4,4768,1,258,0
440,49,4,4805,1,277,0
441,49,4,3886,1,567,0
442,49,4,4380,1,434,0
443,49,1,1383,0,500,0
444,50,4,4151,1,545,0
445,50,0,0,0,136,0
446,50,4,4398,1,345,0
447,50,4,3331,1,771,0
448,50,4,4873,1,216,0
449,50,4,4217,1,467,0
450,50,4,5176,1,180,0
451,50,4,5198,1,177,0
452,50,4,4321,1,399,0
453,50,4,4655,1,320,0
454,51,4,3939,1,501,0
455,51,4,4393,1,424,0
456,51,3,2760,0,594,0
457,51,4,4881,1,279,0
458,51,4,4888,1,243,0
459,51,4,4269,1,483,0
460,51,4,5093,1,202,0
461,51,4,4721,1,258,0
462,51,4,5274,1,160,0
463,52,1,1036,0,567,0
464,52,4,4684,1,343,0
465,52,4,4568,1,319,0
466,52,4,5118,1,166,0
467,52,4,3306,1,633,0
468,52,4,4505,1,349,0
469,52,4,4212,1,396,0
470,52,4,4249,1,419,0
471,53,1,1157,0,306,0
472,53,4,3574,1,640,0
473,53,1,1285,0,335,0
474,53,4,4604,1,282,0
475,53,4,4537,1,356,0
476,53,4,5381,1,115,0
477,53,4,4855,1,261,0
478,53,4,4694,1,280,0
479,53,4,4898,1,212,0
480,53,4,4392,1,352,0
481,54,4,4117,1,500,0
482,54,4,4512,1,380,0
483,54,4,4823,1,311,0
484,54,4,4497,1,379,0
485,54,4,4585,1,313,0
486,54,4,3862,1,534,0
487,54,4,4984,1,210,0
488,54,4,3997,1,530,0
489,54,4,4680,1,304,0
490,55,4,4906,1,209,0
491,55,4,5343,1,122,0
492,55,4,4771,1,259,0
493,55,4,4117,1,504,0
494,55,4,4599,1,296,0
495,55,4,4835,1,234,0
496,55,4,5249,1,142,0
497,55,4,4473,1,334,0
498,55,4,5143,1,149,0
499,55,4,4684,1,368,0
500,56,0,99,0,1001,1
501,56,4,4591,1,302,0
502,56,3,2657,0,644,0
503,56,1,1083,0,347,0
504,56,4,4304,1,444,0
505,56,2,2170,0,211,0
506,56,2,2206,0,469,0
507,56,4,4234,1,596,0
508,57,4,4613,1,352,0
509,57,4,4134,1,542,0
510,57,4,4750,1,249,0
511,57,4,4713,1,256,0
512,57,4,4400,1,366,0
513,57,4,2953,1,763,0
514,57,4,4314,1,396,0
515,57,4,4822,1,273,0
516,58,4,4292,1,393,0
517,58,4,4947,1,228,0
518,58,4,4799,1,294,0
519,58,4,4699,1,377,0
520,58,4,5042,1,215,0
521,58,4,4850,1,274,0
522,58,4,4852,1,249,0
523,58,4,4208,1,481,0
524,58,4,4269,1,497,0
525,59,4,4891,1,252,0
526,59,4,3410,1,731,0
527,59,4,4337,1,433,0
528,59,4,4388,1,422,0
529,59,4,4957,1,220,0
530,59,1,1359,0,644,0
531,59,4,4830,1,255,0
532,59,4,4804,1,267,0
533,60,4,4691,1,289,0
534,60,4,5058,1,194,0
535,60,4,4400,1,404,0
536,60,4,4249,1,442,0
537,60,4,4848,1,250,0
538,60,4,3986,1,467,0
539,60,4,4694,1,286,0
540,60,4,5232,1,129,0
541,60,4,4960,1,223,0
542,60,4,5162,1,172,0
543,60,4,3892,1,437,0
544,61,4,4993,1,244,0
545,61,4,4331,1,374,0
546,61,4,5111,1,200,0
547,61,4,4117,1,398,0
548,61,4,4603,1,310,0
549,61,4,5261,1,167,0
550,61,4,4759,1,290,0
551,61,4,4654,1,358,0
552,61,4,4847,1,312,0
553,61,4,4638,1,289,0
554,61,4,4427,1,318,0
555,62,4,4991,1,206,0
556,62,3,3348,0,467,0
557,62,4,4119,1,398,0
558,62,4,4910,1,224,0
559,62,2,1868,0,668,0
560,62,4,3841,1,471,0
561,62,4,4122,1,452,0
562,62,4,4281,1,384,0
563,63,4,4872,1,273,0
564,63,4,5194,1,138,0
565,63,4,4970,1,199,0
566,63,4,3490,1,549,0
567,63,4,4585,1,277,0
568,63,4,5310,1,122,0
569,63,4,4522,1,362,0
570,63,4,4850,1,238,0
571,63,4,4453,1,342,0
572,63,4,4629,1,253,0
573,63,4,4981,1,195,0
574,63,4,4556,1,288,0
575,64,4,4310,1,363,0
576,64,4,5220,1,146,0
577,64,4,5506,1,75,0
578,64,4,5482,1,80,0
579,64,4,5094,1,176,0
580,64,4,5553,1,65,0
581,64,4,4622,1,316,0
582,64,4,5402,1,98,0
583,64,4,5222,1,145,0
584,64,4,5005,1,200,0
585,64,4,5507,1,74,0
586,64,4,5620,1,48,0
587,64,4,5280,1,117,0
588,64,3,3375,0,234,0
589,64,4,5160,1,164,0
590,64,4,4928,1,229,0
591,64,4,5341,1,114,0
592,64,4,5025,1,196,0
593,64,4,5358,1,114,0
594,64,4,5293,1,132,0
595,65,4,4430,1,370,0
596,65,4,5006,1,205,0
597,65,4,5486,1,78,0
598,65,4,3741,1,596,0
599,65,4,4860,1,249,0
600,65,1,1290,0,1001,1
601,65,4,5389,1,107,0
602,65,4,5351,1,110,0
603,65,4,5253,1,126,0
604,65,4,5266,1,131,0
605,65,4,5524,1,74,0
606,65,4,5232,1,127,0
607,65,4,4610,1,309,0
608,66,4,5121,1,222,0
609,66,4,5114,1,168,0
610,66,4,4846,1,232,0
611,66,4,5575,1,59,0
612,66,4,5394,1,100,0
613,66,4,4356,1,399,0
614,66,4,5143,1,155,0
615,66,4,5248,1,135,0
616,66,4,5421,1,100,0
617,66,4,5230,1,152,0
618,66,1,1163,0,193,0
619,66,4,5043,1,186,0
620,66,0,189,0,261,0
621,66,1,1160,0,224,0
622,66,4,4860,1,201,0
623,66,4,4497,1,340,0
624,67,1,1201,0,217,0
625,67,3,3259,0,305,0
626,67,4,4790,1,244,0
627,67,4,5024,1,198,0
628,67,4,5212,1,149,0
629,67,4,4522,1,318,0
630,67,4,5376,1,102,0
631,67,4,5386,1,99,0
632,67,4,5500,1,80,0
633,67,4,5131,1,190,0
634,67,4,4771,1,254,0
635,67,4,5073,1,178,0
636,67,4,4939,1,233,0
637,67,4,5448,1,87,0
638,67,4,5497,1,77,0
639,67,4,4908,1,207,0
640,67,4,4525,1,287,0
641,68,4,5180,1,166,0
642,68,4,4030,1,511,0
643,68,4,5332,1,107,0
644,68,4,5524,1,78,0
645,68,4,5260,1,130,0
646,68,4,4527,1,350,0
647,68,4,5456,1,87,0
648,68,4,5413,1,97,0
649,68,4,5226,1,128,0
650,68,4,5025,1,213,0
651,68,4,5064,1,208,0
652,68,4,4984,1,220,0
653,68,4,5346,1,113,0
654,68,4,5232,1,127,0
655,68,4,5193,1,159,0
656,68,4,5325,1,118,0
657,68,4,3990,1,521,0
658,69,4,5098,1,163,0
659,69,4,4988,1,185,0
660,69,4,5446,1,88,0
661,69,4,4527,1,290,0
662,69,3,3227,0,371,0
663,69,4,4892,1,280,0
664,69,4,5415,1,98,0
665,69,4,5300,1,109,0
666,69,4,4971,1,217,0
667,69,4,5319,1,121,0
668,69,4,5224,1,148,0
669,69,4,5412,1,99,0
670,69,4,5473,1,84,0
671,69,4,5495,1,79,0
672,69,4,5451,1,96,0
673,69,4,5293,1,114,0
674,69,4,5212,1,137,0
675,69,4,5429,1,91,0
676,69,4,4990,1,248,0
677,69,4,5380,1,123,0
678,70,4,5068,1,186,0
679,70,4,5539,1,70,0
680,70,4,5140,1,228,0
681,70,4,5558,1,71,0
682,70,4,5022,1,208,0
683,70,4,5599,1,54,0
684,70,4,5223,1,148,0
685,70,4,5357,1,134,0
686,70,4,5270,1,138,0
687,70,4,5529,1,87,0
688,70,4,5555,1,71,0
689,70,4,5472,1,94,0
690,70,4,5169,1,156,0
691,70,4,5465,1,83,0
692,70,4,5340,1,125,0
693,70,4,5486,1,80,0
694,70,4,5030,1,226,0
695,70,4,5565,1,75,0
696,70,4,5585,1,62,0
697,70,4,5383,1,109,0
698,70,4,5493,1,80,0
699,70,4,5050,1,196,0
700,71,1,1290,0,1001,1
701,71,4,5331,1,159,0
702,71,3,3611,0,216,0
703,71,4,5467,1,92,0
704,71,4,5301,1,159,0
705,71,4,5445,1,91,0
706,71,4,5300,1,128,0
707,71,4,5404,1,121,0
708,71,4,5473,1,103,0
709,71,3,3388,0,221,0
710,71,4,5593,1,61,0
711,71,4,5621,1,49,0
712,71,4,5564,1,69,0
713,71,4,5388,1,100,0
714,71,4,5542,1,86,0
715,71,4,5305,1,135,0
716,71,0,279,0,230,0
717,71,3,3248,0,310,0
718,71,4,5506,1,83,0
719,71,4,5546,1,65,0
720,71,4,5543,1,66,0
721,71,4,5431,1,111,0
722,71,4,5242,1,200,0
723,72,4,5537,1,77,0
724,72,4,5602,1,57,0
725,72,4,5326,1,135,0
726,72,4,5445,1,96,0
727,72,4,5573,1,63,0
728,72,4,5362,1,105,0
729,72,4,5288,1,123,0
730,72,4,5478,1,81,0
731,72,4,5553,1,69,0
732,72,4,5523,1,84,0
733,72,4,5388,1,104,0
734,72,4,5363,1,145,0
735,72,4,4868,1,325,0
736,72,4,5402,1,150,0
737,72,4,5325,1,121,0
738,72,4,5593,1,54,0
739,72,4,4837,1,317,0
740,72,4,5562,1,66,0
741,72,4,5293,1,155,0
742,72,4,5368,1,108,0
743,72,4,5554,1,72,0
744,72,4,5467,1,89,0
745,72,4,5391,1,113,0
746,72,4,5404,1,104,0
747,72,4,5198,1,160,0
748,72,4,5460,1,88,0
749,72,4,5441,1,88,0
750,73,4,4867,1,236,0
751,73,4,5632,1,48,0
752,73,4,5618,1,49,0
753,73,4,5110,1,174,0
754,73,4,5229,1,242,0
755,73,4,5472,1,94,0
756,73,4,5196,1,160,0
757,73,4,5231,1,142,0
758,73,4,4741,1,305,0
759,73,4,5199,1,170,0
760,73,4,5380,1,107,0
761,73,4,5446,1,99,0
762,73,4,5446,1,102,0
763,73,4,5583,1,70,0
764,73,4,5307,1,161,0
765,73,4,5478,1,107,0
766,73,3,3423,0,206,0
767,73,4,5469,1,98,0
768,73,4,5487,1,81,0
769,73,4,5209,1,210,0
770,73,4,5463,1,96,0
771,73,4,5191,1,160,0
772,73,4,5244,1,159,0
773,74,4,5375,1,152,0
774,74,4,5241,1,165,0
775,74,4,5577,1,71,0
776,74,4,5476,1,84,0
777,74,4,5521,1,85,0
778,74,4,5396,1,104,0
779,74,4,5608,1,58,0
780,74,4,5401,1,107,0
781,74,4,5198,1,141,0
782,74,4,5511,1,76,0
783,74,4,5541,1,71,0
784,74,4,5320,1,156,0
785,74,4,5193,1,155,0
786,74,4,5084,1,184,0
787,74,4,5528,1,103,0
788,74,4,5322,1,135,0
789,74,4,5563,1,70,0
790,74,4,5498,1,94,0
791,74,4,5488,1,80,0
792,74,4,5562,1,68,0
793,74,4,5296,1,151,0
794,74,4,5564,1,69,0
795,74,4,5432,1,111,0
796,74,4,5510,1,75,0
797,74,4,4706,1,376,0
798,74,4,4872,1,256,0
799,75,4,5360,1,129,0
800,75,1,1290,0,1001,1
801,75,4,5423,1,111,0
802,75,4,5404,1,111,0
803,75,4,5170,1,171,0
804,75,4,5289,1,132,0
805,75,4,5517,1,72,0
806,75,4,5105,1,194,0
807,75,4,5407,1,102,0
808,75,4,5256,1,150,0
809,75,4,5233,1,126,0
810,75,4,5479,1,116,0
811,75,4,5336,1,125,0
812,75,4,5342,1,137,0
813,75,4,5484,1,87,0
814,75,4,5273,1,135,0
815,75,3,3557,0,192,0
816,75,4,5097,1,177,0
817,76,4,5140,1,201,0
818,76,4,5275,1,157,0
819,76,4,5454,1,93,0
820,76,4,5112,1,175,0
821,76,4,5488,1,87,0
822,76,4,5500,1,99,0
823,76,4,5365,1,115,0
824,76,4,5583,1,64,0
825,76,4,4888,1,306,0
826,76,4,5437,1,84,0
827,76,4,5288,1,134,0
828,76,4,5555,1,70,0
829,76,4,5503,1,76,0
830,76,3,3621,0,158,0
831,76,4,5311,1,121,0
832,76,4,5347,1,113,0
833,76,4,5091,1,178,0
834,76,4,5605,1,56,0
835,76,4,5568,1,63,0
836,76,4,5467,1,80,0
837,76,4,5266,1,184,0
838,76,4,5542,1,67,0
839,76,4,5464,1,84,0
840,76,4,5250,1,176,0
841,76,4,5381,1,116,0
842,76,4,5484,1,89,0
843,76,4,5056,1,173,0
844,77,4,5582,1,55,0
845,77,4,5449,1,91,0
846,77,4,5028,1,208,0
847,77,4,5155,1,158,0
848,77,4,5325,1,130,0
849,77,4,5569,1,73,0
850,77,4,5458,1,100,0
851,77,3,3294,0,246,0
852,77,4,5574,1,64,0
853,77,4,5387,1,115,0
854,77,4,5408,1,102,0
855,77,4,5329,1,169,0
856,77,4,5361,1,120,0
857,77,4,5434,1,128,0
858,77,4,5419,1,120,0
859,77,4,5400,1,114,0
860,77,4,5280,1,164,0
861,77,4,5284,1,116,0
862,77,4,5534,1,74,0
863,77,4,5308,1,123,0
864,77,4,5289,1,137,0
865,77,4,5320,1,133,0
866,77,4,5527,1,83,0
867,77,4,4937,1,230,0
868,77,3,3414,0,187,0
869,78,4,5155,1,183,0
870,78,4,5551,1,63,0
871,78,4,5490,1,86,0
872,78,4,5466,1,94,0
873,78,4,5361,1,134,0
874,78,4,5456,1,107,0
875,78,4,5386,1,110,0
876,78,4,5227,1,168,0
877,78,4,5491,1,84,0
878,78,4,5465,1,97,0
879,78,4,5484,1,120,0
880,78,4,5406,1,120,0
881,78,4,5496,1,93,0
882,78,4,5381,1,104,0
883,78,4,5573,1,61,0
884,78,4,5388,1,157,0
885,78,4,5469,1,107,0
886,78,4,5493,1,84,0
887,78,4,5104,1,204,0
888,78,4,5583,1,64,0
889,78,4,5284,1,135,0
890,78,4,4759,1,314,0
891,78,4,5541,1,88,0
892,78,4,5381,1,110,0
893,78,4,5554,1,85,0
894,78,4,4915,1,228,0
895,79,4,5505,1,100,0
896,79,4,5437,1,136,0
897,79,4,5289,1,129,0
898,79,4,5549,1,87,0
899,79,4,5560,1,63,0
900,79,1,1290,0,1001,1
901,79,4,4209,1,469,0
902,79,4,5460,1,89,0
903,79,4,5562,1,72,0
904,79,3,3446,0,267,0
905,79,4,5109,1,239,0
906,79,4,5519,1,93,0
907,79,1,1210,0,407,0
908,79,4,5506,1,89,0
909,80,4,5509,1,94,0
910,80,4,5555,1,73,0
911,80,3,3398,0,214,0
912,80,4,5399,1,112,0
913,80,4,4941,1,260,0
914,80,4,5275,1,136,0
915,80,3,3586,0,266,0
916,80,4,5392,1,133,0
917,80,4,5096,1,185,0
918,80,4,5388,1,110,0
919,80,4,5580,1,62,0
920,80,4,5004,1,221,0
921,80,4,5431,1,106,0
922,80,4,5534,1,76,0
923,80,4,5379,1,148,0
924,80,4,5431,1,132,0
925,80,3,3442,0,198,0
926,80,4,5315,1,162,0
927,80,4,5616,1,52,0
928,80,4,4905,1,252,0
929,80,4,5428,1,96,0
930,81,4,5210,1,164,0
931,81,4,5148,1,154,0
932,81,4,5032,1,297,0
933,81,4,5174,1,166,0
934,81,2,2545,0,272,0
935,81,4,5583,1,65,0
936,81,4,5358,1,118,0
937,81,4,5424,1,118,0
938,81,4,5442,1,102,0
939,81,4,4965,1,221,0
940,81,4,5431,1,116,0
941,81,3,3542,0,315,0
942,81,4,5586,1,60,0
943,81,4,5345,1,175,0
944,81,4,5418,1,123,0
945,81,3,3352,0,181,0
946,81,4,5452,1,128,0
947,81,4,4920,1,268,0
948,81,2,2203,0,308,0
949,82,3,3555,0,387,0
950,82,4,5492,1,96,0
951,82,4,5343,1,169,0
952,82,4,5488,1,83,0
953,82,4,5573,1,61,0
954,82,4,5099,1,244,0
955,82,4,5386,1,134,0
956,82,4,5398,1,117,0
957,82,4,5495,1,88,0
958,82,4,5383,1,114,0
959,82,4,5407,1,113,0
960,82,4,5285,1,145,0
961,82,4,5188,1,173,0
962,82,4,5480,1,91,0
963,82,4,5549,1,74,0
964,82,3,3525,0,184,0
965,82,4,5468,1,114,0
966,82,4,5493,1,78,0
967,82,4,5565,1,59,0
968,82,4,5373,1,105,0
969,82,4,5278,1,116,0
970,82,4,5135,1,175,0
971,82,4,5495,1,82,0
972,82,4,5527,1,82,0
973,83,4,5019,1,211,0
974,83,4,4835,1,292,0
975,83,4,5439,1,96,0
976,83,4,5284,1,141,0
977,83,4,5337,1,119,0
978,83,4,5178,1,175,0
979,83,4,5352,1,113,0
980,83,4,5517,1,89,0
981,83,4,5487,1,87,0
982,83,4,5128,1,187,0
983,83,4,5383,1,103,0
984,83,4,5072,1,183,0
985,83,4,5565,1,71,0
986,83,4,5514,1,84,0
987,83,4,5242,1,174,0
988,83,4,5404,1,127,0
989,83,4,5308,1,156,0
990,83,3,3336,0,317,0
991,83,4,5555,1,76,0
992,83,4,5012,1,220,0
993,83,4,5341,1,114,0
994,83,4,5357,1,120,0
995,83,4,5142,1,183,0
996,84,4,5231,1,148,0
997,84,4,5457,1,102,0
998,84,4,5243,1,150,0
999,84,4,5420,1,130,0
1000,84,1,1290,0,1001,1
1001,84,4,5513,1,94,0
1002,84,2,2456,0,232,0
1003,84,4,5456,1,136,0
1004,84,3,3408,0,198,0
1005,84,4,5428,1,94,0
1006,84,4,5453,1,85,0
1007,84,4,5105,1,150,0
1008,84,4,5563,1,61,0
1009,84,4,5546,1,64,0
1010,84,4,5624,1,51,0
1011,84,4,5615,1,47,0
1012,84,3,3388,0,199,0
1013,84,4,5451,1,101,0
1014,84,4,5255,1,172,0
1015,85,4,5158,1,225,0
1016,85,4,5227,1,192,0
1017,85,4,5362,1,130,0
1018,85,3,3346,0,215,0
1019,85,4,5398,1,134,0
1020,85,4,4918,1,270,0
1021,85,4,5194,1,157,0
1022,85,4,5572,1,62,0
1023,85,3,3329,0,249,0
1024,85,3,3538,0,170,0
1025,85,4,5431,1,137,0
1026,85,4,5517,1,81,0
1027,85,4,5474,1,92,0
1028,85,4,5435,1,94,0
1029,85,4,5524,1,73,0
1030,85,4,5570,1,60,0
1031,85,4,5141,1,169,0
1032,85,4,5516,1,72,0
1033,85,4,5431,1,120,0
1034,85,4,5628,1,46,0
1035,85,4,5577,1,57,0
1036,85,4,5516,1,83,0
1037,85,4,5625,1,46,0
1038,85,4,5115,1,173,0
1039,85,4,5580,1,55,0
1040,85,4,5440,1,103,0
1041,85,4,5601,1,52,0
1042,86,4,5165,1,164,0
1043,86,4,5198,1,147,0
1044,86,4,5456,1,84,0
1045,86,4,5590,1,53,0
1046,86,4,5451,1,90,0
1047,86,4,5499,1,78,0
1048,86,4,5377,1,105,0
1049,86,2,2545,0,282,0
1050,86,2,2225,0,165,0
1051,86,4,5133,1,165,0
1052,86,4,5568,1,60,0
1053,86,4,5584,1,64,0
1054,86,4,5575,1,61,0
1055,86,4,5508,1,73,0
1056,86,4,5566,1,69,0
1057,86,4,5175,1,155,0
1058,86,4,5599,1,54,0
1059,86,4,5111,1,173,0
1060,86,4,5405,1,98,0
1061,86,4,5382,1,113,0
1062,86,3,3166,0,194,0
1063,86,4,5472,1,82,0
1064,86,4,5367,1,148,0
1065,86,4,5276,1,139,0
1066,86,4,5528,1,70,0
1067,86,4,5464,1,84,0
1068,86,4,5480,1,79,0
1069,86,4,5588,1,54,0
1070,86,4,5189,1,150,0
1071,87,4,4971,1,218,0
1072,87,4,5027,1,196,0
1073,87,4,5048,1,251,0
1074,87,4,5400,1,125,0
1075,87,4,5468,1,85,0
1076,87,4,5325,1,119,0
1077,87,4,5488,1,79,0
1078,87,4,5492,1,91,0
1079,87,4,5640,1,42,0
1080,87,4,5224,1,151,0
1081,87,4,5398,1,136,0
1082,87,4,5550,1,60,0
1083,87,4,5360,1,111,0
1084,87,4,5215,1,127,0
1085,87,4,5250,1,132,0
1086,87,4,5510,1,73,0
1087,87,4,5019,1,196,0
1088,87,4,5455,1,86,0
1089,87,4,5537,1,74,0
1090,87,4,5617,1,49,0
1091,87,4,5096,1,191,0
1092,87,4,5371,1,136,0
1093,87,4,5556,1,64,0
1094,87,4,5067,1,183,0
1095,87,4,5563,1,64,0
1096,87,4,5515,1,72,0
1097,88,1,1192,0,258,0
1098,88,4,5456,1,90,0
1099,88,4,5195,1,182,0
1100,88,1,1290,0,1001,1
1101,88,4,5121,1,254,0
1102,88,4,5458,1,115,0
1103,88,4,5440,1,89,0
1104,88,4,5378,1,100,0
1105,88,4,5273,1,147,0
1106,88,4,5449,1,85,0
1107,88,4,5076,1,225,0
1108,88,4,5380,1,104,0
1109,88,4,5363,1,124,0
1110,88,4,5541,1,66,0
1111,88,4,5401,1,99,0
1112,88,4,5453,1,80,0
1113,88,4,5557,1,75,0
1114,88,4,5534,1,70,0
1115,88,4,5464,1,104,0
1116,88,4,5522,1,76,0
1117,89,4,5106,1,178,0
1118,89,4,5420,1,96,0
1119,89,4,5347,1,164,0
1120,89,4,5615,1,48,0
1121,89,4,5407,1,96,0
1122,89,4,5474,1,93,0
1123,89,4,5589,1,57,0
1124,89,4,5370,1,119,0
1125,89,4,5397,1,167,0
1126,89,4,5477,1,81,0
1127,89,4,5541,1,73,0
1128,89,4,5526,1,69,0
1129,89,4,5261,1,168,0
1130,89,4,5249,1,144,0
1131,89,4,5524,1,84,0
1132,89,4,5292,1,127,0
1133,89,4,5155,1,146,0
1134,89,4,5431,1,92,0
1135,89,4,5479,1,82,0
1136,89,4,5429,1,86,0
1137,89,4,5591,1,53,0
1138,89,2,2510,0,382,0
1139,89,4,5646,1,43,0
1140,89,4,5461,1,99,0
1141,89,4,5150,1,167,0
1142,89,4,5563,1,67,0
1143,89,4,5169,1,158,0
1144,89,4,5582,1,59,0
1145,90,4,5151,1,161,0
1146,90,4,5499,1,75,0
1147,90,4,5614,1,50,0
1148,90,4,5578,1,56,0
1149,90,4,5329,1,117,0
1150,90,4,5251,1,139,0
1151,90,4,5401,1,103,0
1152,90,4,5353,1,126,0
1153,90,4,5513,1,72,0
1154,90,4,5210,1,275,0
1155,90,4,5459,1,122,0
1156,90,4,5287,1,149,0
1157,90,4,5606,1,50,0
1158,90,4,5596,1,53,0
1159,90,4,4672,1,293,0
1160,90,4,5405,1,113,0
1161,90,4,5119,1,174,0
1162,90,4,5303,1,123,0
1163,90,4,5366,1,117,0
1164,90,4,5220,1,143,0
1165,90,4,5157,1,162,0
1166,90,4,5209,1,176,0
1167,90,4,5361,1,117,0
1168,90,4,5520,1,100,0
1169,90,4,5582,1,66,0
1170,90,4,5587,1,57,0
1171,90,4,5504,1,86,0
1172,91,4,5467,1,83,0
1173,91,4,4754,1,258,0
1174,91,4,5410,1,110,0
1175,91,4,5163,1,245,0
1176,91,4,5610,1,51,0
1177,91,4,5484,1,103,0
1178,91,4,5589,1,64,0
1179,91,4,5614,1,53,0
1180,91,4,5369,1,116,0
1181,91,4,5525,1,70,0
1182,91,4,5597,1,58,0
1183,91,4,4718,1,292,0
1184,91,4,5604,1,51,0
1185,91,4,5480,1,80,0
1186,91,4,5553,1,61,0
1187,91,4,5491,1,87,0
1188,91,4,5321,1,119,0
1189,91,4,5448,1,124,0
1190,91,4,5616,1,49,0
1191,91,4,5340,1,122,0
1192,91,4,5084,1,178,0
1193,91,4,5587,1,56,0
1194,91,4,5521,1,73,0
1195,91,4,5339,1,118,0
1196,91,4,5580,1,64,0
1197,91,4,5577,1,55,0
1198,91,4,5068,1,236,0
1199,91,4,5564,1,61,0
1200,92,1,1290,0,1001,1
1201,92,4,5334,1,117,0
1202,92,4,5600,1,56,0
1203,92,4,5302,1,124,0
1204,92,4,5447,1,90,0
1205,92,4,5615,1,47,0
1206,92,4,5408,1,100,0
1207,92,4,5526,1,70,0
1208,92,4,5198,1,152,0
1209,92,4,5372,1,107,0
1210,92,4,5319,1,125,0
1211,92,3,3083,0,273,0
1212,92,4,5572,1,59,0
1213,92,4,5257,1,135,0
1214,92,4,5316,1,121,0
1215,92,4,5577,1,55,0
1216,92,4,4885,1,232,0
1217,92,4,5543,1,74,0
1218,92,4,5341,1,190,0
1219,92,4,5552,1,64,0
1220,92,4,5608,1,50,0
1221,92,4,5479,1,77,0
1222,92,4,5563,1,58,0
1223,92,4,5562,1,62,0
1224,93,4,5305,1,118,0
1225,93,4,5514,1,70,0
1226,93,4,5451,1,87,0
1227,93,4,5019,1,199,0
1228,93,4,5490,1,77,0
1229,93,4,5365,1,127,0
1230,93,4,5118,1,174,0
1231,93,4,5346,1,117,0
1232,93,4,4852,1,228,0
1233,93,4,5310,1,120,0
1234,93,2,2359,0,384,0
1235,93,4,5488,1,77,0
1236,93,4,4875,1,241,0
1237,93,4,5126,1,174,0
1238,93,4,5559,1,62,0
1239,93,4,5511,1,76,0
1240,93,4,5272,1,156,0
1241,93,4,5192,1,200,0
1242,93,4,5411,1,124,0
1243,93,4,5280,1,169,0
1244,94,4,4854,1,404,0
1245,94,4,5571,1,61,0
1246,94,4,4942,1,309,0
1247,94,4,5336,1,171,0
1248,94,4,5444,1,108,0
1249,94,4,5554,1,69,0
1250,94,4,4863,1,247,0
1251,94,4,4359,1,399,0
1252,94,4,5258,1,189,0
1253,94,4,5102,1,153,0
1254,94,4,4888,1,340,0
1255,94,4,5517,1,76,0
1256,94,4,5604,1,51,0
1257,94,4,5490,1,106,0
1258,94,4,5489,1,89,0
1259,94,4,5467,1,94,0
1260,94,4,4778,1,340,0
1261,94,4,5252,1,167,0
1262,94,4,5383,1,148,0
1263,95,4,5484,1,80,0
1264,95,4,5360,1,127,0
1265,95,4,4919,1,303,0
1266,95,4,5532,1,79,0
1267,95,4,5461,1,94,0
1268,95,4,5601,1,65,0
1269,95,4,5028,1,196,0
1270,95,4,5361,1,153,0
1271,95,4,5451,1,133,0
1272,95,4,5533,1,81,0
1273,95,4,5100,1,226,0
1274,95,4,5611,1,58,0
1275,95,4,5526,1,70,0
1276,95,4,5602,1,52,0
1277,95,4,5440,1,100,0
1278,95,4,5517,1,80,0
1279,95,4,4975,1,245,0
1280,95,4,5233,1,203,0
1281,95,4,5329,1,155,0
1282,95,4,5428,1,106,0
1283,95,4,5038,1,274,0
1284,95,4,5294,1,149,0
1285,95,4,5490,1,90,0
1286,96,4,5179,1,184,0
1287,96,4,5383,1,150,0
1288,96,4,5288,1,132,0
1289,96,4,5608,1,62,0
1290,96,4,5625,1,49,0
1291,96,4,4540,1,418,0
1292,96,4,5078,1,179,0
1293,96,4,5455,1,105,0
1294,96,4,5451,1,105,0
1295,96,4,5498,1,79,0
1296,96,4,5394,1,99,0
1297,96,4,5607,1,56,0
1298,96,4,5198,1,166,0
1299,96,4,5486,1,77,0
1300,96,1,1290,0,1001,1
1301,96,4,5242,1,256,0
1302,96,4,5175,1,175,0
1303,96,4,5382,1,125,0
1304,97,4,5129,1,193,0
1305,97,4,5269,1,181,0
1306,97,4,5148,1,168,0
1307,97,4,5636,1,44,0
1308,97,4,5433,1,119,0
1309,97,4,5202,1,236,0
1310,97,4,5625,1,48,0
1311,97,4,5324,1,160,0
1312,97,4,5512,1,72,0
1313,97,4,5159,1,159,0
1314,97,0,99,0,143,0
1315,97,4,4707,1,287,0
1316,97,4,5355,1,111,0
1317,97,4,5408,1,133,0
1318,97,4,5256,1,135,0
1319,97,4,5216,1,146,0
1320,97,4,5473,1,102,0
1321,97,4,5562,1,63,0
1322,97,4,5587,1,53,0
1323,97,4,5564,1,65,0
1324,97,4,5440,1,100,0
1325,97,4,5594,1,51,0
1326,97,4,4960,1,212,0
1327,97,4,5526,1,70,0
1328,97,4,5172,1,158,0
1329,98,4,5568,1,61,0
1330,98,4,4947,1,192,0
1331,98,4,5096,1,177,0
1332,98,4,5064,1,205,0
1333,98,4,5435,1,109,0
1334,98,4,5480,1,79,0
1335,98,4,5563,1,62,0
1336,98,4,5531,1,78,0
1337,98,4,4751,1,284,0
1338,98,4,5567,1,61,0
1339,98,4,4694,1,290,0
1340,98,4,5422,1,96,0
1341,98,4,5478,1,80,0
1342,98,4,5492,1,97,0
1343,98,4,5401,1,116,0
1344,98,4,5559,1,63,0
1345,98,4,5450,1,94,0
1346,98,4,5295,1,123,0
1347,98,4,5622,1,49,0
1348,98,4,5615,1,48,0
1349,98,4,5540,1,68,0
1350,98,4,5542,1,66,0
1351,98,4,5628,1,45,0
1352,98,4,5598,1,53,0
1353,98,4,5353,1,113,0
1354,98,4,5257,1,165,0
1355,98,4,5229,1,141,0
1356,98,4,5492,1,113,0
1357,98,4,5282,1,133,0
1358,99,4,5638,1,44,0
1359,99,4,5499,1,81,0
1360,99,4,5593,1,57,0
1361,99,4,5462,1,93,0
1362,99,4,5550,1,61,0
1363,99,4,5637,1,44,0
1364,99,4,5331,1,114,0
1365,99,4,5489,1,77,0
1366,99,4,5630,1,47,0
1367,99,4,5538,1,79,0
1368,99,4,5595,1,54,0
1369,99,4,5426,1,93,0
1370,99,4,5531,1,68,0
1371,99,4,5599,1,50,0
1372,99,4,5412,1,122,0
1373,99,4,4918,1,225,0
1374,99,4,5440,1,88,0
1375,99,4,5042,1,183,0
1376,99,4,5377,1,104,0
1377,99,4,5501,1,76,0
1378,99,4,5348,1,136,0
1379,99,4,5443,1,106,0
1380,99,4,5312,1,123,0
1381,99,4,5463,1,86,0
1382,99,4,4836,1,287,0
1383,99,4,5220,1,163,0
1384,99,4,5388,1,121,0
1385,99,4,5399,1,101,0
1386,99,4,5541,1,67,0
1387,99,4,5164,1,158,0
1388,99,4,5520,1,74,0
1389,99,4,5544,1,66,0
1390,100,4,5134,1,171,0
1391,100,1,1182,0,255,0
1392,100,4,5470,1,111,0
1393,100,4,5404,1,108,0
1394,100,4,5484,1,102,0
1395,100,4,5589,1,54,0
1396,100,4,5143,1,194,0
1397,100,4,5416,1,97,0
1398,100,4,5513,1,73,0
1399,100,4,5128,1,160,0
1400,100,1,1290,0,1001,1
1401,100,4,5190,1,145,0
1402,100,4,5358,1,175,0
1403,100,4,5585,1,54,0
1404,100,4,5286,1,137,0
1405,100,4,5386,1,109,0
1406,100,4,5219,1,152,0
1407,100,4,5584,1,58,0
1408,101,4,5241,1,155,0
1409,101,4,5512,1,74,0
1410,101,4,5593,1,57,0
1411,101,4,5584,1,62,0
1412,101,4,5267,1,132,0
1413,101,4,5279,1,140,0
1414,101,0,284,0,260,0
1415,101,4,5554,1,69,0
1416,101,4,5503,1,78,0
1417,101,4,5569,1,58,0
1418,101,4,5608,1,56,0
1419,101,4,5299,1,125,0
1420,101,4,5443,1,125,0
1421,101,4,5373,1,107,0
1422,101,4,5227,1,142,0
1423,101,4,5351,1,111,0
1424,101,4,4732,1,271,0
1425,101,4,5563,1,62,0
1426,101,4,5630,1,49,0
1427,101,4,5405,1,106,0
1428,101,4,5451,1,89,0
1429,101,4,5029,1,205,0
1430,101,4,5512,1,72,0
1431,101,4,5513,1,109,0
1432,101,4,5549,1,79,0
1433,101,4,5651,1,40,0
1434,101,4,5539,1,88,0
1435,101,4,5155,1,221,0
1436,101,4,5518,1,70,0
1437,102,3,3514,0,338,0
1438,102,4,5398,1,113,0
1439,102,4,5393,1,123,0
1440,102,4,5364,1,183,0
1441,102,4,5202,1,149,0
1442,102,4,5353,1,114,0
1443,102,4,5579,1,66,0
1444,102,4,5448,1,99,0
1445,102,4,5605,1,50,0
1446,102,4,5627,1,49,0
1447,102,4,5309,1,135,0
1448,102,2,2512,0,176,0
1449,102,4,5520,1,70,0
1450,102,4,4991,1,207,0
1451,102,4,5624,1,48,0
1452,102,4,5044,1,170,0
1453,102,4,5551,1,64,0
1454,102,4,5318,1,145,0
1455,102,4,5597,1,53,0
1456,102,4,5491,1,84,0
1457,102,4,5575,1,57,0
1458,102,4,5162,1,175,0
1459,102,4,5244,1,150,0
1460,102,4,5604,1,51,0
1461,102,4,5577,1,75,0
1462,102,4,4600,1,310,0
1463,102,4,5601,1,54,0
1464,103,4,5369,1,109,0
1465,103,4,5199,1,161,0
1466,103,1,1140,0,513,0
1467,103,4,5579,1,57,0
1468,103,4,5346,1,116,0
1469,103,4,5557,1,62,0
1470,103,4,5468,1,95,0
1471,103,4,5587,1,53,0
1472,103,4,5570,1,59,0
1473,103,4,5595,1,57,0
1474,103,4,5466,1,82,0
1475,103,4,5582,1,56,0
1476,103,4,5359,1,135,0
1477,103,4,5637,1,43,0
1478,103,4,5179,1,163,0
1479,103,4,5564,1,88,0
1480,103,4,5526,1,68,0
1481,103,4,5542,1,77,0
1482,103,4,5433,1,113,0
1483,103,4,5523,1,71,0
1484,103,4,5397,1,97,0
1485,103,4,5427,1,92,0
1486,103,4,5147,1,188,0
1487,103,4,5200,1,152,0
1488,103,4,5528,1,70,0
1489,103,4,5588,1,54,0
1490,103,4,5578,1,55,0
1491,103,4,5309,1,125,0
1492,103,4,5237,1,134,0
1493,103,4,5343,1,144,0
1494,104,4,5134,1,224,0
1495,104,4,5298,1,123,0
1496,104,4,5528,1,70,0
1497,104,4,5569,1,61,0
1498,104,4,5449,1,126,0
1499,104,4,5251,1,144,0
1500,104,1,1290,0,1001,1
1501,104,4,5607,1,51,0
1502,104,4,5331,1,115,0
1503,104,4,5502,1,80,0
1504,104,4,5551,1,64,0
1505,104,4,5230,1,166,0
1506,104,4,5546,1,75,0
1507,104,4,5543,1,65,0
1508,104,4,5425,1,103,0
1509,104,4,5071,1,158,0
1510,104,4,5568,1,63,0
1511,104,4,5614,1,48,0
1512,104,4,5347,1,122,0
1513,104,4,5419,1,122,0
1514,104,3,3450,0,223,0
1515,105,4,5088,1,228,0
1516,105,4,5483,1,79,0
1517,105,4,5046,1,187,0
1518,105,4,5187,1,132,0
1519,105,4,5346,1,125,0
1520,105,4,5577,1,69,0
1521,105,4,5566,1,62,0
1522,105,4,5391,1,101,0
1523,105,4,4688,1,293,0
1524,105,4,5244,1,163,0
1525,105,4,5572,1,60,0
1526,105,4,5251,1,171,0
1527,105,4,5479,1,82,0
1528,105,0,99,0,161,0
1529,105,4,5505,1,81,0
1530,105,4,5584,1,57,0
1531,105,4,5301,1,124,0
1532,105,4,5624,1,48,0
1533,105,4,5612,1,48,0
1534,105,4,5561,1,63,0
1535,105,4,5382,1,129,0
1536,105,4,5316,1,120,0
1537,105,4,5573,1,59,0
1538,105,4,5444,1,96,0
1539,105,4,5541,1,84,0
1540,105,4,5373,1,112,0
1541,105,4,5312,1,145,0
1542,105,4,5623,1,49,0
1543,106,1,1187,0,234,0
1544,106,4,5615,1,48,0
1545,106,4,5560,1,64,0
1546,106,1,1184,0,477,0
1547,106,4,5387,1,103,0
1548,106,4,5187,1,151,0
1549,106,4,5443,1,92,0
1550,106,4,5579,1,59,0
1551,106,4,5155,1,199,0
1552,106,1,1374,0,226,0
1553,106,4,5552,1,64,0
1554,106,4,5523,1,68,0
1555,106,4,4786,1,262,0
1556,106,4,5611,1,50,0
1557,106,4,5372,1,107,0
1558,106,4,5522,1,73,0
1559,106,4,5500,1,76,0
1560,106,4,5663,1,37,0
1561,106,4,5451,1,94,0
1562,106,4,5180,1,154,0
1563,106,4,5354,1,125,0
1564,106,4,5554,1,75,0
1565,106,4,5324,1,118,0
1566,106,4,5269,1,136,0
1567,106,4,5580,1,55,0
1568,106,4,5530,1,74,0
1569,106,4,5231,1,193,0
1570,107,4,5454,1,89,0
1571,107,4,5260,1,138,0
1572,107,4,5315,1,109,0
1573,107,4,5403,1,90,0
1574,107,4,5354,1,98,0
1575,107,4,5349,1,119,0
1576,107,4,5031,1,193,0
1577,107,1,1183,0,442,0
1578,107,4,5404,1,101,0
1579,107,4,5485,1,76,0
1580,107,4,5541,1,63,0
1581,107,4,5453,1,83,0
1582,107,4,5102,1,157,0
1583,107,4,5464,1,80,0
1584,107,4,5213,1,131,0
1585,107,4,5431,1,90,0
1586,107,4,5619,1,47,0
1587,107,4,5540,1,62,0
1588,107,4,5354,1,107,0
1589,107,4,5503,1,72,0
1590,107,4,5235,1,138,0
1591,107,4,5300,1,133,0
1592,107,4,5526,1,66,0
1593,107,4,4875,1,227,0
1594,107,4,5249,1,134,0
1595,107,4,5342,1,110,0
1596,108,4,5385,1,105,0
1597,108,4,5325,1,121,0
1598,108,4,5404,1,97,0
1599,108,4,5317,1,113,0
1600,108,0,0,0,102,1
1601,108,4,5032,1,205,0
1602,108,4,5262,1,125,0
1603,108,4,5482,1,84,0
1604,108,4,5432,1,91,0
1605,108,4,5142,1,147,0
1606,108,4,5232,1,127,0
1607,108,4,5398,1,96,0
1608,108,4,5436,1,84,0
1609,108,4,5430,1,90,0
1610,108,4,5336,1,110,0
1611,108,4,5209,1,156,0
1612,108,4,5474,1,82,0
1613,108,4,5466,1,81,0
1614,108,4,5458,1,80,0
1615,108,4,5475,1,83,0
1616,108,4,5339,1,111,0
1617,108,4,5474,1,77,0
1618,108,1,1104,0,526,0
1619,108,4,4876,1,209,0
1620,108,4,5204,1,132,0
1621,108,4,5405,1,90,0
1622,109,4,5579,1,56,0
1623,109,4,5561,1,65,0
1624,109,4,5556,1,60,0
1625,109,4,5389,1,105,0
1626,109,4,5203,1,171,0
1627,109,4,5332,1,101,0
1628,109,4,5262,1,120,0
1629,109,4,5499,1,77,0
1630,109,4,4978,1,178,0
1631,109,4,5426,1,91,0
1632,109,4,5500,1,77,0
1633,109,4,5497,1,77,0
1634,109,4,5142,1,153,0
1635,109,4,5326,1,110,0
1636,109,4,5257,1,124,0
1637,109,4,5380,1,98,0
1638,109,2,1697,0,642,0
1639,109,4,5422,1,98,0
1640,109,4,5246,1,125,0
1641,109,4,5214,1,160,0
1642,109,4,5062,1,159,0
1643,109,4,5385,1,95,0
1644,109,4,5175,1,142,0
1645,109,4,5249,1,136,0
1646,110,4,5208,1,151,0
1647,110,4,5354,1,104,0
1648,110,4,5123,1,168,0
1649,110,4,5153,1,203,0
1650,110,4,5214,1,147,0
1651,110,4,5345,1,110,0
1652,110,4,5532,1,67,0
1653,110,4,5238,1,128,0
1654,110,4,4995,1,181,0
1655,110,4,4885,1,216,0
1656,110,4,5088,1,195,0
1657,110,4,5256,1,147,0
1658,110,4,5245,1,138,0
1659,110,4,5223,1,132,0
1660,110,4,5319,1,114,0
1661,110,4,5125,1,173,0
1662,110,4,5303,1,134,0
1663,110,4,5382,1,95,0
1664,110,4,5618,1,54,0
1665,110,4,5409,1,87,0
1666,110,4,5295,1,138,0
1667,110,4,4976,1,186,0
1668,110,4,5398,1,91,0
1669,110,4,5569,1,57,0
1670,111,4,5159,1,142,0
1671,111,4,5187,1,142,0
1672,111,4,5402,1,107,0
1673,111,4,5060,1,167,0
1674,111,4,5502,1,78,0
1675,111,4,5133,1,163,0
1676,111,4,5414,1,87,0
1677,111,4,5142,1,158,0
1678,111,4,5572,1,59,0
1679,111,4,5167,1,148,0
1680,111,4,5208,1,146,0
1681,111,4,5439,1,83,0
1682,111,2,2275,0,179,0
1683,111,4,5469,1,77,0
1684,111,4,5294,1,110,0
1685,111,4,5514,1,83,0
1686,111,4,5451,1,85,0
1687,111,4,5516,1,74,0
1688,111,4,5392,1,91,0
1689,111,4,4979,1,183,0
1690,111,4,5291,1,107,0
1691,111,4,5424,1,89,0
1692,111,4,5302,1,159,0
1693,111,4,5293,1,137,0
1694,111,4,5606,1,50,0
1695,111,4,5413,1,112,0
1696,111,1,1236,0,227,0
1697,112,4,5085,1,178,0
1698,112,4,5585,1,54,0
1699,112,4,5435,1,88,0
1700,112,0,0,0,102,1
1701,112,4,4463,1,340,0
1702,112,4,5344,1,113,0
1703,112,4,5572,1,58,0
1704,112,4,5224,1,179,0
1705,112,4,5261,1,137,0
1706,112,4,5536,1,71,0
1707,112,4,5575,1,56,0
1708,112,1,1122,0,211,0
1709,112,4,4935,1,228,0
1710,112,4,5438,1,80,0
1711,112,4,5181,1,139,0
1712,112,4,5232,1,132,0
1713,112,4,5262,1,139,0
1714,112,4,5322,1,115,0
1715,112,4,5145,1,167,0
1716,112,4,5353,1,104,0
1717,112,4,5584,1,52,0
1718,112,4,5514,1,70,0
1719,112,4,5432,1,85,0
1720,112,4,5382,1,100,0
1721,112,4,5010,1,167,0
1722,112,4,5419,1,95,0
1723,113,4,4474,1,332,0
1724,113,4,5192,1,195,0
1725,113,4,5380,1,103,0
1726,113,2,2325,0,172,0
1727,113,4,5276,1,137,0
1728,113,4,5304,1,114,0
1729,113,4,5209,1,182,0
1730,113,4,5473,1,83,0
1731,113,4,5351,1,125,0
1732,113,0,0,0,124,0
1733,113,4,5423,1,119,0
1734,113,4,5263,1,117,0
1735,113,4,5361,1,101,0
1736,113,4,5404,1,97,0
1737,113,4,5419,1,92,0
1738,113,4,4963,1,201,0
1739,113,3,3136,0,342,0
1740,113,2,2050,0,431,0
1741,113,4,5554,1,62,0
1742,113,4,5372,1,106,0
1743,114,4,5285,1,157,0
1744,114,4,5462,1,77,0
1745,114,4,5205,1,144,0
1746,114,4,4978,1,269,0
1747,114,4,5412,1,95,0
1748,114,1,1106,0,218,0
1749,114,2,2103,0,205,0
1750,114,4,5608,1,52,0
1751,114,4,5059,1,185,0
1752,114,3,3024,0,328,0
1753,114,4,5346,1,150,0
1754,114,4,5374,1,104,0
1755,114,4,5423,1,92,0
1756,114,4,4926,1,198,0
1757,114,4,5344,1,120,0
1758,114,4,5268,1,128,0
1759,114,3,3484,0,326,0
1760,114,4,5442,1,101,0
1761,114,4,5449,1,83,0
1762,114,4,5148,1,158,0
1763,114,4,5529,1,64,0
1764,114,4,5388,1,91,0
1765,115,4,5617,1,54,0
1766,115,4,5432,1,89,0
1767,115,4,5387,1,98,0
1768,115,4,5376,1,93,0
1769,115,4,5126,1,154,0
1770,115,4,5519,1,66,0
1771,115,4,5551,1,62,0
1772,115,4,5258,1,129,0
1773,115,4,5444,1,93,0
1774,115,0,97,0,246,0
1775,115,4,5195,1,126,0
1776,115,4,4782,1,256,0
1777,115,4,4895,1,244,0
1778,115,4,5455,1,87,0
1779,115,4,5403,1,88,0
1780,115,4,4769,1,231,0
1781,115,4,5150,1,152,0
1782,115,4,5444,1,85,0
1783,115,3,3241,0,208,0
1784,115,4,5310,1,109,0
1785,115,4,4913,1,220,0
1786,115,4,5376,1,104,0
1787,115,4,5300,1,110,0
1788,115,4,5080,1,165,0
1789,116,4,5004,1,202,0
1790,116,4,4869,1,245,0
1791,116,4,5079,1,162,0
1792,116,4,5518,1,70,0
1793,116,4,5615,1,49,0
1794,116,4,5186,1,128,0
1795,116,4,5345,1,102,0
1796,116,4,5411,1,90,0
1797,116,4,5039,1,186,0
1798,116,4,5431,1,99,0
1799,116,4,5076,1,159,0
1800,116,0,0,0,102,1
1801,116,4,5301,1,131,0
1802,116,4,5424,1,94,0
1803,116,4,5237,1,133,0
1804,116,4,5257,1,121,0
1805,116,4,5000,1,195,0
1806,116,4,5510,1,83,0
1807,116,4,5345,1,119,0
1808,116,4,5134,1,191,0
1809,116,4,5359,1,106,0
1810,116,4,4497,1,283,0
1811,116,4,5245,1,130,0
1812,117,4,5080,1,167,0
1813,117,4,4999,1,200,0
1814,117,4,5138,1,164,0
1815,117,4,5453,1,87,0
1816,117,4,5191,1,134,0
1817,117,4,5438,1,95,0
1818,117,4,5407,1,94,0
1819,117,4,5341,1,120,0
1820,117,4,5289,1,142,0
1821,117,4,5198,1,219,0
1822,117,4,5385,1,102,0
1823,117,4,5375,1,96,0
1824,117,4,5495,1,100,0
1825,117,4,5434,1,92,0
1826,117,4,5478,1,78,0
1827,117,4,5243,1,121,0
1828,117,2,2260,0,170,0
1829,117,4,5143,1,150,0
1830,117,4,5536,1,65,0
1831,117,4,5039,1,230,0
1832,117,4,5311,1,141,0
1833,117,4,5523,1,80,0
1834,117,4,5609,1,52,0
1835,117,4,5393,1,91,0
1836,117,4,5390,1,121,0
1837,117,4,5416,1,88,0
1838,117,4,5375,1,98,0
1839,118,4,5169,1,156,0
1840,118,2,2224,0,391,0
1841,118,4,5305,1,148,0
1842,118,4,5044,1,181,0
1843,118,4,5378,1,96,0
1844,118,4,5072,1,159,0
1845,118,4,5146,1,151,0
1846,118,4,5295,1,160,0
1847,118,4,5340,1,116,0
1848,118,4,4683,1,252,0
1849,118,4,5291,1,120,0
1850,118,4,4979,1,226,0
1851,118,4,5258,1,127,0
1852,118,0,94,0,222,0
1853,118,4,5512,1,71,0
1854,118,4,5448,1,87,0
1855,118,0,97,0,166,0
1856,118,4,5512,1,72,0
1857,118,4,5217,1,131,0
1858,118,4,5253,1,123,0
1859,119,4,4678,1,237,0
1860,119,4,5181,1,134,0
1861,119,4,5149,1,151,0
1862,119,4,5353,1,105,0
1863,119,4,5032,1,181,0
1864,119,4,5417,1,89,0
1865,119,4,5329,1,111,0
1866,119,4,5224,1,130,0
1867,119,4,5499,1,73,0
1868,119,4,4962,1,187,0
1869,119,4,5346,1,156,0
1870,119,0,0,0,235,0
1871,119,4,5281,1,214,0
1872,119,4,5060,1,174,0
1873,119,4,4800,1,246,0
1874,119,4,5354,1,122,0
1875,119,4,5369,1,95,0
1876,119,4,5490,1,81,0
1877,119,4,5441,1,90,0
1878,119,0,187,0,209,0
1879,119,1,1156,0,144,0
1880,119,4,5540,1,65,0
1881,120,1,1148,0,303,0
1882,120,1,1006,0,184,0
1883,120,0,167,0,398,0
1884,120,4,5435,1,91,0
1885,120,2,2113,0,264,0
1886,120,4,5397,1,101,0
1887,120,4,5561,1,77,0
1888,120,4,5542,1,67,0
1889,120,4,5300,1,138,0
1890,120,1,1190,0,159,0
1891,120,4,5216,1,158,0
1892,120,4,5371,1,109,0
1893,120,4,5476,1,83,0
1894,120,4,5410,1,100,0
1895,120,4,5208,1,147,0
1896,120,4,5577,1,57,0
1897,120,4,5576,1,56,0
1898,120,4,5538,1,75,0
1899,120,4,5562,1,63,0
1900,121,1,1290,0,1001,1
1901,121,4,5328,1,118,0
1902,121,4,5221,1,139,0
1903,121,4,5587,1,54,0
1904,121,4,5629,1,48,0
1905,121,4,5495,1,89,0
1906,121,4,5616,1,49,0
1907,121,4,5043,1,255,0
1908,121,4,4766,1,260,0
1909,121,4,5366,1,111,0
1910,121,4,5134,1,165,0
1911,121,4,5399,1,117,0
1912,121,4,4278,1,410,0
1913,121,4,5639,1,44,0
1914,121,4,5292,1,122,0
1915,121,4,5274,1,174,0
1916,121,0,99,0,146,0
1917,121,4,5285,1,126,0
1918,121,4,4858,1,242,0
1919,121,3,3578,0,178,0
1920,121,4,5543,1,64,0
1921,121,4,5357,1,135,0
1922,122,4,5542,1,66,0
1923,122,4,5583,1,55,0
1924,122,0,98,0,219,0
1925,122,4,5633,1,53,0
1926,122,4,5622,1,49,0
1927,122,4,5449,1,86,0
1928,122,4,5581,1,56,0
1929,122,4,5550,1,71,0
1930,122,4,5609,1,52,0
1931,122,4,5618,1,52,0
1932,122,4,5549,1,65,0
1933,122,4,5003,1,205,0
1934,122,4,5582,1,56,0
1935,122,4,5537,1,69,0
1936,122,4,5543,1,81,0
1937,122,4,5508,1,75,0
1938,122,4,5442,1,90,0
1939,122,4,5238,1,140,0
1940,122,4,4965,1,212,0
1941,122,4,5374,1,104,0
1942,122,4,5237,1,162,0
1943,122,4,5489,1,78,0
1944,122,4,5583,1,58,0
1945,122,4,5532,1,72,0
1946,122,4,5565,1,63,0
1947,122,3,3516,0,168,0
1948,122,3,3500,0,237,0
1949,122,4,5556,1,63,0
1950,122,4,5542,1,66,0
1951,122,4,5340,1,133,0
1952,122,4,5630,1,47,0
1953,122,4,5543,1,79,0
1954,122,4,5367,1,108,0
1955,123,4,5467,1,95,0
1956,123,4,5473,1,81,0
1957,123,4,5606,1,52,0
1958,123,4,5454,1,92,0
1959,123,4,5555,1,67,0
1960,123,4,5252,1,135,0
1961,123,4,5415,1,97,0
1962,123,4,5592,1,54,0
1963,123,4,5406,1,134,0
1964,123,4,5489,1,80,0
1965,123,4,5415,1,98,0
1966,123,4,5369,1,105,0
1967,123,4,5255,1,136,0
1968,123,4,5099,1,162,0
1969,123,4,5322,1,121,0
1970,123,4,5443,1,90,0
1971,123,4,5332,1,107,0
1972,123,4,5624,1,49,0
1973,123,4,5258,1,133,0
1974,123,4,5555,1,65,0
1975,123,4,4991,1,210,0
1976,123,4,5472,1,86,0
1977,123,4,5404,1,92,0
1978,123,4,5460,1,85,0
1979,123,4,5257,1,135,0
1980,123,4,5498,1,80,0
1981,123,4,5520,1,75,0
1982,123,4,5607,1,50,0
1983,123,4,5516,1,92,0
1984,123,4,5451,1,87,0
1985,123,4,5477,1,124,0
1986,123,4,5297,1,145,0
1987,124,4,5187,1,152,0
1988,124,4,5587,1,57,0
1989,124,4,5169,1,156,0
1990,124,4,5576,1,58,0
1991,124,4,5119,1,171,0
1992,124,4,5444,1,90,0
1993,124,4,5255,1,158,0
1994,124,4,5282,1,139,0
1995,124,4,5170,1,153,0
1996,124,4,5247,1,133,0
1997,124,4,5467,1,83,0
1998,124,3,3387,0,212,0
1999,124,4,5400,1,98,0
2000,124,1,1290,0,1001,1
2001,124,4,4933,1,224,0
2002,124,4,5519,1,73,0
2003,124,4,5306,1,124,0
2004,124,4,5448,1,95,0
2005,124,4,5352,1,176,0
2006,125,4,5070,1,208,0
2007,125,4,5077,1,201,0
2008,125,4,5246,1,137,0
2009,125,4,5169,1,210,0
2010,125,4,5380,1,101,0
2011,125,4,5556,1,89,0
2012,125,4,5232,1,146,0
2013,125,4,5351,1,138,0
2014,125,4,5245,1,137,0
2015,125,4,5087,1,229,0
2016,125,4,4737,1,250,0
2017,125,4,5446,1,94,0
2018,125,4,5543,1,63,0
2019,125,4,5266,1,154,0
2020,125,4,5506,1,74,0
2021,125,4,5433,1,132,0
2022,125,4,5590,1,56,0
2023,125,4,5639,1,44,0
2024,125,4,5589,1,56,0
2025,125,4,5169,1,159,0
2026,125,4,5397,1,130,0
2027,125,4,5513,1,71,0
2028,125,4,4570,1,320,0
2029,126,4,5580,1,66,0
2030,126,4,5504,1,75,0
2031,126,4,5137,1,168,0
2032,126,4,5589,1,56,0
2033,126,4,5515,1,71,0
2034,126,4,5536,1,73,0
2035,126,4,5122,1,173,0
2036,126,4,5079,1,192,0
2037,126,4,5501,1,75,0
2038,126,4,5456,1,91,0
2039,126,4,5626,1,46,0
2040,126,4,5000,1,269,0
2041,126,4,5009,1,228,0
2042,126,4,5175,1,152,0
2043,126,4,5556,1,61,0
2044,126,4,4855,1,236,0
2045,126,4,5594,1,53,0
2046,126,0,286,0,332,0
2047,126,4,5312,1,134,0
2048,126,4,5188,1,153,0
2049,126,4,5236,1,137,0
2050,126,4,5573,1,60,0
2051,126,4,5156,1,168,0
2052,126,4,5512,1,74,0
2053,126,4,5293,1,126,0
2054,127,4,5336,1,149,0
2055,127,4,5515,1,74,0
2056,127,4,5418,1,121,0
2057,127,4,5308,1,111,0
2058,127,4,5079,1,187,0
2059,127,4,5141,1,163,0
2060,127,4,5474,1,84,0
2061,127,4,5584,1,58,0
2062,127,4,5235,1,134,0
2063,127,4,5588,1,56,0
2064,127,4,5158,1,215,0
2065,127,4,4996,1,202,0
2066,127,4,5510,1,72,0
2067,127,4,5168,1,176,0
2068,127,4,5017,1,213,0
2069,127,4,5459,1,85,0
2070,127,4,5498,1,71,0
2071,127,4,5518,1,73,0
2072,127,4,5537,1,69,0
2073,127,4,5556,1,63,0
2074,127,4,5544,1,65,0
2075,127,4,5339,1,114,0
2076,127,4,5596,1,58,0
2077,127,4,5460,1,87,0
2078,127,4,5421,1,93,0
2079,127,4,5274,1,141,0
2080,127,4,5038,1,194,0
2081,128,4,4943,1,223,0
2082,128,4,5533,1,70,0
2083,128,4,5469,1,85,0
2084,128,4,5551,1,63,0
2085,128,4,5528,1,70,0
2086,128,4,5598,1,52,0
2087,128,4,5471,1,89,0
2088,128,4,5529,1,69,0
2089,128,4,5501,1,75,0
2090,128,4,5471,1,89,0
2091,128,4,5641,1,47,0
2092,128,4,4714,1,287,0
2093,128,4,5627,1,48,0
2094,128,4,5187,1,169,0
2095,128,4,5444,1,100,0
2096,128,4,5337,1,142,0
2097,128,4,5546,1,64,0
2098,128,4,5541,1,68,0
2099,128,4,5112,1,163,0
2100,128,1,1290,0,1001,1
2101,128,4,4894,1,236,0
2102,128,4,5381,1,104,0
2103,129,4,5374,1,109,0
2104,129,4,5557,1,65,0
2105,129,4,5218,1,201,0
2106,129,4,5359,1,113,0
2107,129,4,5489,1,78,0
2108,129,4,5525,1,69,0
2109,129,4,5584,1,58,0
2110,129,4,5413,1,102,0
2111,129,4,5453,1,108,0
2112,129,4,4729,1,257,0
2113,129,4,5511,1,79,0
2114,129,4,5329,1,141,0
2115,129,4,5595,1,61,0
2116,129,4,5314,1,161,0
2117,129,4,5526,1,69,0
2118,129,4,5547,1,79,0
2119,129,4,5318,1,118,0
2120,129,4,5242,1,204,0
2121,129,2,2546,0,357,0
2122,129,4,5590,1,58,0
2123,129,4,5208,1,140,0
2124,129,4,4980,1,206,0
2125,129,4,5598,1,52,0
2126,129,1,1202,0,371,0
2127,129,4,5603,1,51,0
2128,130,4,4950,1,214,0
2129,130,4,5533,1,71,0
2130,130,4,4928,1,220,0
2131,130,3,3461,0,365,0
2132,130,4,5487,1,74,0
2133,130,4,5635,1,44,0
2134,130,4,5437,1,111,0
2135,130,4,5422,1,92,0
2136,130,4,5584,1,62,0
2137,130,4,5433,1,104,0
2138,130,4,5577,1,60,0
2139,130,4,5559,1,76,0
2140,130,4,5564,1,63,0
2141,130,4,5321,1,114,0
2142,130,4,5524,1,84,0
2143,130,4,5446,1,119,0
2144,130,4,5337,1,114,0
2145,130,4,5436,1,94,0
2146,130,4,5526,1,71,0
2147,130,4,5326,1,129,0
2148,130,4,5280,1,145,0
2149,130,4,5569,1,59,0
2150,130,4,5581,1,62,0
2151,130,4,5263,1,134,0
2152,130,4,5510,1,80,0
2153,130,4,5270,1,119,0
2154,130,4,5535,1,73,0
2155,130,4,5530,1,73,0
2156,130,4,5461,1,89,0
2157,130,4,5510,1,73,0
2158,131,4,5240,1,140,0
2159,131,4,5287,1,131,0
2160,131,4,5377,1,139,0
2161,131,4,5584,1,57,0
2162,131,4,5567,1,62,0
2163,131,4,5507,1,75,0
2164,131,4,5609,1,57,0
2165,131,4,5474,1,79,0
2166,131,4,5408,1,98,0
2167,131,3,3493,0,290,0
2168,131,4,5113,1,203,0
2169,131,4,5450,1,86,0
2170,131,4,5574,1,57,0
2171,131,4,5467,1,85,0
2172,131,4,5391,1,102,0
2173,131,4,5164,1,159,0
2174,131,4,5425,1,93,0
2175,131,4,5200,1,149,0
2176,131,4,4850,1,241,0
2177,131,4,5222,1,183,0
2178,131,4,5384,1,106,0
2179,131,4,5539,1,65,0
2180,131,4,5596,1,59,0
2181,131,4,5347,1,114,0
2182,131,4,5378,1,104,0
2183,131,4,5306,1,129,0
2184,131,4,5494,1,71,0
2185,131,4,5574,1,65,0
2186,131,4,5622,1,46,0
2187,131,4,5638,1,43,0
2188,132,4,5562,1,76,0
2189,132,4,5461,1,82,0
2190,132,4,5446,1,88,0
2191,132,4,5622,1,46,0
2192,132,4,5506,1,83,0
2193,132,4,5286,1,135,0
2194,132,4,5501,1,75,0
2195,132,4,5411,1,116,0
2196,132,4,5406,1,92,0
2197,132,4,5603,1,59,0
2198,132,4,5242,1,150,0
2199,132,4,5476,1,89,0
2200,132,1,1290,0,1001,1
2201,132,4,5247,1,137,0
2202,132,4,5318,1,125,0
2203,132,4,5555,1,62,0
2204,132,4,4451,1,355,0
2205,132,4,5618,1,47,0
2206,132,4,5624,1,48,0
2207,132,4,5524,1,67,0
2208,132,0,98,0,137,0
2209,132,4,5402,1,135,0
2210,133,4,5381,1,101,0
2211,133,2,2464,0,215,0
2212,133,4,5184,1,168,0
2213,133,4,5524,1,73,0
2214,133,4,5597,1,52,0
2215,133,4,5649,1,42,0
2216,133,4,5232,1,142,0
2217,133,4,5381,1,104,0
2218,133,4,5598,1,52,0
2219,133,4,5599,1,52,0
2220,133,4,5498,1,84,0
2221,133,4,4644,1,333,0
2222,133,4,5269,1,139,0
2223,133,4,5424,1,127,0
2224,133,4,5061,1,227,0
2225,133,4,5524,1,72,0
2226,133,2,2337,0,153,0
2227,133,4,5288,1,142,0
2228,133,4,5349,1,109,0
2229,133,4,5437,1,113,0
2230,133,4,5396,1,100,0
2231,133,4,5258,1,131,0
2232,133,4,5363,1,107,0
2233,133,4,5192,1,192,0
2234,133,4,5454,1,117,0
2235,133,4,5409,1,108,0
2236,134,4,5454,1,86,0
2237,134,4,5547,1,66,0
2238,134,4,5453,1,85,0
2239,134,4,5222,1,161,0
2240,134,4,5494,1,76,0
2241,134,4,5443,1,82,0
2242,134,4,5584,1,56,0
2243,134,4,5143,1,213,0
2244,134,4,5316,1,119,0
2245,134,4,5407,1,102,0
2246,134,4,5606,1,56,0
2247,134,4,5530,1,72,0
2248,134,4,5418,1,96,0
2249,134,4,5334,1,117,0
2250,134,4,5567,1,60,0
2251,134,4,5587,1,54,0
2252,134,4,5237,1,140,0
2253,134,4,4962,1,172,0
2254,134,4,5315,1,131,0
2255,134,3,3497,0,170,0
2256,134,4,5455,1,84,0
2257,134,4,5276,1,131,0
2258,134,4,5423,1,128,0
2259,134,4,4992,1,228,0
2260,134,4,5554,1,72,0
2261,134,4,5559,1,62,0
2262,134,3,3357,0,367,0
2263,134,4,5418,1,97,0
2264,135,4,5210,1,148,0
2265,135,4,5380,1,104,0
2266,135,4,5293,1,134,0
2267,135,4,5516,1,72,0
2268,135,4,5461,1,117,0
2269,135,4,5585,1,61,0
2270,135,4,5602,1,49,0
2271,135,0,99,0,152,0
2272,135,4,4746,1,267,0
2273,135,4,5099,1,188,0
2274,135,2,2374,0,280,0
2275,135,4,5545,1,66,0
2276,135,4,5365,1,108,0
2277,135,4,5410,1,143,0
2278,135,4,5566,1,69,0
2279,135,4,4787,1,227,0
2280,135,4,5581,1,56,0
2281,135,4,5371,1,106,0
2282,135,4,5422,1,96,0
2283,135,4,4801,1,258,0
2284,135,4,5428,1,157,0
2285,135,4,5435,1,103,0
2286,135,4,5526,1,72,0
2287,135,4,5441,1,128,0
2288,136,4,5151,1,191,0
2289,136,4,5328,1,119,0
2290,136,4,5547,1,67,0
2291,136,4,5605,1,51,0
2292,136,4,5417,1,145,0
2293,136,4,5560,1,62,0
2294,136,4,5236,1,140,0
2295,136,4,5625,1,55,0
2296,136,4,5572,1,68,0
2297,136,4,5401,1,99,0
2298,136,4,5293,1,120,0
2299,136,4,5125,1,154,0
2300,136,1,1290,0,1001,1
2301,136,4,5351,1,98,0
2302,136,4,5585,1,56,0
2303,136,4,5577,1,63,0
2304,136,4,5110,1,177,0
2305,136,4,5459,1,85,0
2306,136,4,5275,1,127,0
2307,136,4,5520,1,72,0
2308,136,4,5183,1,158,0
2309,136,4,5579,1,58,0
2310,136,4,5468,1,80,0
2311,137,4,5121,1,181,0
2312,137,4,5574,1,57,0
2313,137,4,5412,1,142,0
2314,137,4,5275,1,130,0
2315,137,4,5488,1,77,0
2316,137,4,5606,1,49,0
2317,137,4,5448,1,83,0
2318,137,4,5341,1,105,0
2319,137,2,2267,0,231,0
2320,137,4,5591,1,71,0
2321,137,4,5229,1,142,0
2322,137,4,5596,1,51,0
2323,137,4,5587,1,56,0
2324,137,4,4954,1,241,0
2325,137,4,5356,1,110,0
2326,137,4,5312,1,121,0
2327,137,4,5349,1,110,0
2328,137,4,5581,1,57,0
2329,137,4,5402,1,98,0
2330,137,4,5596,1,56,0
2331,137,4,5526,1,68,0
2332,137,4,5490,1,81,0
2333,137,4,5520,1,74,0
2334,137,4,5596,1,65,0
2335,137,4,5575,1,71,0
2336,137,4,5281,1,129,0
2337,137,4,5352,1,135,0
2338,137,4,5575,1,56,0
2339,137,4,5574,1,58,0
2340,137,4,5353,1,110,0
2341,137,4,5314,1,134,0
2342,137,4,5434,1,99,0
2343,137,4,5433,1,92,0
2344,138,0,99,0,137,0
2345,138,4,5579,1,60,0
2346,138,4,5349,1,111,0
2347,138,4,5540,1,63,0
2348,138,4,5407,1,98,0
2349,138,4,5589,1,55,0
2350,138,4,5271,1,160,0
2351,138,4,5598,1,52,0
2352,138,4,5179,1,152,0
2353,138,4,5510,1,73,0
2354,138,4,5580,1,73,0
2355,138,4,5466,1,88,0
2356,138,4,5398,1,105,0
2357,138,4,5485,1,103,0
2358,138,4,5074,1,184,0
2359,138,4,5441,1,92,0
2360,138,4,5162,1,159,0
2361,138,4,5506,1,75,0
2362,138,4,5535,1,70,0
2363,138,4,5620,1,49,0
2364,138,4,4738,1,304,0
2365,138,4,5346,1,115,0
2366,138,4,5413,1,97,0
2367,138,4,5382,1,103,0
2368,138,4,5418,1,104,0
2369,138,4,5102,1,171,0
2370,138,4,5397,1,102,0
2371,138,4,5518,1,72,0
2372,138,4,5064,1,200,0
2373,139,4,5432,1,91,0
2374,139,4,5505,1,79,0
2375,139,4,5481,1,75,0
2376,139,4,5619,1,48,0
2377,139,4,5621,1,48,0
2378,139,4,5298,1,127,0
2379,139,4,4863,1,225,0
2380,139,4,5395,1,120,0
2381,139,4,5334,1,115,0
2382,139,4,5262,1,122,0
2383,139,4,5516,1,71,0
2384,139,4,5263,1,132,0
2385,139,4,5529,1,67,0
2386,139,4,5584,1,55,0
2387,139,4,5205,1,152,0
2388,139,4,5437,1,114,0
2389,139,4,5593,1,50,0
2390,139,4,5560,1,78,0
2391,139,4,5348,1,116,0
2392,139,4,5572,1,57,0
2393,139,4,5551,1,64,0
2394,139,4,4931,1,221,0
2395,139,4,5507,1,105,0
2396,139,4,5378,1,117,0
2397,139,4,5220,1,147,0
2398,139,4,5383,1,101,0
2399,139,4,5380,1,111,0
2400,140,1,1290,0,1001,1
2401,140,4,5419,1,93,0
2402,140,4,5442,1,93,0
2403,140,4,5625,1,50,0
2404,140,4,5484,1,86,0
2405,140,4,5328,1,129,0
2406,140,4,5406,1,103,0
2407,140,4,5509,1,75,0
2408,140,1,1189,0,270,0
2409,140,4,5331,1,130,0
2410,140,4,5463,1,88,0
2411,140,4,5403,1,125,0
2412,140,4,5571,1,61,0
2413,140,4,5615,1,50,0
2414,140,4,5660,1,38,0
2415,140,4,5495,1,87,0
2416,140,4,5340,1,117,0
2417,140,4,5533,1,69,0
2418,140,4,5555,1,67,0
2419,140,4,5330,1,101,0
2420,140,4,5502,1,76,0
2421,140,4,5635,1,45,0
2422,140,4,5426,1,96,0
2423,140,4,5319,1,119,0
2424,140,4,5535,1,69,0
2425,140,4,5234,1,140,0
2426,140,4,5541,1,64,0
2427,140,4,5445,1,91,0
2428,140,4,5542,1,68,0
2429,141,4,5352,1,161,0
2430,141,4,5651,1,43,0
2431,141,4,5337,1,115,0
2432,141,4,5370,1,106,0
2433,141,4,5479,1,101,0
2434,141,4,5519,1,70,0
2435,141,4,5559,1,58,0
2436,141,4,5592,1,54,0
2437,141,4,5638,1,43,0
2438,141,4,5471,1,83,0
2439,141,4,5469,1,77,0
2440,141,4,5087,1,179,0
2441,141,4,5382,1,106,0
2442,141,4,5027,1,230,0
2443,141,4,5503,1,75,0
2444,141,4,5402,1,131,0
2445,141,4,5266,1,141,0
2446,141,2,2297,0,179,0
2447,141,4,5313,1,126,0
2448,141,4,5405,1,114,0
2449,141,4,5637,1,45,0
2450,141,4,5496,1,76,0
2451,141,4,5300,1,126,0
2452,141,4,5384,1,106,0
2453,141,4,5139,1,142,0
2454,141,4,5496,1,79,0
2455,141,4,5499,1,77,0
2456,141,4,5368,1,114,0
2457,141,4,4513,1,302,0
2458,141,4,5583,1,70,0
2459,142,4,5616,1,49,0
2460,142,4,4989,1,179,0
2461,142,4,5553,1,68,0
2462,142,4,5185,1,155,0
2463,142,4,5283,1,117,0
2464,142,4,5082,1,179,0
2465,142,4,5482,1,81,0
2466,142,4,5381,1,103,0
2467,142,4,5602,1,51,0
2468,142,4,5489,1,79,0
2469,142,4,5545,1,85,0
2470,142,4,5451,1,126,0
2471,142,3,3610,0,368,0
2472,142,4,5419,1,95,0
2473,142,4,5595,1,53,0
2474,142,4,5610,1,48,0
2475,142,4,5610,1,49,0
2476,142,4,5393,1,103,0
2477,142,4,5048,1,188,0
2478,142,4,5585,1,56,0
2479,142,4,5590,1,56,0
2480,142,4,5420,1,90,0
2481,142,4,5504,1,74,0
2482,142,3,3512,0,167,0
2483,142,4,5611,1,51,0
2484,142,4,5291,1,153,0
2485,142,4,5570,1,61,0
2486,142,4,5316,1,122,0
2487,142,4,5528,1,67,0
2488,142,4,5408,1,124,0
2489,143,4,5321,1,128,0
2490,143,4,5017,1,201,0
2491,143,4,5640,1,43,0
2492,143,4,5551,1,70,0
2493,143,4,5533,1,68,0
2494,143,4,5581,1,67,0
2495,143,4,5604,1,52,0
2496,143,4,5212,1,154,0
2497,143,4,5253,1,142,0
2498,143,4,5375,1,108,0
2499,143,4,5449,1,88,0
2500,143,1,1290,0,1001,1
2501,143,4,5373,1,103,0
2502,143,4,5467,1,84,0
2503,143,4,5452,1,91,0
2504,143,4,5440,1,96,0
2505,143,4,5638,1,43,0
2506,143,4,5410,1,97,0
2507,143,4,5257,1,144,0
2508,144,1,837,0,636,0
2509,144,4,5458,1,85,0
2510,144,4,5122,1,163,0
2511,144,4,5490,1,78,0
2512,144,4,5191,1,152,0
2513,144,1,1277,0,209,0
2514,144,4,5232,1,143,0
2515,144,4,5362,1,114,0
2516,144,4,5426,1,95,0
2517,144,4,5497,1,78,0
2518,144,4,4783,1,269,0
2519,144,4,5440,1,104,0
2520,144,4,5139,1,166,0
2521,144,4,5398,1,96,0
2522,144,4,5556,1,63,0
2523,144,3,3473,0,224,0
2524,144,4,5591,1,57,0
2525,144,4,5594,1,53,0
2526,144,4,5492,1,88,0
2527,144,4,5619,1,47,0
2528,144,4,5540,1,64,0
2529,144,4,5126,1,174,0
2530,144,4,5594,1,54,0
2531,144,4,5616,1,50,0
2532,144,4,5414,1,113,0
2533,144,4,5412,1,109,0
2534,144,3,3455,0,195,0
2535,144,4,5638,1,44,0
2536,145,4,5638,1,42,0
2537,145,4,5460,1,116,0
2538,145,4,5564,1,58,0
2539,145,4,5554,1,75,0
2540,145,4,5472,1,82,0
2541,145,4,5443,1,99,0
2542,145,4,5477,1,97,0
2543,145,4,5542,1,69,0
2544,145,4,5107,1,180,0
2545,145,4,5587,1,60,0
2546,145,4,5522,1,73,0
2547,145,4,5361,1,109,0
2548,145,4,5639,1,44,0
2549,145,4,5386,1,105,0
2550,145,4,5239,1,138,0
2551,145,4,5350,1,112,0
2552,145,4,5538,1,72,0
2553,145,4,5601,1,51,0
2554,145,4,5497,1,86,0
2555,145,4,5604,1,51,0
2556,145,4,5614,1,48,0
2557,145,4,5300,1,136,0
2558,145,4,5518,1,73,0
2559,145,4,5106,1,169,0
2560,145,4,5467,1,87,0
2561,145,4,5594,1,59,0
2562,145,4,5509,1,77,0
2563,145,4,5629,1,45,0
2564,145,4,5629,1,45,0
2565,145,4,5475,1,82,0
2566,145,4,5293,1,119,0
2567,145,3,3571,0,197,0
2568,145,4,5488,1,78,0
2569,145,4,5544,1,68,0
2570,146,4,5101,1,191,0
2571,146,4,5403,1,100,0
2572,146,4,5551,1,64,0
2573,146,4,5356,1,110,0
2574,146,4,5528,1,68,0
2575,146,4,5635,1,43,0
2576,146,4,5092,1,224,0
2577,146,4,5511,1,75,0
2578,146,2,2355,0,148,0
2579,146,4,5443,1,90,0
2580,146,4,4879,1,221,0
2581,146,4,5456,1,86,0
2582,146,4,5532,1,75,0
2583,146,4,5549,1,61,0
2584,146,4,5440,1,93,0
2585,146,4,5578,1,57,0
2586,146,4,5616,1,49,0
2587,146,4,5136,1,168,0
2588,146,4,5257,1,126,0
2589,146,4,5199,1,148,0
2590,146,4,5012,1,240,0
2591,146,4,5532,1,66,0
2592,146,4,5610,1,51,0
2593,146,4,5504,1,74,0
2594,146,4,5528,1,76,0
2595,146,4,5513,1,73,0
2596,146,4,5412,1,112,0
2597,146,4,5631,1,46,0
2598,146,4,5498,1,104,0
2599,146,4,5552,1,64,0
2600,147,1,1290,0,1001,1
2601,147,4,5193,1,151,0
2602,147,4,5513,1,74,0
2603,147,4,5327,1,117,0
2604,147,4,5576,1,70,0
2605,147,4,4731,1,279,0
2606,147,4,5356,1,112,0
2607,147,4,5500,1,100,0
2608,147,4,5532,1,70,0
2609,147,4,5645,1,41,0
2610,147,4,5538,1,66,0
2611,147,4,5229,1,167,0
2612,147,4,4940,1,210,0
2613,147,4,5589,1,56,0
2614,147,4,5611,1,57,0
2615,147,4,5327,1,120,0
2616,147,4,5556,1,67,0
2617,147,4,4730,1,279,0
2618,147,4,5510,1,83,0
2619,147,4,5477,1,74,0
2620,148,4,5567,1,69,0
2621,148,4,5166,1,174,0
2622,148,4,5504,1,72,0
2623,148,4,5117,1,169,0
2624,148,4,5644,1,42,0
2625,148,4,5485,1,82,0
2626,148,4,5558,1,65,0
2627,148,4,5375,1,107,0
2628,148,4,4846,1,246,0
2629,148,4,5403,1,111,0
2630,148,4,5489,1,93,0
2631,148,4,5634,1,44,0
2632,148,4,5448,1,89,0
2633,148,4,5342,1,139,0
2634,148,4,5313,1,121,0
2635,148,4,5461,1,99,0
2636,148,4,5226,1,143,0
2637,148,4,5375,1,114,0
2638,148,4,5493,1,81,0
2639,148,4,5031,1,191,0
2640,148,4,5129,1,164,0
2641,148,4,5547,1,81,0
2642,148,4,5597,1,57,0
2643,148,4,5412,1,97,0
2644,148,4,5472,1,104,0
2645,148,4,5470,1,82,0
2646,148,4,5538,1,66,0
2647,148,4,5435,1,90,0
2648,148,4,5321,1,119,0
2649,148,4,5561,1,61,0
2650,148,4,5445,1,91,0
2651,149,4,5520,1,70,0
2652,149,4,5192,1,151,0
2653,149,4,5414,1,99,0
2654,149,4,5520,1,72,0
2655,149,4,5343,1,114,0
2656,149,4,5505,1,75,0
2657,149,4,5117,1,188,0
2658,149,4,5581,1,57,0
2659,149,4,5217,1,145,0
2660,149,4,5633,1,47,0
2661,149,4,5518,1,93,0
2662,149,4,4326,1,329,0
2663,149,4,5500,1,95,0
2664,149,4,5454,1,92,0
2665,149,4,5570,1,76,0
2666,149,4,5393,1,101,0
2667,149,4,5507,1,80,0
2668,149,4,5095,1,181,0
2669,149,4,4970,1,175,0
2670,149,4,5499,1,75,0
2671,149,4,5233,1,167,0
2672,149,4,5198,1,149,0
2673,149,4,5603,1,54,0
2674,149,4,5123,1,182,0
2675,149,4,5429,1,97,0
2676,149,4,5013,1,199,0
2677,149,4,5427,1,101,0
2678,150,4,5541,1,66,0
2679,150,2,2250,0,331,0
2680,150,4,5382,1,164,0
2681,150,4,5570,1,58,0
2682,150,4,5460,1,120,0
2683,150,4,5561,1,62,0
2684,150,4,5385,1,121,0
2685,150,4,5492,1,79,0
2686,150,4,5328,1,118,0
2687,150,4,5638,1,47,0
2688,150,4,5506,1,75,0
2689,150,4,5522,1,83,0
2690,150,4,5061,1,203,0
2691,150,4,5538,1,68,0
2692,150,4,5531,1,69,0
2693,150,3,3513,0,238,0
2694,150,4,5349,1,168,0
2695,150,4,5517,1,77,0
2696,150,4,5617,1,49,0
2697,150,4,5175,1,158,0
2698,150,4,5606,1,55,0
2699,150,4,5605,1,49,0
2700,151,1,1290,0,1001,1
2701,151,4,5363,1,112,0
2702,151,4,5457,1,86,0
2703,151,3,3198,0,209,0
2704,151,4,5471,1,74,0
2705,151,4,5513,1,72,0
2706,151,4,5425,1,94,0
2707,151,4,5649,1,41,0
2708,151,4,5602,1,53,0
2709,151,4,5377,1,103,0
2710,151,4,5571,1,58,0
2711,151,4,5151,1,165,0
2712,151,4,5585,1,56,0
2713,151,0,99,0,154,0
2714,151,4,5368,1,120,0
2715,151,4,5416,1,97,0
2716,151,4,5578,1,59,0
2717,151,4,5249,1,139,0
2718,151,4,5347,1,102,0
2719,151,4,5359,1,111,0
2720,151,4,5271,1,131,0
2721,151,4,5372,1,102,0
2722,151,4,5585,1,58,0
2723,151,4,5556,1,64,0
2724,151,1,1277,0,157,0
2725,151,4,5488,1,91,0
2726,151,4,5342,1,124,0
2727,151,4,5168,1,159,0
2728,151,4,5387,1,102,0
2729,151,4,5557,1,65,0
2730,152,4,5374,1,115,0
2731,152,2,2428,0,151,0
2732,152,4,5450,1,89,0
2733,152,4,5616,1,49,0
2734,152,1,1185,0,169,0
2735,152,4,5283,1,129,0
2736,152,4,5392,1,102,0
2737,152,4,5362,1,108,0
2738,152,4,5119,1,199,0
2739,152,4,5155,1,160,0
2740,152,4,5329,1,104,0
2741,152,2,2371,0,187,0
2742,152,4,5583,1,55,0
2743,152,4,5296,1,126,0
2744,152,4,5333,1,115,0
2745,152,4,5132,1,165,0
2746,152,4,5292,1,120,0
2747,152,4,5261,1,136,0
2748,152,4,5509,1,74,0
2749,152,4,5282,1,137,0
2750,152,4,5374,1,105,0
2751,152,4,5509,1,75,0
2752,152,4,4999,1,219,0
2753,152,4,5606,1,51,0
2754,152,4,5196,1,146,0
2755,153,2,2186,0,218,0
2756,153,4,5433,1,114,0
2757,153,4,5131,1,167,0
2758,153,4,5480,1,82,0
2759,153,4,5410,1,96,0
2760,153,4,5267,1,155,0
2761,153,4,5317,1,160,0
2762,153,4,4935,1,217,0
2763,153,4,5428,1,102,0
2764,153,4,4723,1,280,0
2765,153,4,5221,1,143,0
2766,153,4,5104,1,167,0
2767,153,4,5340,1,125,0
2768,153,4,5341,1,112,0
2769,153,4,5045,1,187,0
2770,153,4,5536,1,70,0
2771,153,1,1280,0,156,0
2772,153,4,5166,1,177,0
2773,153,4,5462,1,78,0
2774,153,4,5505,1,74,0
2775,153,4,5577,1,57,0
2776,153,4,5380,1,105,0
2777,154,4,5216,1,165,0
2778,154,4,5157,1,163,0
2779,154,1,1270,0,198,0
2780,154,4,5148,1,163,0
2781,154,4,5018,1,175,0
2782,154,1,1388,0,759,0
2783,154,4,5264,1,132,0
2784,154,4,5436,1,102,0
2785,154,4,5271,1,137,0
2786,154,1,1280,0,172,0
2787,154,4,5232,1,168,0
2788,154,4,5612,1,51,0
2789,154,4,5371,1,108,0
2790,154,4,5452,1,90,0
2791,154,4,5433,1,95,0
2792,154,4,5282,1,133,0
2793,154,4,5146,1,160,0
2794,154,4,5430,1,92,0
2795,154,4,5394,1,105,0
2796,155,4,5297,1,128,0
2797,155,4,5425,1,94,0
2798,155,4,5060,1,183,0
2799,155,4,5597,1,55,0
2800,155,1,1192,0,111,1
2801,155,4,5424,1,90,0
2802,155,4,5329,1,116,0
2803,155,4,5443,1,91,0
2804,155,4,5503,1,77,0
2805,155,4,5262,1,137,0
2806,155,4,5266,1,131,0
2807,155,4,5378,1,131,0
2808,155,4,5604,1,49,0
2809,155,4,5560,1,61,0
2810,155,4,5176,1,158,0
2811,155,4,5563,1,62,0
2812,155,4,5245,1,139,0
2813,155,4,5380,1,108,0
2814,155,4,5557,1,60,0
2815,155,4,5324,1,117,0
2816,155,4,5188,1,153,0
2817,155,4,4920,1,224,0
2818,155,4,5211,1,146,0
2819,155,4,4937,1,208,0
2820,155,4,5518,1,75,0
2821,155,4,5401,1,110,0
2822,155,4,5277,1,140,0
2823,156,4,5018,1,184,0
2824,156,4,5180,1,152,0
2825,156,4,5392,1,104,0
2826,156,4,5439,1,89,0
2827,156,4,5071,1,180,0
2828,156,4,5267,1,132,0
2829,156,4,5257,1,138,0
2830,156,4,5493,1,100,0
2831,156,4,5484,1,79,0
2832,156,4,5034,1,208,0
2833,156,4,5394,1,103,0
2834,156,4,5434,1,91,0
2835,156,4,5506,1,74,0
2836,156,4,5335,1,107,0
2837,156,4,5330,1,118,0
2838,156,4,5235,1,151,0
2839,156,4,5455,1,100,0
2840,156,4,5414,1,99,0
2841,156,2,2323,0,176,0
2842,156,4,5067,1,203,0
2843,156,4,5440,1,90,0
2844,156,4,5555,1,63,0
2845,156,4,5407,1,96,0
2846,156,4,5229,1,141,0
2847,156,4,5422,1,97,0
2848,156,4,5305,1,123,0
2849,157,4,5010,1,198,0
2850,157,1,1373,0,169,0
2851,157,4,5009,1,176,0
2852,157,4,5568,1,61,0
2853,157,4,4754,1,271,0
2854,157,4,5370,1,108,0
2855,157,4,5469,1,103,0
2856,157,4,5214,1,147,0
2857,157,4,5097,1,184,0
2858,157,4,5377,1,105,0
2859,157,3,3349,0,199,0
2860,157,4,5454,1,92,0
2861,157,4,5091,1,177,0
2862,157,1,1197,0,150,0
2863,157,4,5040,1,173,0
2864,157,4,5578,1,57,0
2865,157,4,5485,1,79,0
2866,157,4,5400,1,96,0
2867,157,4,5563,1,66,0
2868,157,1,1186,0,153,0
2869,157,1,1192,0,155,0
2870,157,4,5089,1,176,0
2871,158,4,4916,1,220,0
2872,158,4,4833,1,247,0
2873,158,4,5368,1,113,0
2874,158,4,5509,1,76,0
2875,158,4,5384,1,102,0
2876,158,4,5411,1,95,0
2877,158,4,5474,1,80,0
2878,158,4,5104,1,237,0
2879,158,4,5460,1,81,0
2880,158,1,1189,0,152,0
2881,158,4,5053,1,215,0
2882,158,4,5448,1,87,0
2883,158,4,5532,1,65,0
2884,158,4,5151,1,166,0
2885,158,4,5193,1,153,0
2886,158,4,5564,1,64,0
2887,158,4,5434,1,90,0
2888,158,4,5459,1,92,0
2889,158,4,5222,1,158,0
2890,158,4,5269,1,131,0
2891,158,1,1174,0,143,0
2892,158,4,5165,1,159,0
2893,158,4,5389,1,139,0
2894,158,2,2429,0,169,0
2895,158,4,5370,1,109,0
2896,159,4,5387,1,101,0
2897,159,4,5189,1,151,0
2898,159,4,5362,1,107,0
2899,159,4,5461,1,93,0
2900,159,1,1192,0,111,1
2901,159,4,5235,1,154,0
2902,159,1,1189,0,146,0
2903,159,4,5045,1,195,0
2904,159,4,5217,1,150,0
2905,159,4,5324,1,117,0
2906,159,4,5331,1,138,0
2907,159,4,5241,1,137,0
2908,159,4,4804,1,260,0
2909,159,4,5604,1,51,0
2910,159,4,5379,1,105,0
2911,159,4,5347,1,111,0
2912,159,3,3461,0,270,0
2913,159,4,5238,1,140,0
2914,159,4,5472,1,82,0
2915,159,4,5213,1,144,0
2916,159,4,5399,1,100,0
2917,159,4,5583,1,65,0
2918,159,4,5448,1,85,0
2919,160,4,5288,1,126,0
2920,160,4,5406,1,102,0
2921,160,4,5218,1,149,0
2922,160,4,5524,1,98,0
2923,160,4,5219,1,154,0
2924,160,4,5414,1,96,0
2925,160,4,5320,1,119,0
2926,160,4,4990,1,186,0
2927,160,4,5231,1,142,0
2928,160,4,5348,1,117,0
2929,160,4,5371,1,107,0
2930,160,1,1188,0,152,0
2931,160,4,5235,1,140,0
2932,160,4,5292,1,136,0
2933,160,3,3334,0,189,0
2934,160,4,5466,1,90,0
2935,160,4,5103,1,174,0
2936,160,4,5333,1,131,0
2937,160,4,5474,1,82,0
2938,160,4,5189,1,151,0
2939,160,1,1172,0,172,0
2940,160,4,5175,1,151,0
2941,160,4,5418,1,99,0
2942,160,2,2376,0,163,0
2943,161,4,5571,1,61,0
2944,161,4,5465,1,89,0
2945,161,4,5350,1,113,0
2946,161,4,5393,1,101,0
2947,161,4,5482,1,78,0
2948,161,4,5370,1,94,0
2949,161,4,5371,1,105,0
2950,161,4,5298,1,124,0
2951,161,0,97,0,145,0
2952,161,4,4935,1,220,0
2953,161,1,1192,0,161,0
2954,161,4,5178,1,151,0
2955,161,4,5551,1,64,0
2956,161,4,5404,1,105,0
2957,161,4,5361,1,110,0
2958,161,4,5425,1,98,0
2959,161,4,5399,1,138,0
2960,161,4,5433,1,94,0
2961,161,4,5403,1,98,0
2962,161,4,5354,1,124,0
2963,161,4,5173,1,152,0
2964,161,4,5417,1,96,0
2965,161,4,5594,1,53,0
2966,161,4,5238,1,128,0
2967,161,4,5237,1,159,0
2968,161,4,5461,1,82,0
2969,161,3,3307,0,224,0
2970,162,4,5516,1,74,0
2971,162,4,5241,1,136,0
2972,162,4,5518,1,72,0
2973,162,4,5290,1,127,0
2974,162,4,5367,1,121,0
2975,162,4,5093,1,199,0
2976,162,4,5517,1,71,0
2977,162,4,5593,1,59,0
2978,162,4,5593,1,54,0
2979,162,4,5327,1,120,0
2980,162,4,5522,1,69,0
2981,162,4,5367,1,114,0
2982,162,1,1191,0,166,0
2983,162,4,4917,1,241,0
2984,162,4,5582,1,55,0
2985,162,4,5341,1,146,0
2986,162,4,5519,1,73,0
2987,162,4,4962,1,215,0
2988,162,3,3284,0,200,0
2989,162,4,5291,1,122,0
2990,162,4,5392,1,95,0
2991,162,4,5435,1,90,0
2992,162,4,5100,1,183,0
2993,162,4,5444,1,104,0
2994,162,4,5058,1,189,0
2995,163,4,5071,1,181,0
2996,163,1,1188,0,163,0
2997,163,4,5502,1,74,0
2998,163,4,5592,1,56,0
2999,163,4,5059,1,188,0
3000,163,1,1192,0,111,1
3001,163,4,5533,1,66,0
3002,163,4,5259,1,149,0
3003,163,3,3186,0,169,0
3004,163,4,5356,1,132,0
3005,163,1,1186,0,236,0
3006,163,4,5274,1,140,0
3007,163,4,5546,1,75,0
3008,163,4,5324,1,117,0
3009,163,4,5590,1,59,0
3010,163,4,5505,1,75,0
3011,163,4,4879,1,250,0
3012,163,4,5331,1,159,0
3013,163,4,5338,1,112,0
3014,163,4,5236,1,138,0
3015,163,4,5131,1,168,0
3016,163,4,5301,1,122,0
3017,163,4,5590,1,56,0
3018,163,4,5312,1,122,0
3019,163,4,5327,1,119,0
3020,163,4,5424,1,92,0
3021,164,4,5383,1,104,0
3022,164,2,2167,0,242,0
3023,164,4,5192,1,149,0
3024,164,4,5562,1,66,0
3025,164,4,5425,1,95,0
3026,164,4,5521,1,86,0
3027,164,4,5344,1,118,0
3028,164,4,5346,1,114,0
3029,164,4,5494,1,75,0
3030,164,4,5252,1,139,0
3031,164,4,5366,1,106,0
3032,164,4,4762,1,264,0
3033,164,4,5385,1,104,0
3034,164,4,5476,1,80,0
3035,164,4,5115,1,172,0
3036,164,4,5556,1,63,0
3037,164,4,5531,1,82,0
3038,164,4,5396,1,98,0
3039,164,4,5196,1,152,0
3040,164,4,5612,1,49,0
3041,164,4,5250,1,140,0
3042,164,4,5437,1,88,0
3043,164,4,5277,1,130,0
3044,164,4,5429,1,93,0
3045,164,4,5143,1,170,0
3046,164,4,5601,1,57,0
3047,164,4,5505,1,77,0
3048,164,4,5432,1,88,0
3049,164,4,5527,1,70,0
3050,165,4,5167,1,162,0
3051,165,4,5281,1,128,0
3052,165,4,5532,1,70,0
3053,165,1,1192,0,166,0
3054,165,4,5489,1,77,0
3055,165,1,1266,0,438,0
3056,165,3,3360,0,183,0
3057,165,4,5513,1,73,0
3058,165,4,5274,1,149,0
3059,165,4,5395,1,103,0
3060,165,4,5555,1,63,0
3061,165,3,3366,0,226,0
3062,165,4,4952,1,215,0
3063,165,2,2236,0,199,0
3064,165,4,5164,1,195,0
3065,165,4,5263,1,133,0
3066,165,4,5070,1,183,0
3067,165,4,5015,1,199,0
3068,165,4,5478,1,81,0
3069,165,4,5232,1,139,0
3070,166,4,5066,1,184,0
3071,166,4,5142,1,166,0
3072,166,4,5523,1,74,0
3073,166,4,5479,1,81,0
3074,166,4,5635,1,45,0
3075,166,4,5314,1,118,0
3076,166,4,5588,1,56,0
3077,166,4,5362,1,110,0
3078,166,4,5449,1,96,0
3079,166,4,5430,1,95,0
3080,166,4,4806,1,272,0
3081,166,4,5510,1,72,0
3082,166,4,4974,1,209,0
3083,166,4,5166,1,156,0
3084,166,4,5431,1,92,0
3085,166,4,5025,1,194,0
3086,166,4,5282,1,127,0
3087,166,4,4907,1,198,0
3088,166,4,5426,1,88,0
3089,166,4,5085,1,178,0
3090,166,0,99,0,140,0
3091,166,4,5331,1,117,0
3092,166,4,5397,1,99,0
3093,166,4,5619,1,49,0
3094,166,4,5288,1,133,0
3095,166,4,5331,1,114,0
3096,167,3,3231,0,217,0
3097,167,4,5335,1,114,0
3098,167,4,5371,1,105,0
3099,167,3,3278,0,180,0
3100,167,1,1192,0,111,1
3101,167,4,5418,1,107,0
3102,167,4,5450,1,89,0
3103,167,4,5364,1,107,0
3104,167,4,5309,1,132,0
3105,167,4,5500,1,78,0
3106,167,4,5553,1,65,0
3107,167,4,5338,1,125,0
3108,167,4,5269,1,151,0
3109,167,4,5189,1,151,0
3110,167,4,5577,1,57,0
3111,167,4,5177,1,156,0
3112,167,4,5513,1,73,0
3113,167,4,5127,1,169,0
3114,167,4,5141,1,160,0
3115,167,3,3309,0,168,0
3116,167,4,5319,1,137,0
3117,167,4,5588,1,56,0
3118,167,4,5584,1,55,0
3119,167,4,4946,1,212,0
3120,167,1,1192,0,198,0
3121,168,4,4854,1,241,0
3122,168,4,5454,1,86,0
3123,168,4,5219,1,143,0
3124,168,4,5116,1,172,0
3125,168,4,5271,1,130,0
3126,168,4,5488,1,76,0
3127,168,4,5238,1,137,0
3128,168,4,5406,1,99,0
3129,168,4,5358,1,117,0
3130,168,4,5571,1,59,0
3131,168,4,5118,1,169,0
3132,168,4,5061,1,183,0
3133,168,4,5138,1,167,0
3134,168,4,5197,1,149,0
3135,168,4,5481,1,80,0
3136,168,4,5308,1,121,0
3137,168,4,5558,1,62,0
3138,168,4,5378,1,113,0
3139,168,4,5512,1,74,0
3140,168,4,5079,1,178,0
3141,168,4,5398,1,99,0
3142,168,4,5208,1,199,0
3143,168,4,5177,1,154,0
3144,168,4,5310,1,139,0
3145,168,4,5541,1,72,0
3146,169,4,5248,1,172,0
3147,169,4,4888,1,269,0
3148,169,4,5645,1,42,0
3149,169,4,5592,1,54,0
3150,169,4,5404,1,98,0
3151,169,4,4769,1,287,0
3152,169,4,5383,1,102,0
3153,169,4,5375,1,129,0
3154,169,4,5294,1,113,0
3155,169,4,5159,1,148,0
3156,169,4,4961,1,205,0
3157,169,4,5238,1,150,0
3158,169,4,4602,1,333,0
3159,169,4,5266,1,131,0
3160,169,4,5258,1,135,0
3161,169,4,5205,1,148,0
3162,169,4,4880,1,226,0
3163,169,4,5253,1,151,0
3164,169,4,5548,1,69,0
3165,169,4,5283,1,127,0
3166,170,4,5394,1,101,0
3167,170,4,5521,1,70,0
3168,170,4,5483,1,84,0
3169,170,4,5430,1,93,0
3170,170,4,5072,1,194,0
3171,170,1,1144,0,160,0
3172,170,4,5512,1,76,0
3173,170,4,5518,1,71,0
3174,170,4,5430,1,95,0
3175,170,4,5300,1,123,0
3176,170,4,5284,1,112,0
3177,170,3,3468,0,210,0
3178,170,4,5423,1,94,0
3179,170,4,5187,1,157,0
3180,170,4,5425,1,93,0
3181,170,4,5559,1,61,0
3182,170,4,5268,1,121,0
3183,170,4,5127,1,193,0
3184,170,1,1189,0,166,0
3185,170,4,5486,1,88,0
3186,170,4,5516,1,70,0
3187,170,4,5446,1,86,0
3188,170,4,5551,1,62,0
3189,170,4,4683,1,298,0
3190,170,4,5467,1,84,0
3191,170,4,5363,1,109,0
3192,170,4,5247,1,140,0
3193,171,4,5338,1,113,0
3194,171,1,1187,0,195,0
3195,171,4,4981,1,206,0
3196,171,4,5622,1,46,0
3197,171,4,5520,1,75,0
3198,171,4,5266,1,138,0
3199,171,4,5351,1,118,0
3200,171,1,1192,0,111,1
3201,171,4,5289,1,127,0
3202,171,4,5220,1,141,0
3203,171,2,2406,0,190,0
3204,171,4,5157,1,161,0
3205,171,4,5235,1,141,0
3206,171,4,5312,1,120,0
3207,171,4,5131,1,164,0
3208,171,4,5332,1,120,0
3209,171,4,5457,1,87,0
3210,171,4,5482,1,114,0
3211,171,4,5222,1,156,0
3212,171,4,5501,1,74,0
3213,171,4,5481,1,81,0
3214,171,4,4904,1,225,0
3215,171,4,5122,1,170,0
3216,172,3,3194,0,245,0
3217,172,4,5408,1,98,0
3218,172,1,1176,0,156,0
3219,172,2,2188,0,264,0
3220,172,4,5551,1,62,0
3221,172,1,1271,0,177,0
3222,172,4,5234,1,144,0
3223,172,4,5560,1,62,0
3224,172,4,5228,1,156,0
3225,172,4,5180,1,143,0
3226,172,4,5052,1,183,0
3227,172,4,5602,1,51,0
3228,172,4,5467,1,82,0
3229,172,4,4984,1,204,0
3230,172,4,5353,1,110,0
3231,172,4,5137,1,167,0
3232,172,4,5500,1,87,0
3233,172,4,5394,1,102,0
3234,172,1,1354,0,223,0
3235,172,4,5392,1,99,0
3236,172,4,5302,1,126,0
3237,172,4,5083,1,196,0
3238,173,4,5318,1,147,0
3239,173,1,1190,0,203,0
3240,173,4,5212,1,166,0
3241,173,4,5525,1,73,0
3242,173,4,5422,1,96,0
3243,173,4,5531,1,68,0
3244,173,4,5233,1,147,0
3245,173,4,5346,1,119,0
3246,173,4,5176,1,157,0
3247,173,4,5526,1,69,0
3248,173,3,3299,0,233,0
3249,173,4,5261,1,135,0
3250,173,4,5499,1,84,0
3251,173,4,5017,1,223,0
3252,173,3,3316,0,184,0
3253,173,4,5418,1,99,0
3254,173,4,5380,1,98,0
3255,173,4,5564,1,59,0
3256,173,4,5128,1,164,0
3257,173,4,5171,1,163,0
3258,173,4,5204,1,146,0
3259,173,1,1136,0,168,0
3260,173,4,5090,1,171,0
3261,174,4,5024,1,193,0
3262,174,4,5524,1,70,0
3263,174,4,5279,1,128,0
3264,174,4,5476,1,82,0
3265,174,4,5088,1,177,0
3266,174,4,5136,1,179,0
3267,174,4,5458,1,91,0
3268,174,4,5408,1,101,0
3269,174,4,5561,1,62,0
3270,174,4,5284,1,127,0
3271,174,4,5171,1,157,0
3272,174,1,1188,0,194,0
3273,174,4,5073,1,174,0
3274,174,1,1056,0,151,0
3275,174,4,5540,1,68,0
3276,174,4,5271,1,133,0
3277,174,4,5443,1,98,0
3278,174,4,5639,1,43,0
3279,174,4,5177,1,159,0
3280,174,4,5144,1,160,0
3281,174,4,4930,1,219,0
3282,174,4,5381,1,102,0
3283,174,4,5266,1,131,0
3284,174,4,5432,1,97,0
3285,174,4,5547,1,64,0
3286,174,4,5596,1,52,0
3287,175,1,1186,0,161,0
3288,175,4,4655,1,299,0
3289,175,4,5595,1,53,0
3290,175,4,5254,1,156,0
3291,175,4,5256,1,133,0
3292,175,4,5414,1,96,0
3293,175,1,1190,0,167,0
3294,175,4,5075,1,192,0
3295,175,4,4882,1,233,0
3296,175,4,5224,1,144,0
3297,175,4,5493,1,77,0
3298,175,4,5193,1,149,0
3299,175,4,5326,1,116,0
3300,175,1,1192,0,109,1
3301,175,4,5361,1,110,0
3302,175,4,5207,1,148,0
3303,175,1,1192,0,148,0
3304,175,4,4863,1,237,0
3305,175,4,5107,1,177,0
3306,175,4,5054,1,185,0
3307,176,4,5131,1,166,0
3308,176,4,5313,1,135,0
3309,176,4,5451,1,126,0
3310,176,4,4978,1,207,0
3311,176,4,5510,1,73,0
3312,176,4,5211,1,148,0
3313,176,4,5169,1,157,0
3314,176,4,5079,1,169,0
3315,176,4,5182,1,151,0
3316,176,4,4532,1,334,0
3317,176,4,5494,1,75,0
3318,176,4,5319,1,117,0
3319,176,4,5221,1,145,0
3320,176,4,5485,1,75,0
3321,176,4,5515,1,84,0
3322,176,4,5273,1,124,0
3323,176,4,5329,1,116,0
3324,176,4,5306,1,128,0
3325,176,4,5407,1,103,0
3326,176,4,5200,1,141,0
3327,176,4,5357,1,107,0
3328,176,4,4990,1,176,0
3329,176,4,5494,1,76,0
3330,176,4,5514,1,74,0
3331,177,4,5236,1,141,0
3332,177,4,5542,1,70,0
3333,177,4,5489,1,79,0
3334,177,4,5484,1,78,0
3335,177,4,5098,1,175,0
3336,177,4,5202,1,155,0
3337,177,1,1182,0,136,0
3338,177,4,5420,1,107,0
3339,177,4,5413,1,96,0
3340,177,4,5418,1,112,0
3341,177,4,5611,1,49,0
3342,177,4,5412,1,98,0
3343,177,4,5502,1,77,0
3344,177,4,5442,1,87,0
3345,177,4,5356,1,110,0
3346,177,4,5459,1,85,0
3347,177,4,5010,1,197,0
3348,177,4,5311,1,132,0
3349,177,4,5363,1,110,0
3350,177,4,5155,1,162,0
3351,177,4,5628,1,45,0
3352,177,4,5426,1,94,0
3353,177,2,2183,0,218,0
3354,177,3,3385,0,231,0
3355,177,4,5281,1,164,0
3356,177,4,4899,1,254,0
3357,178,4,5381,1,104,0
3358,178,1,1168,0,163,0
3359,178,4,5512,1,72,0
3360,178,4,5563,1,60,0
3361,178,4,5430,1,115,0
3362,178,4,5324,1,126,0
3363,178,4,5466,1,83,0
3364,178,4,5432,1,90,0
3365,178,4,5367,1,123,0
3366,178,4,5588,1,58,0
3367,178,4,5542,1,67,0
3368,178,4,5250,1,144,0
3369,178,4,5299,1,134,0
3370,178,4,5261,1,132,0
3371,178,4,5334,1,122,0
3372,178,4,4903,1,240,0
3373,178,1,1192,0,143,0
3374,178,4,5494,1,89,0
3375,178,4,5545,1,65,0
3376,178,4,5179,1,156,0
3377,178,1,1187,0,202,0
3378,178,4,5324,1,119,0
3379,178,4,5566,1,62,0
3380,178,4,5258,1,133,0
3381,178,4,5292,1,125,0
3382,178,4,5419,1,122,0
3383,178,4,5309,1,120,0
3384,179,4,5240,1,145,0
3385,179,4,5477,1,80,0
3386,179,4,5388,1,113,0
3387,179,4,5308,1,143,0
3388,179,4,5058,1,186,0
3389,179,4,5216,1,149,0
3390,179,4,5481,1,82,0
3391,179,2,2080,0,166,0
3392,179,1,1272,0,163,0
3393,179,4,5220,1,143,0
3394,179,4,5188,1,153,0
3395,179,4,5367,1,109,0
3396,179,2,2158,0,163,0
3397,179,2,2236,0,144,0
3398,179,4,5149,1,165,0
3399,179,3,3362,0,162,0
3400,179,1,1192,0,111,1
3401,179,4,5020,1,200,0
3402,179,4,5021,1,212,0
3403,179,3,3388,0,187,0
3404,179,4,5262,1,132,0
3405,179,4,5612,1,47,0
3406,179,4,5469,1,82,0
3407,180,4,5435,1,91,0
3408,180,4,5399,1,125,0
3409,180,4,5352,1,110,0
3410,180,4,5056,1,181,0
3411,180,1,1185,0,166,0
3412,180,4,5153,1,169,0
3413,180,4,5604,1,51,0
3414,180,4,5014,1,205,0
3415,180,4,5172,1,156,0
3416,180,4,5265,1,138,0
3417,180,4,5208,1,148,0
3418,180,4,5574,1,57,0
3419,180,4,5124,1,167,0
3420,180,4,5530,1,70,0
3421,180,1,1192,0,153,0
3422,180,4,4834,1,243,0
3423,180,4,5638,1,44,0
3424,180,4,5460,1,84,0
3425,180,4,4706,1,321,0
3426,180,4,5338,1,133,0
3427,180,4,5505,1,75,0
3428,180,4,5288,1,147,0
3429,180,4,5281,1,143,0
3430,181,4,4997,1,203,0
3431,181,4,5557,1,59,0
3432,181,4,4899,1,225,0
3433,181,4,5482,1,90,0
3434,181,4,5348,1,113,0
3435,181,4,5580,1,56,0
3436,181,4,5397,1,101,0
3437,181,4,5288,1,127,0
3438,181,4,5554,1,68,0
3439,181,4,5352,1,117,0
3440,181,4,5446,1,95,0
3441,181,4,5374,1,116,0
3442,181,4,5267,1,144,0
3443,181,3,3358,0,179,0
3444,181,4,5247,1,143,0
3445,181,4,4944,1,205,0
3446,181,4,5054,1,171,0
3447,181,4,4961,1,209,0
3448,181,4,5366,1,131,0
3449,181,4,5170,1,158,0
3450,181,4,5570,1,57,0
3451,181,4,5149,1,162,0
3452,181,4,5450,1,87,0
3453,182,4,4839,1,246,0
3454,182,4,5306,1,128,0
3455,182,4,5278,1,129,0
3456,182,4,5363,1,106,0
3457,182,4,5236,1,146,0
3458,182,4,5198,1,148,0
3459,182,4,5534,1,66,0
3460,182,4,4730,1,276,0
3461,182,4,5341,1,112,0
3462,182,4,5327,1,117,0
3463,182,4,5491,1,81,0
3464,182,4,5609,1,51,0
3465,182,4,5574,1,62,0
3466,182,4,5157,1,158,0
3467,182,4,5288,1,129,0
3468,182,4,5001,1,201,0
3469,182,4,5241,1,138,0
3470,182,4,5474,1,82,0
3471,182,4,5381,1,103,0
3472,182,4,5226,1,149,0
3473,182,4,5268,1,135,0
3474,182,4,5394,1,99,0
3475,182,1,1081,0,146,0
3476,182,4,5397,1,117,0
3477,182,4,5588,1,55,0
3478,183,4,5293,1,125,0
3479,183,4,5412,1,96,0
3480,183,4,5225,1,143,0
3481,183,4,5160,1,168,0
3482,183,4,5329,1,119,0
3483,183,4,5310,1,125,0
3484,183,4,5412,1,100,0
3485,183,4,5295,1,120,0
3486,183,4,5387,1,111,0
3487,183,4,5487,1,88,0
3488,183,4,5534,1,68,0
3489,183,4,5497,1,75,0
3490,183,4,5261,1,131,0
3491,183,4,5444,1,90,0
3492,183,4,5246,1,137,0
3493,183,4,5431,1,88,0
3494,183,4,5559,1,66,0
3495,183,4,5228,1,145,0
3496,183,4,4974,1,209,0
3497,183,3,3232,0,221,0
3498,183,4,5077,1,181,0
3499,183,4,5510,1,75,0
3500,183,1,1192,0,111,1
3501,183,4,5326,1,117,0
3502,183,1,1275,0,182,0
3503,183,4,5296,1,125,0
3504,184,4,5062,1,171,0
3505,184,4,5541,1,74,0
3506,184,4,5395,1,115,0
3507,184,4,5435,1,92,0
3508,184,4,5090,1,180,0
3509,184,4,5445,1,96,0
3510,184,4,5238,1,152,0
3511,184,4,5090,1,182,0
3512,184,4,5577,1,60,0
3513,184,4,5537,1,83,0
3514,184,4,5303,1,132,0
3515,184,4,5251,1,141,0
3516,184,4,5350,1,112,0
3517,184,4,5059,1,186,0
3518,184,4,5411,1,96,0
3519,184,4,5085,1,176,0
3520,184,1,1246,0,203,0
3521,184,4,5600,1,54,0
3522,184,4,5080,1,183,0
3523,184,3,3390,0,181,0
3524,184,3,3162,0,305,0
3525,184,4,5243,1,142,0
3526,185,4,5389,1,105,0
3527,185,4,5472,1,81,0
3528,185,4,5304,1,122,0
3529,185,4,5391,1,101,0
3530,185,4,5270,1,137,0
3531,185,4,5403,1,106,0
3532,185,4,5084,1,177,0
3533,185,4,5453,1,87,0
3534,185,4,5282,1,131,0
3535,185,4,5578,1,58,0
3536,185,4,5516,1,90,0
3537,185,4,5529,1,67,0
3538,185,4,5301,1,124,0
3539,185,4,5244,1,132,0
3540,185,4,5491,1,77,0
3541,185,4,5469,1,94,0
3542,185,4,5571,1,57,0
3543,185,4,5105,1,200,0
3544,185,4,5153,1,153,0
3545,185,4,5069,1,182,0
3546,185,4,5278,1,112,0
3547,185,2,2171,0,187,0
3548,185,4,5509,1,85,0
3549,185,4,5364,1,109,0
3550,185,4,5196,1,151,0
3551,185,4,5489,1,76,0
3552,185,4,5482,1,86,0
3553,185,4,5379,1,102,0
3554,186,4,5110,1,184,0
3555,186,4,5204,1,145,0
3556,186,4,5239,1,138,0
3557,186,4,5303,1,123,0
3558,186,4,5169,1,158,0
3559,186,4,5313,1,122,0
3560,186,4,5216,1,151,0
3561,186,4,5516,1,74,0
3562,186,1,1191,0,189,0
3563,186,4,5516,1,69,0
3564,186,4,5511,1,74,0
3565,186,4,5349,1,110,0
3566,186,4,5546,1,67,0
3567,186,4,5337,1,165,0
3568,186,1,1275,0,186,0
3569,186,4,5295,1,135,0
3570,186,4,5244,1,135,0
3571,186,4,5452,1,87,0
3572,186,4,5415,1,124,0
3573,186,1,1103,0,149,0
3574,186,4,5413,1,98,0
3575,186,4,5533,1,75,0
3576,186,4,5410,1,102,0
3577,186,4,5368,1,119,0
3578,186,4,5158,1,158,0
3579,187,4,5392,1,104,0
3580,187,4,5396,1,99,0
3581,187,4,5167,1,193,0
3582,187,4,5194,1,152,0
3583,187,4,5338,1,116,0
3584,187,4,5517,1,70,0
3585,187,4,5419,1,100,0
3586,187,4,5392,1,105,0
3587,187,4,5438,1,92,0
3588,187,4,5419,1,96,0
3589,187,4,5216,1,139,0
3590,187,4,5345,1,114,0
3591,187,4,5419,1,98,0
3592,187,4,5593,1,53,0
3593,187,4,5481,1,89,0
3594,187,4,5118,1,169,0
3595,187,4,5261,1,135,0
3596,187,4,5376,1,105,0
3597,187,4,5240,1,140,0
3598,187,4,4924,1,234,0
3599,187,4,5322,1,117,0
3600,187,1,1192,0,111,1
3601,187,2,2307,0,202,0
3602,187,4,5372,1,112,0
3603,187,4,5576,1,59,0
3604,187,3,3377,0,252,0
3605,188,4,5478,1,81,0
3606,188,4,5256,1,144,0
3607,188,4,5269,1,131,0
3608,188,4,5309,1,125,0
3609,188,4,5579,1,61,0
3610,188,4,5458,1,84,0
3611,188,4,5360,1,121,0
3612,188,4,5502,1,73,0
3613,188,4,5286,1,130,0
3614,188,4,5395,1,118,0
3615,188,4,5341,1,111,0
3616,188,3,3359,0,196,0
3617,188,4,5043,1,186,0
3618,188,4,5379,1,105,0
3619,188,4,5256,1,137,0
3620,188,4,5445,1,88,0
3621,188,4,5494,1,77,0
3622,188,4,5322,1,119,0
3623,188,4,5158,1,158,0
3624,188,4,5086,1,190,0
3625,188,4,5162,1,160,0
3626,188,4,5215,1,144,0
3627,188,4,5075,1,194,0
3628,188,3,3225,0,168,0
3629,189,2,2228,0,165,0
3630,189,4,5417,1,94,0
3631,189,4,5419,1,95,0
3632,189,4,5270,1,132,0
3633,189,4,5198,1,180,0
3634,189,4,5329,1,132,0
3635,189,4,5264,1,134,0
3636,189,2,2228,0,188,0
3637,189,4,4791,1,246,0
3638,189,4,5106,1,175,0
3639,189,4,5605,1,55,0
3640,189,4,5514,1,73,0
3641,189,4,4909,1,225,0
3642,189,1,1172,0,143,0
3643,189,4,5344,1,112,0
3644,189,4,5574,1,62,0
3645,189,4,5499,1,81,0
3646,189,4,5436,1,82,0
3647,189,4,5472,1,96,0
3648,189,4,5503,1,73,0
3649,189,4,5333,1,117,0
3650,189,4,5189,1,177,0
3651,189,4,5082,1,176,0
3652,189,4,5301,1,124,0
3653,190,0,274,0,417,0
3654,190,4,5447,1,94,0
3655,190,2,2320,0,143,0
3656,190,4,4801,1,274,0
3657,190,4,5445,1,93,0
3658,190,4,5225,1,139,0
3659,190,4,5318,1,129,0
3660,190,4,5495,1,89,0
3661,190,4,5256,1,132,0
3662,190,4,5340,1,110,0
3663,190,4,5217,1,156,0
3664,190,4,5374,1,104,0
3665,190,4,5625,1,49,0
3666,190,4,5361,1,111,0
3667,190,4,5541,1,69,0
3668,190,4,5402,1,98,0
3669,190,4,5276,1,132,0
3670,190,4,5615,1,48,0
3671,190,4,5429,1,95,0
3672,190,4,4913,1,265,0
3673,190,4,5285,1,129,0
3674,190,4,5341,1,114,0
3675,190,4,5146,1,159,0
3676,190,4,5595,1,53,0
3677,191,4,4879,1,267,0
3678,191,4,5239,1,139,0
3679,191,2,2168,0,228,0
3680,191,4,4805,1,248,0
3681,191,4,5350,1,111,0
3682,191,4,4979,1,207,0
3683,191,4,4880,1,241,0
3684,191,4,5319,1,118,0
3685,191,4,5416,1,95,0
3686,191,3,3456,0,188,0
3687,191,4,5166,1,159,0
3688,191,4,5290,1,124,0
3689,191,4,5437,1,102,0
3690,191,4,5027,1,201,0
3691,191,4,5085,1,175,0
3692,191,4,5478,1,84,0
3693,191,4,5027,1,178,0
3694,191,4,5049,1,209,0
3695,192,4,4959,1,216,0
3696,192,4,5444,1,89,0
3697,192,4,5238,1,141,0
3698,192,1,1191,0,196,0
3699,192,4,5314,1,120,0
3700,192,1,1192,0,111,1
3701,192,4,5350,1,126,0
3702,192,4,5616,1,50,0
3703,192,4,4971,1,220,0
3704,192,4,5419,1,94,0
3705,192,4,5362,1,115,0
3706,192,4,5381,1,105,0
3707,192,4,5388,1,113,0
3708,192,4,5413,1,94,0
3709,192,4,5494,1,77,0
3710,192,4,5435,1,97,0
3711,192,4,5407,1,98,0
3712,192,4,5104,1,183,0
3713,192,4,5106,1,178,0
3714,192,4,5082,1,181,0
3715,192,4,5477,1,94,0
3716,192,4,5325,1,156,0
3717,192,4,5197,1,143,0
3718,192,4,5393,1,113,0
3719,192,4,5437,1,91,0
3720,192,4,5592,1,52,0
3721,193,3,3194,0,260,0
3722,193,4,5091,1,179,0
3723,193,4,5481,1,82,0
3724,193,4,5475,1,81,0
3725,193,4,5456,1,83,0
3726,193,4,5175,1,155,0
3727,193,4,5425,1,93,0
3728,193,4,5459,1,84,0
3729,193,3,3167,0,217,0
3730,193,4,5329,1,119,0
3731,193,4,5180,1,152,0
3732,193,4,5139,1,158,0
3733,193,4,5408,1,99,0
3734,193,4,5082,1,177,0
3735,193,4,5472,1,84,0
3736,193,4,5423,1,133,0
3737,193,4,4710,1,284,0
3738,193,4,5167,1,158,0
3739,193,4,5329,1,119,0
3740,193,4,5350,1,112,0
3741,193,4,5210,1,158,0
3742,193,4,5274,1,144,0
3743,194,4,5061,1,191,0
3744,194,4,5311,1,125,0
3745,194,4,5298,1,156,0
3746,194,4,5358,1,108,0
3747,194,4,4993,1,203,0
3748,194,4,5098,1,179,0
3749,194,4,5319,1,125,0
3750,194,4,5181,1,153,0
3751,194,4,4885,1,237,0
3752,194,4,5468,1,81,0
3753,194,4,4719,1,279,0
3754,194,4,5422,1,97,0
3755,194,4,5518,1,72,0
3756,194,4,5544,1,66,0
3757,194,4,5515,1,73,0
3758,194,4,5148,1,163,0
3759,194,4,4958,1,209,0
3760,194,4,5373,1,106,0
3761,194,4,5547,1,64,0
3762,194,4,5370,1,107,0
3763,194,4,5316,1,120,0
3764,194,4,5342,1,112,0
3765,194,4,5132,1,164,0
3766,195,4,5146,1,160,0
3767,195,4,5503,1,76,0
3768,195,4,5336,1,111,0
3769,195,4,5158,1,162,0
3770,195,4,5345,1,110,0
3771,195,4,5254,1,139,0
3772,195,4,5186,1,153,0
3773,195,4,5479,1,81,0
3774,195,4,5182,1,149,0
3775,195,4,5383,1,113,0
3776,195,4,5329,1,117,0
3777,195,4,5085,1,180,0
3778,195,4,5570,1,59,0
3779,195,4,5277,1,140,0
3780,195,4,4983,1,220,0
3781,195,4,5237,1,174,0
3782,195,4,5361,1,116,0
3783,195,4,5571,1,60,0
3784,195,4,5391,1,105,0
3785,195,4,5614,1,52,0
3786,195,4,5289,1,150,0
3787,195,4,4837,1,246,0
3788,195,3,3604,0,186,0
3789,195,0,194,0,143,0
3790,196,4,5534,1,87,0
3791,196,4,5527,1,68,0
3792,196,4,5345,1,117,0
3793,196,4,5499,1,78,0
3794,196,4,5510,1,72,0
3795,196,4,5435,1,90,0
3796,196,4,5320,1,126,0
3797,196,4,5222,1,143,0
3798,196,4,4294,1,413,0
3799,196,4,5447,1,121,0
3800,196,1,1192,0,111,1
3801,196,4,5204,1,155,0
3802,196,1,1158,0,160,0
3803,196,4,4701,1,294,0
3804,196,4,5501,1,76,0
3805,196,4,5476,1,81,0
3806,196,4,5029,1,195,0
3807,196,4,5500,1,75,0
3808,196,4,5352,1,108,0
3809,196,4,5193,1,148,0
3810,196,4,5204,1,145,0
3811,196,4,5038,1,192,0
3812,196,4,5533,1,68,0
3813,197,4,5023,1,182,0
3814,197,4,5467,1,84,0
3815,197,4,5097,1,178,0
3816,197,4,5370,1,111,0
3817,197,4,5177,1,166,0
3818,197,4,5000,1,201,0
3819,197,4,5261,1,135,0
3820,197,4,5536,1,68,0
3821,197,4,5588,1,54,0
3822,197,4,5408,1,98,0
3823,197,4,5432,1,86,0
3824,197,4,5414,1,98,0
3825,197,4,5305,1,121,0
3826,197,4,5409,1,97,0
3827,197,4,5187,1,181,0
3828,197,4,5447,1,87,0
3829,197,4,5327,1,117,0
3830,197,1,1192,0,181,0
3831,197,4,5507,1,77,0
3832,197,4,5481,1,80,0
3833,197,4,5107,1,177,0
3834,197,4,5144,1,156,0
3835,197,4,4483,1,347,0
3836,197,4,5621,1,48,0
3837,198,4,5076,1,194,0
3838,198,4,5582,1,56,0
3839,198,4,5209,1,150,0
3840,198,4,5425,1,84,0
3841,198,4,5133,1,168,0
3842,198,4,5590,1,54,0
3843,198,4,5271,1,133,0
3844,198,4,5488,1,75,0
3845,198,4,5488,1,80,0
3846,198,4,5367,1,108,0
3847,198,4,5521,1,70,0
3848,198,4,4617,1,317,0
3849,198,4,4422,1,362,0
3850,198,4,5350,1,143,0
3851,198,4,5446,1,90,0
3852,198,4,5149,1,163,0
3853,198,4,5475,1,82,0
3854,198,4,5489,1,80,0
3855,198,4,5449,1,90,0
3856,198,4,5098,1,174,0
3857,198,4,5585,1,57,0
3858,198,4,5387,1,101,0
3859,198,4,5457,1,86,0
3860,198,4,5256,1,137,0
3861,198,4,5230,1,145,0
3862,199,4,5167,1,174,0
3863,199,4,5364,1,111,0
3864,199,4,5424,1,94,0
3865,199,4,5369,1,105,0
3866,199,4,5291,1,129,0
3867,199,4,5192,1,169,0
3868,199,4,4869,1,236,0
3869,199,4,5582,1,63,0
3870,199,4,4862,1,239,0
3871,199,4,5158,1,165,0
3872,199,4,4518,1,342,0
3873,199,4,5270,1,131,0
3874,199,4,5185,1,159,0
3875,199,4,5532,1,68,0
3876,199,4,5451,1,89,0
3877,199,3,3255,0,263,0
3878,199,4,5128,1,171,0
3879,199,4,5393,1,135,0
3880,199,4,5534,1,66,0
3881,199,4,5499,1,77,0
3882,200,4,4974,1,202,0
3883,200,4,5411,1,95,0
3884,200,4,4917,1,225,0
3885,200,4,5124,1,171,0
3886,200,4,5376,1,106,0
3887,200,4,5378,1,116,0
3888,200,4,4541,1,332,0
3889,200,4,4185,1,424,0
3890,200,4,5249,1,131,0
3891,200,4,5225,1,141,0
3892,200,4,4753,1,330,0
3893,200,4,5565,1,59,0
3894,200,4,5159,1,154,0
3895,200,4,5473,1,85,0
3896,200,4,5531,1,69,0
3897,200,4,5478,1,82,0
3898,200,4,5533,1,66,0
3899,200,4,5129,1,168,0
3900,200,1,1192,0,111,1
3901,200,4,5228,1,124,0
3902,201,4,5394,1,116,0
3903,201,4,5154,1,160,0
3904,201,4,5540,1,68,0
3905,201,3,3263,0,169,0
3906,201,4,5464,1,85,0
3907,201,4,5238,1,143,0
3908,201,4,5456,1,84,0
3909,201,4,5424,1,93,0
3910,201,4,5412,1,100,0
3911,201,4,5322,1,121,0
3912,201,4,5292,1,133,0
3913,201,4,5423,1,101,0
3914,201,4,5542,1,65,0
3915,201,4,5455,1,86,0
3916,201,4,5054,1,206,0
3917,201,4,5141,1,163,0
3918,201,4,5491,1,77,0
3919,201,4,5293,1,160,0
3920,201,4,5378,1,111,0
3921,201,4,5470,1,90,0
3922,201,4,5516,1,72,0
3923,201,4,5472,1,81,0
3924,201,4,5517,1,70,0
3925,201,4,5137,1,165,0
3926,201,4,5541,1,70,0
3927,201,2,2286,0,183,0
3928,201,4,5114,1,174,0
3929,201,4,5438,1,89,0
3930,202,4,5387,1,108,0
3931,202,4,5328,1,133,0
3932,202,4,4963,1,211,0
3933,202,4,4863,1,224,0
3934,202,4,5439,1,90,0
3935,202,4,5548,1,68,0
3936,202,4,5583,1,55,0
3937,202,4,5359,1,126,0
3938,202,4,5046,1,182,0
3939,202,4,5449,1,96,0
3940,202,4,5465,1,87,0
3941,202,4,4979,1,207,0
3942,202,4,5158,1,159,0
3943,202,4,5252,1,144,0
3944,202,4,5084,1,174,0
3945,202,4,5323,1,118,0
3946,202,4,5329,1,119,0
3947,202,4,5223,1,151,0
3948,202,4,4905,1,272,0
3949,202,4,5191,1,149,0
3950,202,4,5215,1,143,0
3951,202,4,5260,1,135,0
3952,203,4,5450,1,88,0
3953,203,4,5401,1,99,0
3954,203,4,5228,1,185,0
3955,203,4,5491,1,78,0
3956,203,4,5192,1,150,0
3957,203,4,5487,1,92,0
3958,203,4,5085,1,181,0
3959,203,1,1192,0,162,0
3960,203,4,5229,1,142,0
3961,203,4,5506,1,81,0
3962,203,4,5303,1,163,0
3963,203,4,5442,1,87,0
3964,203,4,5183,1,157,0
3965,203,4,5126,1,175,0
3966,203,4,5494,1,75,0
3967,203,4,5142,1,162,0
3968,203,4,5498,1,74,0
3969,203,4,5459,1,93,0
3970,203,4,5573,1,61,0
3971,203,2,2245,0,239,0
3972,203,4,5516,1,78,0
3973,203,4,5490,1,77,0
3974,203,4,5325,1,120,0
3975,203,4,5213,1,152,0
3976,203,3,3415,0,175,0
3977,204,4,5229,1,141,0
3978,204,4,5449,1,97,0
3979,204,4,5444,1,118,0
3980,204,4,5539,1,66,0
3981,204,4,4956,1,212,0
3982,204,4,5121,1,170,0
3983,204,4,5259,1,134,0
3984,204,4,5084,1,197,0
3985,204,4,5485,1,90,0
3986,204,4,5374,1,129,0
3987,204,4,5326,1,137,0
3988,204,4,5357,1,124,0
3989,204,4,5534,1,69,0
3990,204,4,5553,1,67,0
3991,204,4,5557,1,70,0
3992,204,4,5478,1,108,0
3993,204,4,5484,1,89,0
3994,204,4,5220,1,140,0
3995,204,4,5249,1,135,0
3996,204,4,5165,1,162,0
3997,204,4,5505,1,80,0
3998,204,2,2156,0,222,0
3999,204,4,5204,1,140,0
4000,204,1,1192,0,111,1
4001,204,4,5160,1,169,0
