1,0,1,1099,0,299,0
2,0,0,96,0,184,0
3,0,0,91,0,197,0
4,0,0,92,0,357,0
5,1,1,912,0,308,0
6,1,0,173,0,277,0
7,1,0,99,0,129,0
8,1,0,84,0,193,0
9,1,0,98,0,156,0
10,1,0,98,0,294,0
11,1,0,89,0,129,0
12,1,2,2247,0,275,0
13,1,0,98,0,318,0
14,1,0,98,0,261,0
15,1,0,91,0,169,0
16,1,3,3378,0,266,0
17,2,1,1030,0,318,0
18,2,2,2230,0,235,0
19,2,2,2184,0,352,0
20,2,0,98,0,276,0
21,2,1,1417,0,237,0
22,2,1,1124,0,266,0
23,2,0,99,0,449,0
24,2,1,1215,0,244,0
25,2,0,0,0,255,0
26,2,2,2146,0,214,0
27,3,2,2208,0,324,0
28,3,1,1146,0,149,0
29,3,0,99,0,256,0
30,3,1,1202,0,253,0
31,3,2,2150,0,424,0
32,3,0,95,0,273,0
33,3,0,0,0,188,0
34,3,0,96,0,269,0
35,3,2,2223,0,236,0
36,3,1,1299,0,308,0
37,3,1,1164,0,133,0
38,3,1,1055,0,289,0
39,3,1,1067,0,265,0
40,4,3,3238,0,290,0
41,4,1,1079,0,223,0
42,4,0,94,0,410,0
43,4,1,1224,0,172,0
44,4,1,1061,0,142,0
45,4,1,1065,0,225,0
46,4,0,96,0,249,0
47,4,0,171,0,262,0
48,4,0,98,0,429,0
49,4,2,2212,0,316,0
50,4,1,1123,0,268,0
51,5,1,975,0,401,0
52,5,0,383,0,246,0
53,5,1,1143,0,182,0
54,5,2,2099,0,342,0
55,5,2,2220,0,214,0
56,5,0,193,0,147,0
57,5,1,921,0,289,0
58,5,0,178,0,246,0
59,5,1,1249,0,429,0
60,5,0,99,0,120,0
61,5,1,1284,0,378,0
62,6,0,91,0,625,0
63,6,1,976,0,228,0
64,6,1,1215,0,248,0
65,6,1,1269,0,200,0
66,6,1,1226,0,325,0
67,6,1,1111,0,364,0
68,6,2,2151,0,234,0
69,6,1,1148,0,134,0
70,6,1,1146,0,204,0
71,6,0,194,0,194,0
72,6,1,1064,0,414,0
73,6,0,98,0,142,0
74,7,1,1255,0,324,0
75,7,0,0,0,243,0
76,7,1,1079,0,288,0
77,7,2,2350,0,180,0
78,7,1,1171,0,212,0
79,7,0,99,0,131,0
80,7,0,98,0,200,0
81,7,0,195,0,146,0
82,7,1,994,0,245,0
83,7,0,179,0,299,0
84,7,0,97,0,282,0
85,7,1,1203,0,152,0
86,7,1,1053,0,168,0
87,7,0,96,0,202,0
88,8,1,1354,0,382,0
89,8,1,1210,0,498,0
90,8,1,1169,0,267,0
91,8,3,3224,0,371,0
92,8,1,1442,0,204,0
93,8,1,1114,0,138,0
94,8,1,1230,0,170,0
95,8,2,2057,0,389,0
96,8,2,2342,0,241,0
97,8,2,2417,0,385,0
98,8,0,99,0,141,0
99,8,2,2142,0,151,0
100,8,0,99,0,106,1
101,9,3,3224,0,276,0
102,9,2,2338,0,162,0
103,9,3,3335,0,272,0
104,9,3,3244,0,438,0
105,9,3,3341,0,300,0
106,9,3,3366,0,261,0
107,9,2,2380,0,266,0
108,9,3,3175,0,368,0
109,9,3,3417,0,296,0
110,9,4,5126,1,228,0
111,9,4,5147,1,282,0
112,10,0,99,0,281,0
113,10,2,2406,0,333,0
114,10,2,2385,0,268,0
115,10,2,2311,0,392,0
116,10,3,3245,0,353,0
117,10,2,2253,0,276,0
118,10,3,3623,0,233,0
119,10,3,3376,0,382,0
120,10,3,3457,0,291,0
121,10,0,99,0,138,0
122,11,3,3181,0,482,0
123,11,0,99,0,153,0
124,11,4,4950,1,255,0
125,11,2,2361,0,246,0
126,11,2,2417,0,266,0
127,11,2,2197,0,189,0
128,11,4,5265,1,176,0
129,11,2,1880,0,495,0
130,11,2,2024,0,264,0
131,11,0,99,0,240,0
132,11,3,3481,0,347,0
133,11,4,5350,1,157,0
134,12,3,2952,0,527,0
135,12,1,1132,0,216,0
136,12,0,99,0,186,0
137,12,1,1338,0,141,0
138,12,0,99,0,202,0
139,12,2,1950,0,360,0
140,12,2,2198,0,191,0
141,12,3,2818,0,300,0
142,12,3,3032,0,304,0
143,12,4,5242,1,163,0
144,12,4,4361,1,355,0
145,12,1,1278,0,265,0
146,12,3,3367,0,274,0
147,13,2,1838,0,370,0
148,13,3,3562,0,156,0
149,13,3,3195,0,155,0
150,13,1,1215,0,217,0
151,13,2,2225,0,167,0
152,13,3,3044,0,309,0
153,13,4,4921,1,225,0
154,13,4,5523,1,70,0
155,13,0,99,0,158,0
156,13,1,1285,0,488,0
157,13,4,5338,1,118,0
158,13,3,3000,0,374,0
159,13,2,2214,0,280,0
160,14,2,2127,0,258,0
161,14,3,3178,0,217,0
162,14,2,2347,0,199,0
163,14,4,5207,1,149,0
164,14,0,96,0,206,0
165,14,3,2977,0,330,0
166,14,3,3347,0,698,0
167,14,4,4759,1,267,0
168,14,1,1147,0,227,0
169,14,3,3038,0,272,0
170,14,3,3298,0,501,0
171,15,4,4867,1,290,0
172,15,2,1889,0,350,0
173,15,2,2098,0,232,0
174,15,0,180,0,253,0
175,15,4,4651,1,253,0
176,15,2,2235,0,252,0
177,15,4,4946,1,222,0
178,15,1,1209,0,227,0
179,15,3,3234,0,191,0
180,15,2,2294,0,243,0
181,15,4,5059,1,224,0
182,15,2,2309,0,183,0
183,15,2,2199,0,401,0
184,16,2,2400,0,436,0
185,16,1,1281,0,302,0
186,16,2,2441,0,320,0
187,16,4,5392,1,106,0
188,16,4,5231,1,135,0
189,16,3,3042,0,242,0
190,16,4,4477,1,326,0
191,16,1,1282,0,194,0
192,16,1,1211,0,159,0
193,16,4,4745,1,272,0
194,16,4,4850,1,297,0
195,16,4,5034,1,227,0
196,17,2,2108,0,314,0
197,17,4,5033,1,179,0
198,17,4,5083,1,166,0
199,17,1,1068,0,159,0
200,17,0,99,0,111,1
201,17,4,5180,1,170,0
202,17,4,5275,1,125,0
203,17,4,5136,1,173,0
204,17,1,1141,0,238,0
205,17,4,5252,1,129,0
206,17,1,1247,0,274,0
207,17,2,2387,0,366,0
208,17,2,2446,0,390,0
209,17,3,3165,0,307,0
210,18,4,4612,1,341,0
211,18,2,2117,0,362,0
212,18,2,2318,0,309,0
213,18,1,1181,0,194,0
214,18,4,5273,1,117,0
215,18,2,2309,0,253,0
216,18,1,1102,0,185,0
217,18,4,5033,1,174,0
218,18,1,1238,0,134,0
219,18,1,1237,0,148,0
220,18,4,5358,1,117,0
221,18,4,5141,1,171,0
222,18,4,4545,1,477,0
223,18,2,2200,0,195,0
224,18,4,4882,1,216,0
225,19,0,99,0,219,0
226,19,2,2430,0,334,0
227,19,3,3263,0,611,0
228,19,2,2065,0,543,0
229,19,2,2440,0,202,0
230,19,1,1044,0,251,0
231,19,4,4755,1,253,0
232,19,4,5263,1,224,0
233,19,4,5407,1,99,0
234,19,2,2339,0,195,0
235,20,2,2415,0,860,0
236,20,4,5485,1,81,0
237,20,2,2316,0,356,0
238,20,4,5434,1,100,0
239,20,4,5130,1,226,0
240,20,4,5135,1,233,0
241,20,4,5200,1,138,0
242,20,3,3345,0,280,0
243,20,4,5352,1,107,0
244,20,4,4865,1,372,0
245,20,4,4685,1,281,0
246,20,4,4995,1,231,0
247,20,1,1282,0,185,0
248,21,1,1281,0,301,0
249,21,4,5011,1,184,0
250,21,4,5010,1,193,0
251,21,2,2408,0,163,0
252,21,1,1283,0,434,0
253,21,2,2210,0,241,0
254,21,4,5276,1,147,0
255,21,4,5068,1,301,0
256,21,2,2391,0,241,0
257,21,3,3277,0,258,0
258,21,3,2989,0,266,0
259,21,2,2158,0,305,0
260,21,4,4860,1,258,0
261,22,4,5147,1,153,0
262,22,4,4800,1,276,0
263,22,2,2185,0,240,0
264,22,4,5175,1,155,0
265,22,4,5124,1,206,0
266,22,4,4743,1,319,0
267,22,4,4724,1,249,0
268,22,4,5205,1,164,0
269,22,4,4792,1,383,0
270,22,1,1281,0,408,0
271,22,4,4699,1,290,0
272,22,4,5175,1,172,0
273,22,4,5230,1,153,0
274,23,4,5190,1,163,0
275,23,0,99,0,212,0
276,23,2,2195,0,228,0
277,23,2,2238,0,352,0
278,23,1,962,0,276,0
279,23,1,1097,0,278,0
280,23,4,5239,1,151,0
281,23,1,1274,0,213,0
282,23,4,5190,1,149,0
283,23,0,99,0,182,0
284,23,4,5124,1,174,0
285,23,4,5070,1,166,0
286,23,3,3345,0,230,0
287,23,4,4592,1,351,0
288,24,1,1063,0,243,0
289,24,4,5351,1,124,0
290,24,1,1286,0,571,0
291,24,1,1281,0,314,0
292,24,4,5359,1,111,0
293,24,0,99,0,189,0
294,24,4,5355,1,104,0
295,24,4,5221,1,170,0
296,24,4,4764,1,266,0
297,24,4,5069,1,221,0
298,24,2,2133,0,276,0
299,24,2,2059,0,236,0
300,24,0,99,0,111,1
301,24,2,2268,0,209,0
302,25,4,4974,1,313,0
303,25,2,2357,0,203,0
304,25,1,1192,0,266,0
305,25,1,1271,0,251,0
306,25,4,5033,1,199,0
307,25,3,3112,0,278,0
308,25,4,5193,1,156,0
309,25,2,2203,0,389,0
310,25,2,2206,0,219,0
311,25,4,4788,1,317,0
312,25,4,5366,1,117,0
313,25,4,4964,1,198,0
314,25,4,4925,1,231,0
315,26,1,1339,0,274,0
316,26,4,4746,1,252,0
317,26,4,5421,1,95,0
318,26,4,4871,1,291,0
319,26,4,5332,1,144,0
320,26,1,1235,0,214,0
321,26,4,5262,1,162,0
322,26,4,5280,1,156,0
323,26,1,1232,0,169,0
324,26,4,4733,1,237,0
325,26,4,4665,1,273,0
326,26,2,2126,0,409,0
327,26,0,99,0,208,0
328,26,4,4730,1,232,0
329,27,4,5374,1,118,0
330,27,4,5298,1,139,0
331,27,3,3088,0,321,0
332,27,4,5009,1,222,0
333,27,4,5056,1,187,0
334,27,4,5180,1,168,0
335,27,4,4967,1,225,0
336,27,3,2894,0,528,0
337,27,4,4751,1,270,0
338,27,3,2946,0,352,0
339,27,4,5004,1,241,0
340,27,4,4722,1,343,0
341,28,4,5027,1,211,0
342,28,4,4632,1,318,0
343,28,4,5353,1,119,0
344,28,3,3337,0,435,0
345,28,1,1279,0,596,0
346,28,0,99,0,279,0
347,28,3,2943,0,345,0
348,28,4,5246,1,141,0
349,28,3,3232,0,236,0
350,28,4,5281,1,122,0
351,28,4,5105,1,199,0
352,29,4,4278,1,347,0
353,29,4,5053,1,183,0
354,29,4,5251,1,156,0
355,29,4,5097,1,215,0
356,29,4,4966,1,187,0
357,29,4,4684,1,253,0
358,29,1,1167,0,192,0
359,29,4,5027,1,183,0
360,29,4,4862,1,331,0
361,29,4,4937,1,267,0
362,29,1,1284,0,698,0
363,29,4,5269,1,140,0
364,29,4,5296,1,155,0
365,30,2,2327,0,371,0
366,30,2,1888,0,343,0
367,30,4,4872,1,244,0
368,30,4,4840,1,280,0
369,30,4,5276,1,132,0
370,30,4,5176,1,161,0
371,30,4,5091,1,159,0
372,30,4,4986,1,200,0
373,30,4,4641,1,285,0
374,30,4,5123,1,161,0
375,30,4,5156,1,163,0
376,30,4,4932,1,218,0
377,30,4,5062,1,207,0
378,31,1,1082,0,356,0
379,31,4,4555,1,296,0
380,31,1,1031,0,273,0
381,31,4,5003,1,223,0
382,31,4,4576,1,350,0
383,31,4,4881,1,229,0
384,31,4,4810,1,247,0
385,31,4,4356,1,443,0
386,31,4,5181,1,139,0
387,31,4,5221,1,141,0
388,31,4,5211,1,157,0
389,31,2,2121,0,190,0
390,31,4,5505,1,79,0
391,31,4,5390,1,102,0
392,32,4,4742,1,361,0
393,32,4,5196,1,177,0
394,32,4,4910,1,210,0
395,32,4,4983,1,208,0
396,32,4,4874,1,302,0
397,32,4,5268,1,144,0
398,32,4,4787,1,233,0
399,32,1,1177,0,177,0
400,32,0,99,0,111,1
401,32,4,5066,1,181,0
402,32,1,1178,0,135,0
403,32,4,4520,1,320,0
404,32,4,4916,1,222,0
405,32,4,5184,1,181,0
406,32,4,5171,1,139,0
407,33,2,2333,0,334,0
408,33,4,5072,1,178,0
409,33,1,1370,0,262,0
410,33,4,5021,1,179,0
411,33,4,5132,1,189,0
412,33,4,5287,1,118,0
413,33,4,4366,1,403,0
414,33,4,5013,1,268,0
415,33,1,1282,0,192,0
416,33,4,5187,1,143,0
417,33,0,92,0,166,0
418,33,4,4994,1,301,0
419,33,0,98,0,139,0
420,33,2,2209,0,217,0
421,34,2,1859,0,550,0
422,34,4,5385,1,91,0
423,34,2,2034,0,461,0
424,34,2,2334,0,415,0
425,34,3,2995,0,242,0
426,34,4,5304,1,125,0
427,34,1,1169,0,145,0
428,34,4,5363,1,107,0
429,34,4,4767,1,286,0
430,34,4,4916,1,246,0
431,34,3,3002,0,293,0
432,34,4,5102,1,248,0
433,35,4,4772,1,274,0
434,35,4,4700,1,457,0
435,35,4,4688,1,345,0
436,35,4,5315,1,122,0
437,35,4,5303,1,126,0
438,35,4,5264,1,132,0
439,35,4,4710,1,424,0
440,35,2,2152,0,208,0
441,35,4,5411,1,89,0
442,35,4,5084,1,184,0
443,35,4,5356,1,98,0
444,35,4,4857,1,259,0
445,35,4,4545,1,264,0
446,35,4,4664,1,284,0
447,36,4,4326,1,376,0
448,36,3,3008,0,256,0
449,36,4,5301,1,117,0
450,36,4,5200,1,154,0
451,36,4,5306,1,144,0
452,36,4,5134,1,155,0
453,36,4,5321,1,136,0
454,36,4,4454,1,481,0
455,36,4,4955,1,259,0
456,36,2,1913,0,313,0
457,36,4,5050,1,205,0
458,36,4,4810,1,251,0
459,36,4,5395,1,106,0
460,36,4,4960,1,234,0
461,37,4,5382,1,98,0
462,37,2,2255,0,442,0
463,37,4,5115,1,182,0
464,37,4,5245,1,122,0
465,37,3,3243,0,470,0
466,37,4,5484,1,90,0
467,37,1,1112,0,162,0
468,37,2,2204,0,284,0
469,37,1,1270,0,274,0
470,37,4,5561,1,60,0
471,37,0,99,0,224,0
472,37,4,4957,1,200,0
473,37,4,5208,1,149,0
474,37,0,98,0,309,0
475,38,1,1273,0,676,0
476,38,4,5169,1,168,0
477,38,4,5281,1,157,0
478,38,4,5376,1,105,0
479,38,1,1140,0,297,0
480,38,4,4910,1,208,0
481,38,4,5518,1,73,0
482,38,1,998,0,232,0
483,38,1,1169,0,157,0
484,38,4,5455,1,83,0
485,38,4,5390,1,112,0
486,38,4,5531,1,74,0
487,38,4,4893,1,480,0
488,38,4,5448,1,80,0
489,38,4,5291,1,124,0
490,38,4,5163,1,142,0
491,39,4,4947,1,209,0
492,39,4,5019,1,172,0
493,39,1,1153,0,282,0
494,39,4,4959,1,228,0
495,39,2,2241,0,265,0
496,39,1,1136,0,357,0
497,39,4,5435,1,85,0
498,39,4,5417,1,92,0
499,39,1,1234,0,337,0
500,39,0,99,0,111,1
501,39,4,4834,1,258,0
502,39,4,4888,1,201,0
503,39,4,5251,1,141,0
504,39,4,5385,1,93,0
505,39,4,4824,1,291,0
506,39,4,5215,1,164,0
507,40,4,4644,1,283,0
508,40,4,5450,1,84,0
509,40,0,99,0,216,0
510,40,4,5112,1,173,0
511,40,4,5244,1,123,0
512,40,4,4738,1,276,0
513,40,4,5234,1,200,0
514,40,4,5409,1,90,0
515,40,4,5437,1,83,0
516,40,4,4743,1,332,0
517,40,4,4999,1,193,0
518,40,4,5491,1,80,0
519,40,1,1160,0,150,0
520,40,4,5027,1,200,0
521,40,2,2208,0,342,0
522,40,4,4673,1,357,0
523,41,4,4687,1,429,0
524,41,4,5010,1,228,0
525,41,1,1268,0,201,0
526,41,4,5184,1,174,0
527,41,4,5172,1,132,0
528,41,1,1287,0,342,0
529,41,4,4923,1,240,0
530,41,4,5400,1,96,0
531,41,2,2182,0,493,0
532,41,2,2177,0,194,0
533,41,1,1283,0,149,0
534,41,0,254,0,299,0
535,41,4,5146,1,177,0
536,42,4,4891,1,199,0
537,42,2,1964,0,216,0
538,42,4,5386,1,95,0
539,42,4,5470,1,86,0
540,42,4,5136,1,149,0
541,42,4,4816,1,332,0
542,42,4,4853,1,198,0
543,42,4,5622,1,43,0
544,42,4,5171,1,231,0
545,42,1,1281,0,344,0
546,42,4,5476,1,80,0
547,42,4,4734,1,278,0
548,42,4,5553,1,67,0
549,42,4,5447,1,90,0
550,42,0,99,0,264,0
551,42,4,5257,1,118,0
552,42,4,4800,1,337,0
553,42,4,5255,1,119,0
554,43,4,4843,1,198,0
555,43,2,2181,0,365,0
556,43,4,5416,1,88,0
557,43,4,5028,1,228,0
558,43,4,5251,1,127,0
559,43,4,5526,1,72,0
560,43,2,2396,0,375,0
561,43,4,5546,1,63,0
562,43,4,5280,1,130,0
563,43,4,4793,1,508,0
564,43,2,2243,0,485,0
565,43,4,5178,1,169,0
566,43,4,5201,1,188,0
567,43,4,5014,1,192,0
568,44,4,5081,1,169,0
569,44,2,2169,0,267,0
570,44,4,5260,1,153,0
571,44,4,5309,1,114,0
572,44,4,4964,1,224,0
573,44,4,5017,1,172,0
574,44,4,5448,1,80,0
575,44,4,5320,1,170,0
576,44,4,5365,1,109,0
577,44,2,2229,0,155,0
578,44,4,4965,1,278,0
579,44,4,4939,1,259,0
580,44,4,4806,1,307,0
581,44,1,1245,0,326,0
582,44,1,1174,0,214,0
583,44,4,5189,1,177,0
584,45,4,4972,1,250,0
585,45,4,5227,1,152,0
586,45,4,5289,1,128,0
587,45,4,5417,1,113,0
588,45,4,5364,1,117,0
589,45,4,4841,1,218,0
590,45,4,5206,1,131,0
591,45,4,4889,1,193,0
592,45,4,5015,1,298,0
593,45,2,2181,0,162,0
594,45,4,4865,1,209,0
595,45,0,99,0,289,0
596,45,4,5298,1,123,0
597,45,4,5162,1,132,0
598,45,4,5330,1,148,0
599,45,1,1110,0,187,0
600,45,0,99,0,111,1
601,46,1,1343,0,324,0
602,46,4,5225,1,152,0
603,46,4,4949,1,286,0
604,46,4,5326,1,110,0
605,46,2,2362,0,284,0
606,46,4,5349,1,114,0
607,46,4,5062,1,166,0
608,46,4,5120,1,182,0
609,46,4,5113,1,193,0
610,46,4,5100,1,225,0
611,46,4,5342,1,115,0
612,46,4,5290,1,138,0
613,46,4,5010,1,197,0
614,46,4,5282,1,108,0
615,46,4,4742,1,253,0
616,46,4,5253,1,152,0
617,46,4,5564,1,56,0
618,46,4,5086,1,172,0
619,46,4,5236,1,166,0
620,47,4,5329,1,134,0
621,47,4,5083,1,221,0
622,47,4,5022,1,216,0
623,47,4,5098,1,216,0
624,47,4,5172,1,162,0
625,47,4,5347,1,123,0
626,47,4,5281,1,120,0
627,47,4,5283,1,189,0
628,47,4,4695,1,229,0
629,47,2,2335,0,320,0
630,47,4,5420,1,85,0
631,47,4,4872,1,216,0
632,47,4,5079,1,160,0
633,47,4,5082,1,163,0
634,47,2,2272,0,385,0
635,47,4,5031,1,185,0
636,47,4,5578,1,59,0
637,47,4,5464,1,88,0
638,48,4,4936,1,177,0
639,48,4,5465,1,82,0
640,48,2,2095,0,652,0
641,48,4,5248,1,139,0
642,48,4,5206,1,194,0
643,48,4,5498,1,70,0
644,48,4,5291,1,111,0
645,48,4,5316,1,117,0
646,48,4,4909,1,235,0
647,48,4,5073,1,152,0
648,48,4,5172,1,156,0
649,48,4,5535,1,67,0
650,48,0,99,0,149,0
651,48,1,1024,0,174,0
652,48,4,4977,1,221,0
653,48,4,5375,1,108,0
654,48,4,5431,1,106,0
655,48,4,5383,1,94,0
656,48,4,5116,1,143,0
657,48,4,5305,1,119,0
658,49,4,5520,1,77,0
659,49,2,2197,0,443,0
660,49,4,5459,1,85,0
661,49,3,3524,0,226,0
662,49,4,5282,1,159,0
663,49,4,5305,1,127,0
664,49,4,5413,1,110,0
665,49,4,5198,1,141,0
666,49,4,5068,1,186,0
667,49,4,5152,1,154,0
668,49,0,99,0,184,0
669,49,4,4628,1,396,0
670,49,4,4777,1,247,0
671,49,4,5000,1,167,0
672,49,4,5286,1,151,0
673,49,0,99,0,205,0
674,49,4,5083,1,182,0
675,50,4,5196,1,148,0
676,50,4,5121,1,168,0
677,50,4,4899,1,222,0
678,50,4,4938,1,211,0
679,50,4,5466,1,85,0
680,50,4,5414,1,129,0
681,50,1,1172,0,594,0
682,50,2,2284,0,299,0
683,50,4,5547,1,75,0
684,50,4,5111,1,170,0
685,50,4,4827,1,215,0
686,50,4,5192,1,150,0
687,50,4,4964,1,269,0
688,50,4,5368,1,105,0
689,50,4,4930,1,192,0
690,50,4,5090,1,190,0
691,51,4,4913,1,200,0
692,51,4,5048,1,203,0
693,51,4,5248,1,133,0
694,51,3,3445,0,167,0
695,51,4,4969,1,226,0
696,51,4,5522,1,74,0
697,51,4,5218,1,139,0
698,51,4,5220,1,121,0
699,51,3,3022,0,230,0
700,51,0,99,0,111,1
701,51,4,5461,1,86,0
702,51,4,4865,1,399,0
703,51,4,5521,1,67,0
704,51,4,5070,1,176,0
705,51,4,5341,1,135,0
706,51,4,5450,1,80,0
707,51,4,5515,1,63,0
708,51,4,5453,1,97,0
709,51,4,5292,1,112,0
710,51,1,1141,0,244,0
711,51,4,5184,1,183,0
712,52,4,5358,1,95,0
713,52,2,2326,0,458,0
714,52,4,5300,1,113,0
715,52,4,5407,1,115,0
716,52,2,2304,0,390,0
717,52,4,5206,1,145,0
718,52,4,4951,1,244,0
719,52,4,4934,1,200,0
720,52,4,5545,1,60,0
721,52,4,4904,1,207,0
722,52,4,5150,1,161,0
723,52,3,3216,0,220,0
724,52,4,5373,1,114,0
725,52,4,5373,1,130,0
726,52,0,99,0,215,0
727,52,4,5126,1,145,0
728,52,0,191,0,170,0
729,53,1,1247,0,555,0
730,53,4,5517,1,76,0
731,53,4,5394,1,108,0
732,53,2,2134,0,230,0
733,53,4,5308,1,120,0
734,53,3,3517,0,335,0
735,53,4,4887,1,277,0
736,53,4,5320,1,115,0
737,53,4,5276,1,129,0
738,53,4,4462,1,328,0
739,53,4,5066,1,198,0
740,53,4,5220,1,190,0
741,53,4,5391,1,96,0
742,53,4,5482,1,77,0
743,53,2,2267,0,206,0
744,53,4,5220,1,140,0
745,54,4,5165,1,158,0
746,54,4,5156,1,189,0
747,54,4,5505,1,73,0
748,54,2,2431,0,213,0
749,54,1,1381,0,253,0
750,54,4,5136,1,231,0
751,54,4,5185,1,194,0
752,54,4,4961,1,233,0
753,54,4,5511,1,67,0
754,54,4,5161,1,149,0
755,54,4,5455,1,82,0
756,54,4,4779,1,233,0
757,54,1,1213,0,259,0
758,54,4,5092,1,244,0
759,54,0,99,0,163,0
760,54,4,5304,1,146,0
761,55,1,1325,0,555,0
762,55,4,4902,1,258,0
763,55,1,1172,0,208,0
764,55,4,5285,1,151,0
765,55,1,1093,0,193,0
766,55,4,5008,1,178,0
767,55,2,2017,0,282,0
768,55,2,2351,0,257,0
769,55,4,4964,1,212,0
770,55,4,5245,1,137,0
771,55,4,4011,1,418,0
772,55,4,5319,1,111,0
773,55,4,5407,1,101,0
774,55,4,5017,1,173,0
775,55,1,1126,0,215,0
776,56,4,4770,1,249,0
777,56,4,5195,1,172,0
778,56,4,5171,1,177,0
779,56,4,5031,1,198,0
780,56,4,4799,1,264,0
781,56,4,5196,1,153,0
782,56,4,5014,1,219,0
783,56,4,5209,1,145,0
784,56,4,5309,1,127,0
785,56,4,5222,1,207,0
786,56,1,1053,0,278,0
787,56,2,2390,0,290,0
788,56,1,1080,0,239,0
789,56,3,3446,0,389,0
790,57,1,1181,0,279,0
791,57,4,5452,1,81,0
792,57,4,5209,1,219,0
793,57,4,5028,1,171,0
794,57,4,4979,1,272,0
795,57,4,5019,1,226,0
796,57,4,5137,1,208,0
797,57,4,5386,1,96,0
798,57,4,5456,1,114,0
799,57,4,5417,1,109,0
800,57,0,99,0,111,1
801,57,4,4752,1,246,0
802,57,2,2222,0,230,0
803,57,4,4501,1,570,0
804,58,4,5334,1,118,0
805,58,2,2144,0,154,0
806,58,4,5534,1,73,0
807,58,4,5423,1,114,0
808,58,2,2200,0,301,0
809,58,3,3207,0,179,0
810,58,4,5630,1,43,0
811,58,4,4768,1,243,0
812,58,4,5275,1,136,0
813,58,3,3253,0,178,0
814,58,0,99,0,271,0
815,58,4,5079,1,179,0
816,58,4,5139,1,159,0
817,58,4,4978,1,220,0
818,58,4,4761,1,342,0
819,58,4,5599,1,52,0
820,58,4,4855,1,205,0
821,58,4,5412,1,110,0
822,59,4,5181,1,169,0
823,59,4,5505,1,80,0
824,59,4,5463,1,87,0
825,59,4,5169,1,161,0
826,59,4,5308,1,125,0
827,59,4,5495,1,72,0
828,59,4,5454,1,91,0
829,59,4,5246,1,141,0
830,59,4,5591,1,52,0
831,59,4,4669,1,272,0
832,59,4,4773,1,263,0
833,59,4,5535,1,64,0
834,59,4,4612,1,290,0
835,59,4,5128,1,154,0
836,59,4,5097,1,199,0
837,59,4,5000,1,260,0
838,59,4,5479,1,74,0
839,59,4,4534,1,307,0
840,59,4,4780,1,270,0
841,60,4,5144,1,205,0
842,60,4,4612,1,264,0
843,60,4,5325,1,124,0
844,60,4,4765,1,249,0
845,60,4,5377,1,110,0
846,60,4,5387,1,103,0
847,60,4,4908,1,317,0
848,60,4,4640,1,278,0
849,60,4,5017,1,199,0
850,60,3,3077,0,702,0
851,60,4,5291,1,112,0
852,60,4,4781,1,286,0
853,60,4,5190,1,146,0
854,60,4,5073,1,163,0
855,61,2,2340,0,447,0
856,61,4,4864,1,268,0
857,61,4,5539,1,71,0
858,61,4,5144,1,139,0
859,61,1,1328,0,359,0
860,61,4,4904,1,192,0
861,61,4,5407,1,107,0
862,61,4,5520,1,74,0
863,61,4,5070,1,149,0
864,61,4,5347,1,106,0
865,61,1,1386,0,265,0
866,61,2,2063,0,167,0
867,61,1,1362,0,369,0
868,61,4,5208,1,169,0
869,61,4,5031,1,172,0
870,61,4,5283,1,178,0
871,62,4,5399,1,116,0
872,62,1,1216,0,310,0
873,62,4,4568,1,273,0
874,62,4,5360,1,160,0
875,62,4,5173,1,133,0
876,62,0,99,0,149,0
877,62,4,5508,1,73,0
878,62,0,97,0,204,0
879,62,4,5467,1,82,0
880,62,4,5614,1,46,0
881,62,4,5083,1,150,0
882,62,4,5381,1,110,0
883,62,4,5124,1,161,0
884,62,4,5378,1,122,0
885,62,4,4733,1,227,0
886,62,4,4353,1,412,0
887,62,4,5364,1,113,0
888,62,1,1445,0,260,0
889,62,4,5457,1,89,0
890,62,4,5408,1,100,0
891,63,4,5081,1,182,0
892,63,4,5345,1,114,0
893,63,4,5217,1,128,0
894,63,4,5289,1,135,0
895,63,3,3162,0,217,0
896,63,4,5316,1,190,0
897,63,2,2239,0,224,0
898,63,2,2027,0,311,0
899,63,4,5368,1,109,0
900,63,0,99,0,111,1
901,63,1,1363,0,261,0
902,63,2,2243,0,161,0
903,63,2,2033,0,537,0
904,63,4,5419,1,84,0
905,63,4,5453,1,79,0
906,63,4,5313,1,118,0
907,64,4,4923,1,250,0
908,64,4,4955,1,219,0
909,64,4,5203,1,177,0
910,64,4,5043,1,182,0
911,64,4,5145,1,180,0
912,64,4,5009,1,218,0
913,64,1,1370,0,198,0
914,64,4,5571,1,58,0
915,64,4,5095,1,178,0
916,64,4,4987,1,170,0
917,64,4,5357,1,113,0
918,64,4,5066,1,200,0
919,64,4,5018,1,189,0
920,64,4,5136,1,180,0
921,64,4,5225,1,127,0
922,64,4,5279,1,127,0
923,64,2,2359,0,244,0
924,65,3,3316,0,433,0
925,65,4,5536,1,64,0
926,65,4,5240,1,140,0
927,65,4,5239,1,125,0
928,65,4,5058,1,182,0
929,65,4,5009,1,235,0
930,65,4,4974,1,229,0
931,65,4,5072,1,263,0
932,65,4,5115,1,145,0
933,65,4,5274,1,158,0
934,65,4,5329,1,101,0
935,65,4,5262,1,134,0
936,65,4,5550,1,66,0
937,65,3,2955,0,213,0
938,65,4,5395,1,121,0
939,65,4,5442,1,104,0
940,65,4,5594,1,51,0
941,65,4,5196,1,155,0
942,65,4,5413,1,96,0
943,65,4,5341,1,132,0
944,66,1,1368,0,416,0
945,66,4,5545,1,65,0
946,66,4,5433,1,107,0
947,66,4,5318,1,136,0
948,66,4,5470,1,91,0
949,66,0,98,0,134,0
950,66,4,5492,1,86,0
951,66,4,5298,1,155,0
952,66,4,5598,1,51,0
953,66,4,5576,1,74,0
954,66,4,5546,1,71,0
955,66,4,5132,1,143,0
956,66,4,5430,1,106,0
957,66,4,5402,1,113,0
958,66,4,5547,1,69,0
959,66,4,5572,1,60,0
960,66,4,5493,1,96,0
961,66,4,5613,1,48,0
962,66,4,5283,1,175,0
963,66,4,5296,1,141,0
964,66,4,5061,1,215,0
965,66,4,5569,1,62,0
966,66,2,2193,0,259,0
967,66,4,4678,1,292,0
968,66,4,5071,1,205,0
969,66,4,5513,1,83,0
970,66,4,5399,1,108,0
971,67,4,5279,1,148,0
972,67,4,4585,1,289,0
973,67,4,5307,1,140,0
974,67,4,5541,1,72,0
975,67,0,96,0,201,0
976,67,4,5100,1,160,0
977,67,4,5416,1,98,0
978,67,4,5309,1,111,0
979,67,4,5295,1,145,0
980,67,2,2183,0,645,0
981,67,2,2094,0,166,0
982,67,4,5279,1,158,0
983,67,4,5287,1,157,0
984,67,4,4941,1,227,0
985,67,4,5385,1,129,0
986,67,4,5277,1,138,0
987,67,4,5404,1,98,0
988,67,4,5620,1,47,0
989,68,4,5136,1,209,0
990,68,4,5423,1,95,0
991,68,4,5217,1,174,0
992,68,4,5348,1,116,0
993,68,4,5274,1,129,0
994,68,4,5262,1,138,0
995,68,4,5254,1,141,0
996,68,4,5454,1,84,0
997,68,4,5248,1,198,0
998,68,1,1281,0,216,0
999,68,4,5325,1,115,0
1000,68,2,2459,0,1001,1
1001,68,4,5451,1,95,0
1002,68,4,5560,1,65,0
1003,68,4,5559,1,71,0
1004,68,4,5394,1,111,0
1005,68,4,5406,1,145,0
1006,69,2,2282,0,375,0
1007,69,4,5540,1,79,0
1008,69,4,5491,1,90,0
1009,69,4,5421,1,132,0
1010,69,4,5267,1,136,0
1011,69,4,5596,1,50,0
1012,69,4,5595,1,54,0
1013,69,4,5341,1,177,0
1014,69,4,5470,1,78,0
1015,69,0,284,0,190,0
1016,69,4,5549,1,67,0
1017,69,4,5557,1,68,0
1018,69,4,5218,1,188,0
1019,69,4,4997,1,255,0
1020,69,4,5289,1,210,0
1021,69,4,5257,1,169,0
1022,69,4,5216,1,170,0
1023,69,4,5540,1,79,0
1024,69,4,5169,1,249,0
1025,69,4,4955,1,252,0
1026,69,4,5154,1,166,0
1027,69,4,5245,1,201,0
1028,70,4,5470,1,103,0
1029,70,2,2258,0,457,0
1030,70,4,5548,1,65,0
1031,70,4,5078,1,161,0
1032,70,4,5375,1,98,0
1033,70,4,5535,1,76,0
1034,70,2,2133,0,408,0
1035,70,4,5626,1,45,0
1036,70,4,5054,1,162,0
1037,70,4,4983,1,261,0
1038,70,4,5429,1,106,0
1039,70,4,5362,1,121,0
1040,70,4,5423,1,91,0
1041,70,4,5588,1,56,0
1042,70,4,5478,1,82,0
1043,70,4,5484,1,90,0
1044,70,4,5572,1,57,0
1045,70,4,5060,1,194,0
1046,70,4,5342,1,146,0
1047,70,4,5596,1,53,0
1048,70,4,5380,1,124,0
1049,70,4,5563,1,58,0
1050,70,4,5413,1,113,0
1051,71,0,191,0,204,0
1052,71,4,5479,1,73,0
1053,71,0,98,0,204,0
1054,71,3,3548,0,374,0
1055,71,4,5327,1,156,0
1056,71,3,3518,0,241,0
1057,71,4,4810,1,312,0
1058,71,4,5347,1,138,0
1059,71,4,4959,1,443,0
1060,71,4,5403,1,155,0
1061,71,4,4845,1,248,0
1062,71,4,5366,1,114,0
1063,71,4,5420,1,115,0
1064,71,4,4755,1,385,0
1065,71,4,5419,1,123,0
1066,72,4,5335,1,173,0
1067,72,0,195,0,551,0
1068,72,4,4919,1,353,0
1069,72,4,5036,1,230,0
1070,72,4,5322,1,139,0
1071,72,2,2122,0,640,0
1072,72,4,5108,1,262,0
1073,72,0,192,0,151,0
1074,72,4,5485,1,94,0
1075,72,0,191,0,194,0
1076,72,4,5397,1,124,0
1077,72,4,5451,1,114,0
1078,73,4,4999,1,398,0
1079,73,4,4792,1,339,0
1080,73,4,5382,1,129,0
1081,73,1,1262,0,488,0
1082,73,4,5376,1,107,0
1083,73,4,5514,1,88,0
1084,73,3,2957,0,597,0
1085,73,4,4743,1,315,0
1086,73,4,5124,1,276,0
1087,73,4,5073,1,180,0
1088,73,4,5069,1,202,0
1089,73,4,5557,1,70,0
1090,73,4,5572,1,69,0
1091,74,3,3531,0,375,0
1092,74,4,5556,1,67,0
1093,74,4,5540,1,78,0
1094,74,4,5373,1,93,0
1095,74,4,5509,1,98,0
1096,74,4,5613,1,47,0
1097,74,2,2301,0,301,0
1098,74,0,96,0,171,0
1099,74,4,5386,1,113,0
1100,74,4,5649,1,38,1
1101,74,4,5607,1,51,0
1102,74,4,5407,1,94,0
1103,74,4,5636,1,41,0
1104,74,4,5584,1,61,0
1105,74,4,4856,1,195,0
1106,74,4,5599,1,49,0
1107,74,4,5640,1,41,0
1108,74,0,99,0,303,0
1109,74,4,5349,1,121,0
1110,74,4,5517,1,70,0
1111,74,4,5179,1,154,0
1112,74,4,5538,1,82,0
1113,74,4,5557,1,60,0
1114,74,4,5515,1,69,0
1115,74,4,5598,1,48,0
1116,74,4,5356,1,126,0
1117,74,4,5616,1,46,0
1118,74,4,5602,1,49,0
1119,74,4,5599,1,52,0
1120,74,4,5501,1,93,0
1121,74,4,5516,1,70,0
1122,75,4,5630,1,43,0
1123,75,4,5545,1,64,0
1124,75,4,5308,1,106,0
1125,75,4,5533,1,64,0
1126,75,2,2041,0,579,0
1127,75,4,5536,1,62,0
1128,75,4,5633,1,42,0
1129,75,4,5508,1,76,0
1130,75,4,5633,1,42,0
1131,75,4,5532,1,74,0
1132,75,4,5492,1,83,0
1133,75,4,5130,1,152,0
1134,75,4,5345,1,98,0
1135,75,4,5485,1,118,0
1136,75,4,5506,1,91,0
1137,75,4,5614,1,46,0
1138,75,4,5599,1,48,0
1139,75,4,5581,1,52,0
1140,75,4,5465,1,81,0
1141,75,4,5616,1,44,0
1142,75,4,5535,1,64,0
1143,75,4,5484,1,80,0
1144,75,4,5626,1,47,0
1145,75,4,5588,1,54,0
1146,75,4,5609,1,47,0
1147,75,4,5338,1,104,0
1148,75,4,5099,1,238,0
1149,75,4,5183,1,130,0
1150,75,4,5364,1,114,0
1151,75,4,5634,1,43,0
1152,75,4,5593,1,51,0
1153,75,4,5412,1,110,0
1154,75,4,5600,1,49,0
1155,76,4,5567,1,57,0
1156,76,1,1370,0,385,0
1157,76,4,5623,1,45,0
1158,76,4,5639,1,41,0
1159,76,4,5253,1,116,0
1160,76,4,5468,1,73,0
1161,76,1,1362,0,331,0
1162,76,4,5591,1,59,0
1163,76,4,5558,1,70,0
1164,76,4,5569,1,61,0
1165,76,4,5633,1,45,0
1166,76,4,5531,1,77,0
1167,76,4,5639,1,42,0
1168,76,4,5641,1,40,0
1169,76,4,5471,1,112,0
1170,76,4,5500,1,73,0
1171,76,4,5606,1,49,0
1172,76,4,5374,1,95,0
1173,76,4,5612,1,48,0
1174,76,2,2343,0,177,0
1175,76,4,5471,1,82,0
1176,76,4,5593,1,50,0
1177,76,1,1284,0,148,0
1178,76,4,5641,1,40,0
1179,76,3,3598,0,233,0
1180,76,4,5185,1,272,0
1181,76,4,5512,1,91,0
1182,76,4,5624,1,44,0
1183,76,4,5556,1,60,0
1184,76,4,5617,1,47,0
1185,76,4,5590,1,50,0
1186,77,4,5435,1,103,0
1187,77,0,95,0,136,0
1188,77,4,5617,1,46,0
1189,77,4,5607,1,47,0
1190,77,4,4877,1,227,0
1191,77,4,5519,1,73,0
1192,77,4,5189,1,186,0
1193,77,4,5469,1,90,0
1194,77,4,5535,1,72,0
1195,77,4,5307,1,144,0
1196,77,3,3426,0,287,0
1197,77,2,2418,0,314,0
1198,77,2,2339,0,552,0
1199,77,4,5424,1,127,0
1200,78,2,2362,0,1001,1
1201,78,4,5435,1,125,0
1202,78,4,4750,1,393,0
1203,78,4,5166,1,211,0
1204,78,3,3239,0,174,0
1205,78,4,5305,1,154,0
1206,78,4,4615,1,452,0
1207,78,4,4657,1,484,0
1208,78,4,5409,1,108,0
1209,78,4,4632,1,393,0
1210,78,4,5331,1,124,0
1211,78,4,5457,1,101,0
1212,79,4,5127,1,249,0
1213,79,4,4996,1,347,0
1214,79,4,5436,1,135,0
1215,79,4,5141,1,199,0
1216,79,2,2406,0,425,0
1217,79,4,5037,1,235,0
1218,79,4,5547,1,82,0
1219,79,4,5050,1,166,0
1220,79,4,5311,1,180,0
1221,79,4,5175,1,276,0
1222,79,1,1284,0,153,0
1223,79,4,5250,1,238,0
1224,79,1,1238,0,298,0
1225,79,4,5537,1,65,0
1226,79,4,5595,1,52,0
1227,79,4,5429,1,147,0
1228,79,4,5425,1,103,0
1229,80,0,97,0,146,0
1230,80,4,5244,1,211,0
1231,80,4,5571,1,57,0
1232,80,4,5416,1,148,0
1233,80,4,5572,1,62,0
1234,80,4,5574,1,60,0
1235,80,4,5437,1,133,0
1236,80,4,5292,1,155,0
1237,80,4,4787,1,374,0
1238,80,4,5543,1,88,0
1239,80,4,5486,1,74,0
1240,80,2,2355,0,223,0
1241,80,4,5555,1,59,0
1242,80,4,4790,1,326,0
1243,80,4,4659,1,318,0
1244,80,4,5450,1,99,0
1245,80,0,95,0,276,0
1246,80,4,5346,1,132,0
1247,80,4,5409,1,113,0
1248,80,4,5383,1,117,0
1249,80,4,5385,1,115,0
1250,81,4,5417,1,154,0
1251,81,4,5050,1,238,0
1252,81,4,5170,1,190,0
1253,81,4,5280,1,150,0
1254,81,4,5398,1,130,0
1255,81,4,5439,1,101,0
1256,81,4,5584,1,57,0
1257,81,4,5250,1,165,0
1258,81,4,5072,1,221,0
1259,81,4,5155,1,198,0
1260,81,4,4971,1,261,0
1261,81,4,4885,1,292,0
1262,81,4,5401,1,99,0
1263,81,4,5333,1,130,0
1264,81,4,4794,1,303,0
1265,81,4,5402,1,112,0
1266,82,4,4051,1,637,0
1267,82,4,5342,1,140,0
1268,82,4,5457,1,82,0
1269,82,4,4769,1,346,0
1270,82,4,5238,1,184,0
1271,82,4,5553,1,66,0
1272,82,4,5225,1,180,0
1273,82,4,4305,1,434,0
1274,82,4,5092,1,218,0
1275,82,4,5496,1,86,0
1276,82,4,5180,1,181,0
1277,82,3,2871,0,828,0
1278,82,4,5599,1,52,0
1279,82,4,5294,1,140,0
1280,83,4,4850,1,284,0
1281,83,4,5344,1,117,0
1282,83,4,5296,1,159,0
1283,83,4,4856,1,312,0
1284,83,4,5514,1,72,0
1285,83,4,5386,1,123,0
1286,83,4,4810,1,325,0
1287,83,4,5547,1,66,0
1288,83,4,5075,1,227,0
1289,83,4,5471,1,93,0
1290,83,4,4858,1,312,0
1291,83,4,5394,1,117,0
1292,83,4,5214,1,175,0
1293,83,4,5384,1,112,0
1294,83,4,5499,1,86,0
1295,83,4,5439,1,104,0
1296,83,4,4421,1,492,0
1297,83,4,5567,1,62,0
1298,83,4,5367,1,116,0
1299,84,4,5327,1,132,0
1300,84,2,2362,0,1001,1
1301,84,4,5364,1,122,0
1302,84,4,5426,1,100,0
1303,84,4,5348,1,127,0
1304,84,4,5423,1,88,0
1305,84,4,5311,1,141,0
1306,84,4,5011,1,220,0
1307,84,4,5420,1,109,0
1308,84,4,5453,1,81,0
1309,84,4,5513,1,76,0
1310,84,4,4854,1,308,0
1311,84,4,4728,1,308,0
1312,84,3,3356,0,213,0
1313,85,0,97,0,295,0
1314,85,4,5444,1,103,0
1315,85,4,5412,1,94,0
1316,85,4,5310,1,145,0
1317,85,4,5392,1,98,0
1318,85,4,5099,1,221,0
1319,85,4,5054,1,240,0
1320,85,4,5389,1,129,0
1321,85,4,5413,1,88,0
1322,85,4,5355,1,129,0
1323,85,4,5406,1,100,0
1324,85,4,5483,1,80,0
1325,85,4,5579,1,57,0
1326,85,4,5079,1,210,0
1327,85,4,4832,1,309,0
1328,85,4,5612,1,52,0
1329,85,4,5458,1,102,0
1330,85,4,5499,1,82,0
1331,85,4,5230,1,167,0
1332,85,4,5408,1,112,0
1333,85,4,5435,1,92,0
1334,85,4,5121,1,208,0
1335,85,0,99,0,158,0
1336,86,4,4688,1,384,0
1337,86,4,5240,1,139,0
1338,86,4,4955,1,254,0
1339,86,4,5285,1,153,0
1340,86,4,5473,1,78,0
1341,86,4,4238,1,582,0
1342,86,4,5068,1,220,0
1343,86,4,5379,1,119,0
1344,86,4,5578,1,60,0
1345,86,4,5337,1,130,0
1346,86,2,2292,0,272,0
1347,86,4,4763,1,326,0
1348,86,4,5398,1,147,0
1349,86,4,5373,1,133,0
1350,86,4,5220,1,179,0
1351,86,4,5433,1,99,0
1352,87,4,4970,1,254,0
1353,87,4,5499,1,79,0
1354,87,4,5447,1,101,0
1355,87,4,5039,1,313,0
1356,87,4,5502,1,81,0
1357,87,4,4711,1,372,0
1358,87,4,4982,1,170,0
1359,87,4,5531,1,68,0
1360,87,4,5588,1,61,0
1361,87,4,4842,1,322,0
1362,87,4,5101,1,171,0
1363,87,4,5401,1,114,0
1364,87,4,5501,1,74,0
1365,87,0,188,0,176,0
1366,87,4,5016,1,241,0
1367,87,4,5409,1,117,0
1368,87,4,5554,1,66,0
1369,87,4,5420,1,105,0
1370,87,4,5313,1,128,0
1371,87,4,5347,1,129,0
1372,87,4,5491,1,87,0
1373,87,4,5566,1,65,0
1374,88,3,3536,0,255,0
1375,88,4,5020,1,194,0
1376,88,4,4815,1,235,0
1377,88,4,5294,1,162,0
1378,88,4,4296,1,675,0
1379,88,4,5621,1,47,0
1380,88,4,5593,1,58,0
1381,88,4,4759,1,277,0
1382,88,4,4791,1,340,0
1383,88,4,5547,1,65,0
1384,88,4,4880,1,270,0
1385,88,4,4635,1,404,0
1386,88,4,4990,1,242,0
1387,89,4,4757,1,228,0
1388,89,4,5434,1,98,0
1389,89,4,5581,1,63,0
1390,89,4,5359,1,129,0
1391,89,2,2362,0,164,0
1392,89,4,5172,1,170,0
1393,89,4,5293,1,152,0
1394,89,4,5619,1,46,0
1395,89,4,4600,1,344,0
1396,89,4,4764,1,350,0
1397,89,4,5214,1,176,0
1398,89,4,5139,1,202,0
1399,89,4,5472,1,91,0
1400,89,2,2362,0,1001,1
1401,90,4,5214,1,175,0
1402,90,4,5488,1,82,0
1403,90,4,4731,1,263,0
1404,90,4,5418,1,111,0
1405,90,4,5402,1,109,0
1406,90,4,5564,1,64,0
1407,90,3,3346,0,288,0
1408,90,4,5542,1,96,0
1409,90,4,4599,1,408,0
1410,90,4,5490,1,91,0
1411,90,4,5530,1,75,0
1412,90,4,5459,1,92,0
1413,90,4,4395,1,510,0
1414,90,4,5275,1,129,0
1415,90,4,5206,1,172,0
1416,90,4,5166,1,201,0
1417,91,4,4743,1,351,0
1418,91,4,5384,1,118,0
1419,91,4,5119,1,213,0
1420,91,4,5303,1,130,0
1421,91,4,5602,1,54,0
1422,91,4,5310,1,139,0
1423,91,4,4896,1,230,0
1424,91,4,5326,1,133,0
1425,91,4,5325,1,144,0
1426,91,4,5194,1,185,0
1427,91,4,5633,1,44,0
1428,91,4,5298,1,135,0
1429,91,4,5288,1,150,0
1430,91,4,5363,1,122,0
1431,91,4,5302,1,129,0
1432,91,4,5510,1,72,0
1433,91,4,5322,1,139,0
1434,91,4,5492,1,83,0
1435,91,4,5543,1,67,0
1436,91,4,5579,1,62,0
1437,91,4,4969,1,258,0
1438,91,4,5370,1,127,0
1439,91,4,5414,1,112,0
1440,91,4,5109,1,191,0
1441,92,4,5260,1,157,0
1442,92,4,5579,1,60,0
1443,92,4,5510,1,73,0
1444,92,4,5170,1,175,0
1445,92,4,5468,1,87,0
1446,92,4,5355,1,121,0
1447,92,4,5086,1,222,0
1448,92,4,5641,1,41,0
1449,92,4,5591,1,56,0
1450,92,4,5574,1,57,0
1451,92,4,5018,1,199,0
1452,92,4,5497,1,72,0
1453,92,4,5580,1,59,0
1454,92,4,5108,1,210,0
1455,92,4,4987,1,252,0
1456,92,4,5510,1,77,0
1457,92,4,5620,1,46,0
1458,92,4,5469,1,94,0
1459,92,4,5077,1,223,0
1460,92,4,5422,1,106,0
1461,92,4,4748,1,291,0
1462,93,2,2206,0,537,0
1463,93,4,5520,1,72,0
1464,93,4,4981,1,248,0
1465,93,4,5389,1,105,0
1466,93,4,5318,1,144,0
1467,93,4,5031,1,184,0
1468,93,4,4705,1,374,0
1469,93,4,5585,1,56,0
1470,93,4,5499,1,73,0
1471,93,4,4948,1,233,0
1472,93,4,5618,1,47,0
1473,93,2,2496,0,164,0
1474,93,4,5149,1,206,0
1475,93,4,4442,1,499,0
1476,93,4,4625,1,407,0
1477,94,4,5240,1,165,0
1478,94,4,5479,1,71,0
1479,94,4,5282,1,150,0
1480,94,4,5229,1,153,0
1481,94,4,4898,1,267,0
1482,94,4,5584,1,59,0
1483,94,4,5432,1,107,0
1484,94,4,5518,1,78,0
1485,94,4,5463,1,89,0
1486,94,4,5440,1,88,0
1487,94,4,4873,1,299,0
1488,94,4,5414,1,112,0
1489,94,4,5446,1,102,0
1490,94,4,5152,1,205,0
1491,94,4,5510,1,76,0
1492,94,4,5517,1,71,0
1493,94,2,2450,0,292,0
1494,94,4,5254,1,168,0
1495,94,4,4970,1,236,0
1496,94,4,5184,1,176,0
1497,94,4,4600,1,254,0
1498,94,4,5615,1,46,0
1499,95,4,5348,1,138,0
1500,95,2,2362,0,1001,1
1501,95,4,5055,1,231,0
1502,95,4,4900,1,290,0
1503,95,4,5385,1,105,0
1504,95,4,5346,1,105,0
1505,95,4,5036,1,244,0
1506,95,1,1278,0,146,0
1507,95,4,5348,1,123,0
1508,95,4,5502,1,78,0
1509,95,4,4595,1,380,0
1510,95,4,5460,1,97,0
1511,95,4,5523,1,78,0
1512,95,4,5273,1,157,0
1513,96,4,5114,1,212,0
1514,96,4,5127,1,212,0
1515,96,4,5048,1,209,0
1516,96,4,5463,1,96,0
1517,96,4,5122,1,213,0
1518,96,4,5362,1,128,0
1519,96,4,5300,1,146,0
1520,96,3,3437,0,273,0
1521,96,4,5521,1,80,0
1522,96,4,5290,1,167,0
1523,96,4,5299,1,142,0
1524,96,4,5026,1,241,0
1525,96,4,5315,1,143,0
1526,96,4,5488,1,77,0
1527,96,4,5389,1,123,0
1528,96,4,5389,1,115,0
1529,96,4,5434,1,100,0
1530,96,4,5551,1,62,0
1531,96,4,4960,1,241,0
1532,96,4,5350,1,162,0
1533,97,4,5291,1,135,0
1534,97,4,5329,1,174,0
1535,97,1,1197,0,248,0
1536,97,4,5152,1,214,0
1537,97,4,5409,1,117,0
1538,97,4,5404,1,119,0
1539,97,4,5209,1,157,0
1540,97,4,4799,1,325,0
1541,97,4,5441,1,106,0
1542,97,4,5531,1,73,0
1543,97,4,5205,1,229,0
1544,97,4,5514,1,83,0
1545,97,4,5404,1,98,0
1546,97,4,5103,1,191,0
1547,97,4,5095,1,179,0
1548,97,4,5132,1,196,0
1549,97,4,5249,1,164,0
1550,97,4,4745,1,240,0
1551,97,4,5554,1,66,0
1552,98,4,5461,1,94,0
1553,98,4,5409,1,111,0
1554,98,4,5603,1,51,0
1555,98,0,191,0,196,0
1556,98,4,5458,1,97,0
1557,98,4,5471,1,104,0
1558,98,4,4839,1,287,0
1559,98,4,5432,1,116,0
1560,98,4,5372,1,105,0
1561,98,4,5318,1,140,0
1562,98,4,5097,1,167,0
1563,98,4,5132,1,209,0
1564,98,4,4955,1,197,0
1565,98,4,5213,1,167,0
1566,98,4,5458,1,93,0
1567,98,4,5372,1,126,0
1568,98,4,5386,1,114,0
1569,98,4,5221,1,161,0
1570,98,4,5516,1,79,0
1571,98,2,2319,0,513,0
1572,99,4,5398,1,114,0
1573,99,4,5392,1,120,0
1574,99,4,5122,1,162,0
1575,99,3,3289,0,173,0
1576,99,4,4733,1,341,0
1577,99,4,5177,1,214,0
1578,99,4,5063,1,228,0
1579,99,0,188,0,138,0
1580,99,4,5315,1,143,0
1581,99,4,5442,1,82,0
1582,99,4,5555,1,65,0
1583,99,4,5491,1,85,0
1584,99,4,5442,1,104,0
1585,99,4,5595,1,53,0
1586,99,4,5160,1,192,0
1587,99,4,5486,1,78,0
1588,99,4,5357,1,123,0
1589,99,4,5413,1,90,0
1590,99,4,5111,1,190,0
1591,99,4,5015,1,219,0
1592,99,4,5486,1,89,0
1593,99,4,5444,1,100,0
1594,99,4,5185,1,181,0
1595,100,4,5326,1,136,0
1596,100,4,5000,1,254,0
1597,100,4,5355,1,142,0
1598,100,4,5428,1,93,0
1599,100,4,5114,1,246,0
1600,100,2,2362,0,1001,1
1601,100,4,5464,1,96,0
1602,100,4,5231,1,160,0
1603,100,4,4982,1,259,0
1604,100,4,5449,1,98,0
1605,100,4,5475,1,89,0
1606,100,4,4769,1,340,0
1607,100,1,1242,0,319,0
1608,101,4,5313,1,131,0
1609,101,4,4823,1,329,0
1610,101,4,5288,1,156,0
1611,101,4,5199,1,166,0
1612,101,4,5081,1,228,0
1613,101,4,5373,1,126,0
1614,101,4,5260,1,162,0
1615,101,4,5470,1,96,0
1616,101,4,5238,1,178,0
1617,101,4,5307,1,131,0
1618,101,4,4550,1,392,0
1619,101,4,5190,1,150,0
1620,101,2,2271,0,228,0
1621,101,4,5528,1,78,0
1622,101,4,4721,1,346,0
1623,101,4,4896,1,279,0
1624,102,4,5212,1,148,0
1625,102,2,2588,0,253,0
1626,102,4,5094,1,209,0
1627,102,1,1367,0,354,0
1628,102,4,5261,1,171,0
1629,102,4,4827,1,319,0
1630,102,4,5047,1,243,0
1631,102,4,5534,1,72,0
1632,102,4,5277,1,145,0
1633,102,4,5322,1,141,0
1634,102,4,5300,1,130,0
1635,102,4,5016,1,220,0
1636,102,4,5127,1,204,0
1637,102,4,5588,1,54,0
1638,102,4,5562,1,65,0
1639,102,4,5094,1,212,0
1640,102,4,5251,1,166,0
1641,103,4,4747,1,357,0
1642,103,4,5152,1,148,0
1643,103,4,5423,1,102,0
1644,103,1,1261,0,174,0
1645,103,4,5623,1,44,0
1646,103,4,5188,1,186,0
1647,103,4,4637,1,323,0
1648,103,4,5462,1,94,0
1649,103,4,5532,1,66,0
1650,103,4,4958,1,229,0
1651,103,4,5598,1,57,0
1652,103,4,5453,1,95,0
1653,103,4,5348,1,109,0
1654,103,4,5172,1,143,0
1655,103,4,4838,1,300,0
1656,103,4,5558,1,61,0
1657,103,4,5450,1,95,0
1658,103,4,5264,1,159,0
1659,103,4,5155,1,141,0
1660,103,0,99,0,269,0
1661,103,4,5598,1,50,0
1662,104,4,4872,1,276,0
1663,104,4,5142,1,207,0
1664,104,4,5501,1,86,0
1665,104,4,5488,1,87,0
1666,104,4,5427,1,92,0
1667,104,4,4746,1,357,0
1668,104,4,5517,1,66,0
1669,104,4,5468,1,90,0
1670,104,4,4340,1,406,0
1671,104,4,5203,1,182,0
1672,104,4,4682,1,350,0
1673,104,4,5406,1,110,0
1674,104,4,5516,1,71,0
1675,104,4,5265,1,152,0
1676,104,4,5124,1,209,0
1677,104,4,5528,1,70,0
1678,104,4,5184,1,165,0
1679,104,4,5443,1,91,0
1680,104,4,5554,1,63,0
1681,104,4,5235,1,151,0
1682,105,4,5566,1,65,0
1683,105,4,5297,1,121,0
1684,105,4,5541,1,64,0
1685,105,4,4976,1,263,0
1686,105,4,5382,1,122,0
1687,105,4,5485,1,81,0
1688,105,4,5485,1,89,0
1689,105,4,5489,1,84,0
1690,105,4,5482,1,106,0
1691,105,4,5300,1,140,0
1692,105,4,5531,1,73,0
1693,105,4,5082,1,223,0
1694,105,4,4914,1,251,0
1695,105,4,5518,1,71,0
1696,105,4,5345,1,133,0
1697,105,1,1186,0,504,0
1698,105,4,5471,1,94,0
1699,105,4,5363,1,124,0
1700,106,2,2362,0,1001,1
1701,106,4,5423,1,128,0
1702,106,4,5520,1,70,0
1703,106,4,5457,1,97,0
1704,106,4,5542,1,61,0
1705,106,4,5291,1,138,0
1706,106,4,5338,1,128,0
1707,106,4,5609,1,53,0
1708,106,4,5419,1,100,0
1709,106,4,5073,1,214,0
1710,106,4,4861,1,317,0
1711,106,4,5121,1,171,0
1712,106,4,5564,1,55,0
1713,106,4,5290,1,175,0
1714,106,4,5557,1,59,0
1715,106,3,3408,0,209,0
1716,106,4,5127,1,207,0
1717,106,4,5301,1,130,0
1718,107,4,4855,1,202,0
1719,107,4,5294,1,145,0
1720,107,4,5377,1,113,0
1721,107,4,5510,1,78,0
1722,107,4,5426,1,93,0
1723,107,4,5156,1,203,0
1724,107,4,5503,1,78,0
1725,107,4,5306,1,134,0
1726,107,4,4985,1,263,0
1727,107,4,5434,1,82,0
1728,107,4,5423,1,99,0
1729,107,3,3320,0,331,0
1730,107,4,4956,1,234,0
1731,107,4,5434,1,101,0
1732,107,4,5432,1,120,0
1733,107,4,4634,1,389,0
1734,107,4,5340,1,130,0
1735,107,4,5090,1,196,0
1736,107,4,4940,1,265,0
1737,108,4,5170,1,190,0
1738,108,4,5269,1,158,0
1739,108,4,5041,1,231,0
1740,108,4,5531,1,67,0
1741,108,4,5282,1,154,0
1742,108,4,5403,1,112,0
1743,108,4,4727,1,364,0
1744,108,4,4218,1,609,0
1745,108,4,4829,1,279,0
1746,108,4,4725,1,362,0
1747,108,4,5103,1,184,0
1748,108,1,1261,0,160,0
1749,108,4,5445,1,87,0
1750,109,4,5295,1,118,0
1751,109,4,5311,1,141,0
1752,109,4,4998,1,202,0
1753,109,4,5619,1,50,0
1754,109,4,5172,1,136,0
1755,109,4,4580,1,427,0
1756,109,4,5018,1,245,0
1757,109,4,5524,1,76,0
1758,109,4,5338,1,136,0
1759,109,4,5386,1,118,0
1760,109,4,5461,1,99,0
1761,109,4,4894,1,321,0
1762,109,4,5253,1,169,0
1763,109,4,5331,1,142,0
1764,109,4,4509,1,352,0
1765,109,4,5617,1,46,0
1766,109,4,5490,1,79,0
1767,109,4,5514,1,75,0
1768,110,2,2353,0,439,0
1769,110,4,5400,1,111,0
1770,110,4,4814,1,332,0
1771,110,4,5162,1,149,0
1772,110,4,5504,1,87,0
1773,110,4,5449,1,101,0
1774,110,4,5206,1,183,0
1775,110,4,5352,1,116,0
1776,110,2,1945,0,608,0
1777,110,4,5205,1,180,0
1778,110,4,4859,1,289,0
1779,110,4,5382,1,110,0
1780,110,4,4905,1,273,0
1781,110,4,5402,1,106,0
1782,111,4,4844,1,288,0
1783,111,4,5410,1,106,0
1784,111,4,5019,1,249,0
1785,111,4,5436,1,108,0
1786,111,4,5394,1,106,0
1787,111,4,5066,1,231,0
1788,111,4,5388,1,123,0
1789,111,4,5487,1,83,0
1790,111,3,3235,0,335,0
1791,111,4,5446,1,96,0
1792,111,4,5061,1,233,0
1793,111,4,5394,1,117,0
1794,111,4,5325,1,132,0
1795,111,4,5340,1,138,0
1796,111,4,5506,1,69,0
1797,111,4,5298,1,138,0
1798,111,4,5164,1,178,0
1799,111,4,5316,1,117,0
1800,112,2,2362,0,1001,1
1801,112,4,5197,1,182,0
1802,112,4,5393,1,154,0
1803,112,4,5580,1,56,0
1804,112,4,5052,1,239,0
1805,112,4,5495,1,74,0
1806,112,3,2590,0,488,0
1807,112,2,2219,0,527,0
1808,112,4,5534,1,72,0
1809,112,4,5361,1,129,0
1810,112,4,5472,1,94,0
1811,112,4,5427,1,105,0
1812,112,4,5304,1,150,0
1813,112,4,5126,1,141,0
1814,113,2,2240,0,457,0
1815,113,4,5558,1,66,0
1816,113,4,5568,1,60,0
1817,113,4,5531,1,72,0
1818,113,4,5264,1,162,0
1819,113,4,5372,1,116,0
1820,113,4,4956,1,270,0
1821,113,4,5496,1,73,0
1822,113,4,5600,1,49,0
1823,113,4,5314,1,167,0
1824,113,4,5394,1,119,0
1825,113,4,5526,1,88,0
1826,113,4,5323,1,137,0
1827,113,4,5257,1,162,0
1828,113,4,4968,1,294,0
1829,113,4,5047,1,242,0
1830,113,4,4503,1,464,0
1831,114,4,5189,1,233,0
1832,114,4,5392,1,120,0
1833,114,4,5582,1,54,0
1834,114,4,4886,1,291,0
1835,114,4,5387,1,147,0
1836,114,4,5603,1,49,0
1837,114,4,5357,1,131,0
1838,114,4,5324,1,115,0
1839,114,4,5029,1,234,0
1840,114,4,5002,1,207,0
1841,114,4,4979,1,259,0
1842,114,4,5310,1,148,0
1843,114,4,5615,1,47,0
1844,114,4,5344,1,135,0
1845,114,4,5562,1,65,0
1846,114,4,5147,1,199,0
1847,114,4,5456,1,100,0
1848,114,4,4605,1,281,0
1849,114,4,5158,1,137,0
1850,114,4,5577,1,58,0
1851,114,4,5471,1,84,0
1852,114,4,5452,1,98,0
1853,115,4,5327,1,133,0
1854,115,4,5269,1,127,0
1855,115,4,5250,1,160,0
1856,115,4,5168,1,193,0
1857,115,4,5595,1,53,0
1858,115,4,5181,1,163,0
1859,115,4,5531,1,77,0
1860,115,4,4815,1,306,0
1861,115,4,5469,1,98,0
1862,115,4,5118,1,181,0
1863,115,4,5211,1,146,0
1864,115,4,5129,1,159,0
1865,115,4,5326,1,138,0
1866,115,4,5439,1,102,0
1867,115,4,5248,1,144,0
1868,115,4,4841,1,313,0
1869,115,4,4910,1,290,0
1870,115,4,5502,1,79,0
1871,115,4,5538,1,69,0
1872,115,4,5397,1,105,0
1873,115,4,5316,1,125,0
1874,115,4,5381,1,118,0
1875,116,4,5401,1,112,0
1876,116,4,5278,1,113,0
1877,116,4,5446,1,99,0
1878,116,4,5574,1,61,0
1879,116,4,5484,1,90,0
1880,116,4,5278,1,145,0
1881,116,4,5308,1,138,0
1882,116,4,5429,1,99,0
1883,116,4,5112,1,177,0
1884,116,4,5257,1,158,0
1885,116,4,5420,1,110,0
1886,116,4,5345,1,136,0
1887,116,4,5321,1,124,0
1888,116,4,5320,1,141,0
1889,116,4,5590,1,59,0
1890,116,4,5512,1,72,0
1891,116,4,5106,1,177,0
1892,116,4,5491,1,84,0
1893,116,4,5100,1,219,0
1894,116,4,5553,1,74,0
1895,116,4,5364,1,126,0
1896,116,1,1297,0,478,0
1897,116,4,5220,1,178,0
1898,117,4,5467,1,92,0
1899,117,4,5117,1,271,0
1900,117,2,2362,0,1001,1
1901,117,4,5196,1,182,0
1902,117,4,4562,1,399,0
1903,117,4,5055,1,236,0
1904,117,4,4928,1,264,0
1905,117,4,5386,1,123,0
1906,117,4,5527,1,77,0
1907,117,4,5330,1,123,0
1908,117,4,5534,1,72,0
1909,117,4,5251,1,164,0
1910,117,4,5449,1,98,0
1911,117,4,5464,1,91,0
1912,118,4,5180,1,178,0
1913,118,4,5455,1,93,0
1914,118,4,5342,1,114,0
1915,118,4,4934,1,262,0
1916,118,4,5312,1,140,0
1917,118,4,5462,1,97,0
1918,118,4,5434,1,105,0
1919,118,4,5137,1,204,0
1920,118,4,5031,1,261,0
1921,118,4,5486,1,89,0
1922,118,4,5517,1,75,0
1923,118,4,5381,1,119,0
1924,118,4,5364,1,125,0
1925,118,4,5539,1,60,0
1926,118,4,5176,1,202,0
1927,118,4,5609,1,50,0
1928,118,4,5341,1,127,0
1929,118,0,195,0,179,0
1930,118,4,4998,1,241,0
1931,118,4,5481,1,87,0
1932,118,4,5146,1,205,0
1933,119,4,5526,1,61,0
1934,119,4,5340,1,136,0
1935,119,4,4555,1,401,0
1936,119,4,5629,1,46,0
1937,119,4,5305,1,113,0
1938,119,2,2431,0,702,0
1939,119,4,4714,1,369,0
1940,119,4,5435,1,94,0
1941,119,4,5468,1,94,0
1942,119,4,5581,1,60,0
1943,119,4,5272,1,160,0
1944,119,4,5343,1,120,0
1945,119,4,5593,1,53,0
1946,119,4,5544,1,70,0
1947,119,4,5432,1,97,0
1948,119,4,4367,1,536,0
1949,120,4,5375,1,129,0
1950,120,4,5477,1,92,0
1951,120,1,1265,0,168,0
1952,120,4,5327,1,143,0
1953,120,4,5541,1,70,0
1954,120,3,3455,0,294,0
1955,120,4,5444,1,103,0
1956,120,2,1981,0,522,0
1957,120,4,5284,1,162,0
1958,120,4,5353,1,113,0
1959,120,4,5503,1,77,0
1960,120,4,5401,1,119,0
1961,120,4,5389,1,119,0
1962,120,4,5235,1,144,0
1963,120,4,5351,1,124,0
1964,120,4,4552,1,442,0
1965,120,4,5627,1,47,0
1966,121,4,5127,1,186,0
1967,121,4,5222,1,176,0
1968,121,4,4828,1,349,0
1969,121,4,5048,1,227,0
1970,121,4,5424,1,102,0
1971,121,4,5538,1,69,0
1972,121,4,5512,1,73,0
1973,121,4,5239,1,131,0
1974,121,4,5198,1,184,0
1975,121,4,5460,1,95,0
1976,121,4,5044,1,240,0
1977,121,4,5572,1,57,0
1978,121,4,5334,1,135,0
1979,121,4,5036,1,164,0
1980,121,4,5453,1,94,0
1981,121,4,5563,1,59,0
1982,121,4,5173,1,187,0
1983,122,4,5431,1,106,0
1984,122,4,5259,1,161,0
1985,122,4,4635,1,346,0
1986,122,4,5047,1,226,0
1987,122,4,5369,1,123,0
1988,122,4,5062,1,228,0
1989,122,4,5415,1,109,0
1990,122,4,5390,1,115,0
1991,122,4,5474,1,82,0
1992,122,4,4681,1,390,0
1993,122,4,5119,1,214,0
1994,122,4,5346,1,134,0
1995,122,4,5537,1,73,0
1996,122,4,5564,1,59,0
1997,122,4,5163,1,177,0
1998,122,4,5498,1,95,0
1999,122,4,5291,1,151,0
2000,123,2,2362,0,1001,1
2001,123,2,2441,0,227,0
2002,123,4,5194,1,168,0
2003,123,4,5353,1,132,0
2004,123,4,4680,1,333,0
2005,123,4,5268,1,151,0
2006,123,4,4885,1,301,0
2007,123,4,5052,1,215,0
2008,123,4,5221,1,176,0
2009,123,4,5254,1,152,0
2010,123,4,5366,1,127,0
2011,123,4,5284,1,146,0
2012,124,4,5540,1,65,0
2013,124,4,5338,1,122,0
2014,124,4,5293,1,146,0
2015,124,4,5125,1,212,0
2016,124,4,5397,1,89,0
2017,124,4,5343,1,134,0
2018,124,4,5507,1,77,0
2019,124,4,5437,1,102,0
2020,124,4,5378,1,97,0
2021,124,4,5065,1,180,0
2022,124,4,5543,1,68,0
2023,124,3,3346,0,312,0
2024,124,4,5135,1,171,0
2025,124,4,5414,1,113,0
2026,124,4,5577,1,54,0
2027,124,2,2271,0,285,0
2028,124,4,4814,1,314,0
2029,124,4,5111,1,212,0
2030,124,4,5060,1,200,0
2031,124,4,5209,1,161,0
2032,124,4,5388,1,113,0
2033,125,4,5520,1,71,0
2034,125,4,5492,1,78,0
2035,125,4,5553,1,64,0
2036,125,4,5124,1,194,0
2037,125,4,5162,1,196,0
2038,125,4,5256,1,161,0
2039,125,4,5059,1,211,0
2040,125,4,4837,1,223,0
2041,125,4,5583,1,57,0
2042,125,4,5153,1,163,0
2043,125,4,5119,1,216,0
2044,125,4,5339,1,138,0
2045,125,4,5492,1,110,0
2046,125,4,5143,1,203,0
2047,125,4,5148,1,159,0
2048,125,4,5305,1,131,0
2049,125,4,5479,1,90,0
2050,125,4,5199,1,169,0
2051,125,4,5452,1,87,0
2052,125,3,2927,0,287,0
2053,125,4,5236,1,148,0
2054,125,4,5601,1,53,0
2055,126,4,5472,1,105,0
2056,126,4,5616,1,45,0
2057,126,4,5367,1,112,0
2058,126,4,5471,1,93,0
2059,126,4,5413,1,105,0
2060,126,4,5053,1,227,0
2061,126,4,4760,1,353,0
2062,126,4,5119,1,185,0
2063,126,4,5391,1,119,0
2064,126,1,1180,0,152,0
2065,126,4,5464,1,93,0
2066,126,4,5138,1,201,0
2067,126,4,5494,1,87,0
2068,126,4,4924,1,276,0
2069,126,2,2037,0,351,0
2070,126,4,5521,1,78,0
2071,126,4,5280,1,158,0
2072,126,4,5601,1,48,0
2073,126,4,5483,1,88,0
2074,126,4,5357,1,124,0
2075,126,4,5152,1,183,0
2076,127,4,5060,1,204,0
2077,127,4,5335,1,179,0
2078,127,4,5474,1,91,0
2079,127,4,5279,1,148,0
2080,127,4,5365,1,116,0
2081,127,4,5387,1,119,0
2082,127,4,5442,1,103,0
2083,127,4,5173,1,189,0
2084,127,4,5270,1,154,0
2085,127,4,4917,1,280,0
2086,127,4,5466,1,81,0
2087,127,4,5467,1,93,0
2088,127,4,5443,1,123,0
2089,127,4,5454,1,87,0
2090,127,4,5526,1,71,0
2091,127,3,3104,0,406,0
2092,127,4,4948,1,227,0
2093,127,4,5352,1,128,0
2094,127,4,5284,1,155,0
2095,127,4,5461,1,87,0
2096,127,4,5519,1,78,0
2097,127,4,5286,1,138,0
2098,128,4,5291,1,142,0
2099,128,4,5364,1,119,0
2100,128,2,2362,0,1001,1
2101,128,4,4713,1,342,0
2102,128,4,5428,1,107,0
2103,128,4,5404,1,115,0
2104,128,4,5417,1,107,0
2105,128,4,5517,1,73,0
2106,128,4,4913,1,227,0
2107,128,4,5509,1,81,0
2108,128,4,4559,1,369,0
2109,128,4,5439,1,106,0
2110,128,4,5554,1,68,0
2111,128,4,4939,1,279,0
2112,129,4,4988,1,259,0
2113,129,4,5210,1,162,0
2114,129,4,5016,1,187,0
2115,129,4,5216,1,207,0
2116,129,4,5112,1,158,0
2117,129,4,5180,1,180,0
2118,129,4,5354,1,129,0
2119,129,4,5478,1,81,0
2120,129,4,5498,1,72,0
2121,129,4,5358,1,113,0
2122,129,4,4683,1,250,0
2123,129,4,5152,1,199,0
2124,129,4,5530,1,71,0
2125,129,4,5530,1,70,0
2126,129,4,5597,1,50,0
2127,129,4,5413,1,111,0
2128,129,4,5106,1,192,0
2129,129,4,5048,1,226,0
2130,129,4,5002,1,242,0
2131,129,4,5161,1,192,0
2132,130,4,4944,1,266,0
2133,130,4,5421,1,127,0
2134,130,4,5532,1,64,0
2135,130,4,5246,1,166,0
2136,130,4,5336,1,136,0
2137,130,4,5479,1,89,0
2138,130,4,5352,1,122,0
2139,130,4,5056,1,238,0
2140,130,4,5280,1,150,0
2141,130,4,5195,1,177,0
2142,130,4,5551,1,65,0
2143,130,4,5505,1,78,0
2144,130,4,5070,1,214,0
2145,130,4,5486,1,82,0
2146,130,4,5523,1,69,0
2147,130,1,1190,0,151,0
2148,130,4,4753,1,344,0
2149,130,4,5399,1,115,0
2150,130,4,5529,1,76,0
2151,130,4,4859,1,307,0
2152,131,4,5174,1,183,0
2153,131,4,4981,1,227,0
2154,131,4,5376,1,113,0
2155,131,4,5413,1,108,0
2156,131,4,5431,1,97,0
2157,131,4,5102,1,215,0
2158,131,4,5350,1,131,0
2159,131,4,5353,1,142,0
2160,131,4,5465,1,84,0
2161,131,4,5543,1,67,0
2162,131,4,5151,1,177,0
2163,131,4,5371,1,123,0
2164,131,4,5503,1,83,0
2165,131,4,4976,1,232,0
2166,131,4,5405,1,108,0
2167,131,4,5452,1,98,0
2168,131,4,5307,1,193,0
2169,131,4,4546,1,410,0
2170,131,4,5456,1,92,0
2171,131,4,5592,1,50,0
2172,131,4,5415,1,106,0
2173,131,4,5350,1,134,0
2174,132,4,5193,1,157,0
2175,132,4,5508,1,76,0
2176,132,4,5122,1,181,0
2177,132,4,5534,1,70,0
2178,132,4,5367,1,123,0
2179,132,3,3133,0,538,0
2180,132,4,5346,1,135,0
2181,132,4,5574,1,63,0
2182,132,4,5124,1,182,0
2183,132,4,4270,1,532,0
2184,132,4,5511,1,80,0
2185,132,4,4931,1,293,0
2186,132,4,5483,1,89,0
2187,132,4,5605,1,53,0
2188,132,4,5354,1,131,0
2189,132,2,2354,0,272,0
2190,132,4,5318,1,139,0
2191,132,4,5485,1,86,0
2192,132,4,5517,1,72,0
2193,133,4,5430,1,105,0
2194,133,4,4997,1,237,0
2195,133,4,5406,1,109,0
2196,133,4,5257,1,157,0
2197,133,4,5285,1,150,0
2198,133,4,4953,1,270,0
2199,133,4,5049,1,198,0
2200,133,2,2362,0,1001,1
2201,133,4,5466,1,93,0
2202,133,0,99,0,157,0
2203,133,4,5284,1,166,0
2204,133,4,5371,1,125,0
2205,133,4,5240,1,150,0
2206,133,4,5320,1,152,0
2207,134,4,5052,1,229,0
2208,134,4,5304,1,142,0
2209,134,4,5258,1,158,0
2210,134,4,4464,1,357,0
2211,134,4,5426,1,99,0
2212,134,4,5402,1,115,0
2213,134,4,5573,1,57,0
2214,134,4,4773,1,307,0
2215,134,1,1437,0,208,0
2216,134,4,5341,1,134,0
2217,134,1,1464,0,213,0
2218,134,4,5481,1,89,0
2219,134,4,4460,1,481,0
2220,134,1,1281,0,144,0
2221,134,4,5077,1,194,0
2222,134,4,5287,1,157,0
2223,134,4,5599,1,47,0
2224,134,4,5539,1,63,0
2225,135,4,4983,1,253,0
2226,135,4,5340,1,103,0
2227,135,4,5522,1,75,0
2228,135,4,5495,1,81,0
2229,135,3,3571,0,226,0
2230,135,3,3180,0,345,0
2231,135,4,5295,1,150,0
2232,135,4,5503,1,81,0
2233,135,4,5166,1,197,0
2234,135,4,5245,1,215,0
2235,135,4,5277,1,131,0
2236,135,4,5526,1,75,0
2237,135,4,4991,1,263,0
2238,135,4,5442,1,105,0
2239,135,4,5292,1,137,0
2240,135,4,5229,1,165,0
2241,135,4,5197,1,211,0
2242,135,4,5129,1,203,0
2243,135,4,5386,1,118,0
2244,136,4,4851,1,295,0
2245,136,4,5278,1,154,0
2246,136,4,5458,1,92,0
2247,136,4,5554,1,66,0
2248,136,4,5378,1,118,0
2249,136,4,5471,1,93,0
2250,136,4,5554,1,69,0
2251,136,3,2958,0,467,0
2252,136,4,4685,1,382,0
2253,136,4,5382,1,119,0
2254,136,4,5314,1,156,0
2255,136,4,5433,1,106,0
2256,136,4,4886,1,274,0
2257,136,4,5033,1,172,0
2258,136,4,5490,1,74,0
2259,136,4,5479,1,109,0
2260,136,4,5348,1,119,0
2261,136,4,5429,1,103,0
2262,137,4,5070,1,297,0
2263,137,4,4818,1,332,0
2264,137,4,5076,1,255,0
2265,137,4,5613,1,50,0
2266,137,2,2421,0,306,0
2267,137,4,5031,1,246,0
2268,137,4,5499,1,70,0
2269,137,1,1268,0,436,0
2270,137,4,5233,1,219,0
2271,137,4,5089,1,237,0
2272,137,4,5327,1,175,0
2273,137,4,5359,1,121,0
2274,137,4,5091,1,240,0
2275,137,4,4941,1,272,0
2276,138,4,5276,1,204,0
2277,138,4,5359,1,129,0
2278,138,4,5352,1,145,0
2279,138,4,5024,1,237,0
2280,138,4,5518,1,77,0
2281,138,4,4978,1,289,0
2282,138,4,4988,1,295,0
2283,138,4,4837,1,250,0
2284,138,4,5513,1,99,0
2285,138,4,4864,1,324,0
2286,138,4,5368,1,158,0
2287,138,4,5442,1,104,0
2288,138,4,5469,1,98,0
2289,138,3,3484,0,378,0
2290,138,4,5382,1,124,0
2291,138,4,5567,1,69,0
2292,138,4,5429,1,115,0
2293,138,4,5467,1,118,0
2294,139,4,5234,1,207,0
2295,139,4,5087,1,276,0
2296,139,4,5144,1,215,0
2297,139,2,2213,0,328,0
2298,139,4,5574,1,59,0
2299,139,4,5346,1,133,0
2300,139,2,2362,0,1001,1
2301,139,3,3530,0,340,0
2302,139,4,5480,1,95,0
2303,139,4,4612,1,274,0
2304,139,4,5489,1,90,0
2305,139,4,5422,1,126,0
2306,140,4,4970,1,214,0
2307,140,4,5403,1,119,0
2308,140,4,5534,1,72,0
2309,140,4,5031,1,227,0
2310,140,4,5373,1,125,0
2311,140,4,4979,1,266,0
2312,140,4,5287,1,131,0
2313,140,4,4777,1,337,0
2314,140,4,5639,1,41,0
2315,140,4,4893,1,190,0
2316,140,4,5409,1,88,0
2317,140,4,5248,1,132,0
2318,140,4,5425,1,81,0
2319,140,4,5144,1,162,0
2320,140,4,5573,1,63,0
2321,140,4,5584,1,52,0
2322,140,4,5625,1,44,0
2323,140,4,4130,1,405,0
2324,140,4,5350,1,101,0
2325,140,4,5254,1,151,0
2326,140,4,5340,1,122,0
2327,140,4,5617,1,46,0
2328,141,4,5346,1,130,0
2329,141,4,5606,1,49,0
2330,141,4,5610,1,55,0
2331,141,4,5485,1,71,0
2332,141,4,5165,1,167,0
2333,141,4,5600,1,49,0
2334,141,4,5550,1,59,0
2335,141,4,5527,1,63,0
2336,141,4,5258,1,139,0
2337,141,4,5435,1,80,0
2338,141,4,5556,1,82,0
2339,141,4,5526,1,61,0
2340,141,4,5541,1,65,0
2341,141,4,5617,1,46,0
2342,141,4,5548,1,61,0
2343,141,4,5401,1,105,0
2344,141,3,3519,0,183,0
2345,141,4,5471,1,88,0
2346,141,4,5551,1,61,0
2347,141,3,3395,0,187,0
2348,141,4,5503,1,67,0
2349,141,4,5101,1,171,0
2350,141,4,5579,1,63,0
2351,141,4,5217,1,179,0
2352,141,4,5372,1,177,0
2353,141,4,5615,1,47,0
2354,141,4,5244,1,129,0
2355,141,4,5467,1,112,0
2356,141,4,5574,1,59,0
2357,141,4,5579,1,66,0
2358,141,4,5610,1,50,0
2359,141,4,5624,1,49,0
2360,141,4,5612,1,47,0
2361,141,4,5619,1,45,0
2362,141,4,5187,1,140,0
2363,142,4,5245,1,151,0
2364,142,4,5563,1,59,0
2365,142,4,5554,1,62,0
2366,142,4,5406,1,93,0
2367,142,4,5496,1,77,0
2368,142,4,5623,1,44,0
2369,142,4,5441,1,82,0
2370,142,4,5411,1,151,0
2371,142,4,5374,1,116,0
2372,142,4,5621,1,45,0
2373,142,4,5575,1,54,0
2374,142,4,5601,1,51,0
2375,142,4,5376,1,119,0
2376,142,4,5531,1,63,0
2377,142,4,5626,1,45,0
2378,142,4,5601,1,54,0
2379,142,4,5601,1,53,0
2380,142,4,5634,1,42,0
2381,142,4,5582,1,51,0
2382,142,3,3230,0,154,0
2383,142,4,5567,1,57,0
2384,142,4,5641,1,41,0
2385,142,4,5319,1,116,0
2386,142,4,5644,1,40,0
2387,142,4,5641,1,42,0
2388,142,4,5401,1,112,0
2389,142,4,5073,1,173,0
2390,142,4,5591,1,55,0
2391,142,4,5603,1,49,0
2392,142,4,5418,1,129,0
2393,142,4,5546,1,67,0
2394,142,4,5303,1,129,0
2395,142,4,5409,1,112,0
2396,142,4,5403,1,101,0
2397,142,4,5393,1,101,0
2398,142,4,5602,1,52,0
2399,142,4,5602,1,51,0
2400,142,4,5649,1,38,1
2401,142,4,5107,1,149,0
2402,143,4,5458,1,74,0
2403,143,4,5059,1,157,0
2404,143,4,5615,1,45,0
2405,143,4,5555,1,60,0
2406,143,4,5577,1,59,0
2407,143,4,5634,1,42,0
2408,143,4,5551,1,61,0
2409,143,4,5632,1,42,0
2410,143,4,5609,1,51,0
2411,143,4,5382,1,118,0
2412,143,4,5572,1,60,0
2413,143,4,5447,1,130,0
2414,143,4,5542,1,62,0
2415,143,4,5564,1,62,0
2416,143,4,5495,1,73,0
2417,143,4,5587,1,57,0
2418,143,4,5610,1,46,0
2419,143,4,5617,1,46,0
2420,143,4,5397,1,91,0
2421,143,4,5567,1,56,0
2422,143,4,5259,1,111,0
2423,143,4,5442,1,85,0
2424,143,4,5493,1,69,0
2425,143,4,5591,1,52,0
2426,143,4,5641,1,41,0
2427,143,4,5629,1,42,0
2428,143,4,5176,1,131,0
2429,143,4,5639,1,41,0
2430,143,4,5619,1,46,0
2431,143,4,5428,1,99,0
2432,143,4,5572,1,61,0
2433,143,4,5621,1,62,0
2434,143,4,5647,1,39,0
2435,143,4,5573,1,54,0
2436,143,4,5165,1,143,0
2437,143,4,5558,1,58,0
2438,143,4,5482,1,77,0
2439,143,4,5610,1,47,0
2440,143,4,5528,1,76,0
2441,143,4,5471,1,79,0
2442,143,4,5612,1,48,0
2443,144,2,2343,0,192,0
2444,144,4,5539,1,71,0
2445,144,4,5219,1,180,0
2446,144,4,5448,1,92,0
2447,144,4,5545,1,75,0
2448,144,4,5165,1,169,0
2449,144,4,5319,1,136,0
2450,144,4,5446,1,103,0
2451,144,4,4911,1,253,0
2452,144,4,5399,1,113,0
2453,144,4,4554,1,306,0
2454,144,4,5274,1,153,0
2455,144,4,4419,1,437,0
2456,144,4,5287,1,137,0
2457,144,4,5231,1,139,0
2458,144,4,5081,1,225,0
2459,144,4,5512,1,80,0
2460,144,4,5227,1,168,0
2461,145,4,5168,1,185,0
2462,145,4,4708,1,334,0
2463,145,4,5428,1,108,0
2464,145,4,5527,1,76,0
2465,145,4,5143,1,198,0
2466,145,4,5326,1,129,0
2467,145,4,5507,1,80,0
2468,145,4,5490,1,82,0
2469,145,4,4931,1,273,0
2470,145,4,5424,1,98,0
2471,145,4,5332,1,122,0
2472,145,4,5058,1,217,0
2473,145,4,5354,1,125,0
2474,145,4,5321,1,140,0
2475,145,4,5534,1,65,0
2476,145,4,5556,1,66,0
2477,145,4,5527,1,75,0
2478,145,4,5238,1,175,0
2479,145,4,5620,1,46,0
2480,145,4,5203,1,184,0
2481,145,4,5390,1,119,0
2482,145,4,5534,1,64,0
2483,146,4,5124,1,212,0
2484,146,4,4968,1,246,0
2485,146,4,5614,1,46,0
2486,146,4,5303,1,139,0
2487,146,4,5542,1,67,0
2488,146,4,4946,1,254,0
2489,146,4,5579,1,62,0
2490,146,4,5392,1,118,0
2491,146,4,5488,1,89,0
2492,146,4,5497,1,78,0
2493,146,4,5586,1,60,0
2494,146,4,5175,1,193,0
2495,146,3,3062,0,259,0
2496,146,1,1371,0,347,0
2497,146,4,5298,1,172,0
2498,146,4,5567,1,64,0
2499,146,4,5420,1,98,0
2500,147,2,2362,0,1001,1
2501,147,4,5542,1,71,0
2502,147,4,5130,1,208,0
2503,147,4,5476,1,90,0
2504,147,4,4840,1,320,0
2505,147,4,5029,1,222,0
2506,147,4,5247,1,132,0
2507,147,4,5069,1,205,0
2508,147,2,2454,0,189,0
2509,147,4,5322,1,154,0
2510,147,4,5455,1,109,0
2511,147,0,161,0,594,0
2512,147,4,5066,1,227,0
2513,147,4,5460,1,82,0
2514,148,4,5070,1,199,0
2515,148,4,5333,1,131,0
2516,148,4,5410,1,111,0
2517,148,4,5264,1,158,0
2518,148,4,5387,1,151,0
2519,148,4,5245,1,165,0
2520,148,4,5479,1,92,0
2521,148,4,5363,1,117,0
2522,148,4,5530,1,75,0
2523,148,4,5464,1,96,0
2524,148,4,5002,1,255,0
2525,148,4,5520,1,75,0
2526,148,4,5440,1,93,0
2527,148,4,5373,1,112,0
2528,148,4,5375,1,129,0
2529,148,4,5475,1,81,0
2530,148,4,5017,1,267,0
2531,148,4,5283,1,140,0
2532,148,4,5509,1,77,0
2533,148,4,5566,1,55,0
2534,148,4,5484,1,73,0
2535,148,2,2325,0,196,0
2536,148,4,5630,1,43,0
2537,148,4,5547,1,65,0
2538,148,4,5556,1,56,0
2539,149,4,5541,1,72,0
2540,149,4,5538,1,64,0
2541,149,4,5477,1,89,0
2542,149,4,5240,1,131,0
2543,149,4,5636,1,43,0
2544,149,4,5394,1,104,0
2545,149,4,5327,1,111,0
2546,149,4,5478,1,113,0
2547,149,4,5437,1,90,0
2548,149,4,5435,1,84,0
2549,149,4,5591,1,49,0
2550,149,4,5542,1,59,0
2551,149,4,5463,1,80,0
2552,149,4,5562,1,61,0
2553,149,4,5571,1,56,0
2554,149,4,5552,1,59,0
2555,149,4,5194,1,130,0
2556,149,4,5604,1,51,0
2557,149,4,5585,1,51,0
2558,149,4,5642,1,39,0
2559,149,1,1183,0,151,0
2560,149,4,5344,1,95,0
2561,149,4,5617,1,45,0
2562,149,4,5544,1,84,0
2563,149,4,5620,1,45,0
2564,149,4,5033,1,187,0
2565,149,2,2448,0,171,0
2566,149,4,4977,1,172,0
2567,149,4,5422,1,85,0
2568,149,4,5596,1,53,0
2569,149,4,5566,1,58,0
2570,149,4,5645,1,39,0
2571,149,4,5475,1,87,0
2572,149,4,5509,1,64,0
2573,150,4,5590,1,51,0
2574,150,4,5587,1,63,0
2575,150,4,5542,1,60,0
2576,150,4,5615,1,46,0
2577,150,4,5448,1,83,0
2578,150,4,5588,1,59,0
2579,150,4,5649,1,38,0
2580,150,3,3591,0,264,0
2581,150,4,5479,1,78,0
2582,150,4,5597,1,50,0
2583,150,4,5560,1,54,0
2584,150,4,5592,1,52,0
2585,150,4,5581,1,56,0
2586,150,4,5562,1,57,0
2587,150,2,2041,0,224,0
2588,150,4,5386,1,109,0
2589,150,4,5350,1,116,0
2590,150,4,5156,1,148,0
2591,150,4,5415,1,108,0
2592,150,4,5259,1,113,0
2593,150,4,5368,1,131,0
2594,150,4,5278,1,150,0
2595,150,4,5263,1,157,0
2596,150,4,4908,1,251,0
2597,150,3,3609,0,323,0
2598,150,4,4531,1,263,0
2599,151,4,5397,1,112,0
2600,151,2,2362,0,1001,1
2601,151,4,5483,1,86,0
2602,151,4,5430,1,105,0
2603,151,4,5259,1,161,0
2604,151,2,2423,0,338,0
2605,151,4,4569,1,408,0
2606,151,4,4462,1,482,0
2607,151,4,5602,1,52,0
2608,151,4,5607,1,46,0
2609,151,4,5420,1,92,0
2610,151,4,5035,1,186,0
2611,151,4,5614,1,48,0
2612,151,4,5615,1,50,0
2613,151,4,5583,1,52,0
2614,152,4,5594,1,50,0
2615,152,4,5634,1,41,0
2616,152,4,5603,1,56,0
2617,152,4,5381,1,90,0
2618,152,4,5478,1,107,0
2619,152,4,5274,1,207,0
2620,152,4,5489,1,108,0
2621,152,4,5571,1,59,0
2622,152,4,5550,1,62,0
2623,152,4,5626,1,52,0
2624,152,4,5443,1,87,0
2625,152,4,5570,1,60,0
2626,152,4,5576,1,61,0
2627,152,2,2426,0,208,0
2628,152,4,5363,1,137,0
2629,152,4,5082,1,224,0
2630,152,4,4575,1,378,0
2631,152,4,5546,1,69,0
2632,152,4,5279,1,134,0
2633,152,4,5269,1,160,0
2634,152,4,4597,1,295,0
2635,152,4,5459,1,97,0
2636,152,4,5388,1,105,0
2637,152,4,5517,1,80,0
2638,153,4,4948,1,267,0
2639,153,4,5410,1,98,0
2640,153,4,5318,1,119,0
2641,153,4,5557,1,63,0
2642,153,4,5095,1,220,0
2643,153,4,4736,1,317,0
2644,153,4,5483,1,90,0
2645,153,4,5587,1,52,0
2646,153,4,5397,1,106,0
2647,153,4,5401,1,114,0
2648,153,4,5527,1,71,0
2649,153,4,5025,1,280,0
2650,153,4,4438,1,389,0
2651,153,4,5500,1,80,0
2652,153,4,5344,1,121,0
2653,153,4,5643,1,40,0
2654,153,4,5217,1,163,0
2655,153,4,5450,1,102,0
2656,153,4,5386,1,123,0
2657,154,3,3330,0,263,0
2658,154,4,5179,1,147,0
2659,154,4,5578,1,60,0
2660,154,4,4980,1,254,0
2661,154,4,5194,1,178,0
2662,154,4,5323,1,117,0
2663,154,4,4642,1,428,0
2664,154,4,5038,1,245,0
2665,154,4,5404,1,143,0
2666,154,4,5594,1,57,0
2667,154,4,5484,1,87,0
2668,154,4,5190,1,163,0
2669,154,4,5541,1,70,0
2670,154,1,1107,0,340,0
2671,154,4,4894,1,295,0
2672,154,4,4932,1,275,0
2673,155,3,2994,0,374,0
2674,155,4,5543,1,70,0
2675,155,4,5377,1,109,0
2676,155,4,5334,1,135,0
2677,155,4,5072,1,227,0
2678,155,4,5239,1,164,0
2679,155,1,1278,0,155,0
2680,155,4,5212,1,174,0
2681,155,4,5401,1,91,0
2682,155,4,5164,1,185,0
2683,155,4,5552,1,63,0
2684,155,4,5341,1,146,0
2685,155,4,5370,1,134,0
2686,155,4,5191,1,180,0
2687,155,4,5506,1,81,0
2688,155,4,5560,1,62,0
2689,155,4,5418,1,104,0
2690,155,4,5061,1,288,0
2691,155,4,5033,1,231,0
2692,156,4,4829,1,292,0
2693,156,4,5330,1,117,0
2694,156,4,4944,1,275,0
2695,156,4,5424,1,107,0
2696,156,4,5269,1,155,0
2697,156,4,4889,1,228,0
2698,156,4,5009,1,229,0
2699,156,4,5530,1,66,0
2700,156,2,2362,0,1001,1
2701,156,4,5225,1,163,0
2702,156,1,1279,0,160,0
2703,156,4,5014,1,226,0
2704,156,4,5159,1,189,0
2705,157,4,5247,1,168,0
2706,157,4,5589,1,53,0
2707,157,4,5407,1,106,0
2708,157,4,5504,1,83,0
2709,157,4,4780,1,215,0
2710,157,4,5387,1,116,0
2711,157,4,5437,1,100,0
2712,157,4,5573,1,62,0
2713,157,4,5542,1,72,0
2714,157,4,5507,1,81,0
2715,157,4,5345,1,131,0
2716,157,4,5205,1,178,0
2717,157,4,5549,1,69,0
2718,157,4,4913,1,308,0
2719,157,4,5464,1,91,0
2720,157,4,5524,1,69,0
2721,157,4,5559,1,74,0
2722,157,4,5069,1,233,0
2723,157,4,5338,1,136,0
2724,157,4,5580,1,57,0
2725,157,4,5252,1,175,0
2726,157,4,5565,1,64,0
2727,157,4,4900,1,295,0
2728,157,4,5423,1,92,0
2729,157,4,5073,1,234,0
2730,158,4,5478,1,83,0
2731,158,4,5567,1,65,0
2732,158,4,5535,1,69,0
2733,158,4,5105,1,239,0
2734,158,4,5357,1,163,0
2735,158,4,5166,1,194,0
2736,158,4,5424,1,98,0
2737,158,4,4233,1,529,0
2738,158,4,5443,1,103,0
2739,158,4,5299,1,128,0
2740,158,4,5173,1,181,0
2741,158,4,4913,1,292,0
2742,158,4,5191,1,188,0
2743,158,4,5523,1,74,0
2744,158,4,5577,1,60,0
2745,158,4,5451,1,91,0
2746,158,4,4521,1,431,0
2747,158,4,5591,1,51,0
2748,159,4,5458,1,75,0
2749,159,4,5263,1,120,0
2750,159,4,5406,1,104,0
2751,159,4,5628,1,44,0
2752,159,4,5625,1,46,0
2753,159,4,5624,1,43,0
2754,159,4,5632,1,45,0
2755,159,4,5630,1,44,0
2756,159,4,5210,1,143,0
2757,159,4,5293,1,118,0
2758,159,4,5602,1,50,0
2759,159,4,5367,1,172,0
2760,159,4,5534,1,64,0
2761,159,4,5600,1,49,0
2762,159,4,5480,1,70,0
2763,159,4,5391,1,112,0
2764,159,4,5604,1,49,0
2765,159,4,5412,1,92,0
2766,159,4,5581,1,65,0
2767,159,4,5544,1,81,0
2768,159,4,5509,1,74,0
2769,159,4,5637,1,43,0
2770,159,4,4960,1,172,0
2771,159,4,5549,1,62,0
2772,159,4,5503,1,90,0
2773,159,4,5576,1,53,0
2774,159,4,5160,1,157,0
2775,159,4,5601,1,49,0
2776,159,4,5501,1,67,0
2777,159,4,5531,1,67,0
2778,159,4,5596,1,49,0
2779,159,4,5377,1,110,0
2780,159,4,5582,1,55,0
2781,159,4,5636,1,41,0
2782,159,4,5601,1,51,0
2783,159,4,5551,1,66,0
2784,159,4,5379,1,120,0
2785,160,2,2416,0,224,0
2786,160,4,5628,1,45,0
2787,160,0,86,0,158,0
2788,160,4,5519,1,69,0
2789,160,4,5634,1,44,0
2790,160,4,5400,1,147,0
2791,160,4,5603,1,48,0
2792,160,4,5258,1,118,0
2793,160,4,5464,1,93,0
2794,160,4,5313,1,108,0
2795,160,4,5594,1,60,0
2796,160,4,5391,1,92,0
2797,160,4,5434,1,87,0
2798,160,4,5583,1,64,0
2799,160,4,5488,1,101,0
2800,160,4,5649,1,38,1
2801,160,4,5598,1,48,0
2802,160,4,5577,1,56,0
2803,160,4,5535,1,65,0
2804,160,4,5606,1,49,0
2805,160,4,5623,1,44,0
2806,160,4,5107,1,145,0
2807,160,4,5603,1,51,0
2808,160,4,5642,1,40,0
2809,160,4,5496,1,88,0
2810,160,4,5423,1,94,0
2811,160,4,5511,1,70,0
2812,160,4,5600,1,50,0
2813,160,4,5569,1,55,0
2814,160,4,5647,1,39,0
2815,160,4,5553,1,73,0
2816,160,4,5591,1,49,0
2817,160,4,5566,1,60,0
2818,160,4,5588,1,65,0
2819,160,4,5594,1,54,0
2820,160,4,5617,1,48,0
2821,160,4,5499,1,71,0
2822,160,4,5580,1,51,0
2823,160,4,5624,1,43,0
2824,160,4,5627,1,43,0
2825,161,4,5415,1,157,0
2826,161,4,5589,1,54,0
2827,161,4,5591,1,50,0
2828,161,4,5499,1,76,0
2829,161,4,5601,1,53,0
2830,161,4,5620,1,51,0
2831,161,4,4283,1,676,0
2832,161,4,5597,1,53,0
2833,161,4,5614,1,47,0
2834,161,4,5604,1,57,0
2835,161,4,5490,1,73,0
2836,161,4,5429,1,80,0
2837,161,4,5630,1,43,0
2838,161,4,5607,1,49,0
2839,161,4,5594,1,50,0
2840,161,4,5410,1,89,0
2841,161,4,5614,1,46,0
2842,161,4,5638,1,44,0
2843,161,4,5572,1,55,0
2844,161,4,5607,1,46,0
2845,161,4,5606,1,47,0
2846,161,4,5428,1,79,0
2847,161,4,5551,1,62,0
2848,161,4,5580,1,54,0
2849,161,4,5597,1,55,0
2850,161,4,5590,1,53,0
2851,161,4,5592,1,51,0
2852,161,1,1362,0,335,0
2853,161,4,5601,1,50,0
2854,161,4,5602,1,55,0
2855,161,4,5634,1,43,0
2856,161,4,5593,1,59,0
2857,161,4,5518,1,66,0
2858,161,4,5581,1,54,0
2859,161,4,5300,1,125,0
2860,162,4,5503,1,67,0
2861,162,4,5542,1,65,0
2862,162,4,4654,1,243,0
2863,162,4,5623,1,44,0
2864,162,4,5611,1,47,0
2865,162,4,4880,1,204,0
2866,162,4,5608,1,52,0
2867,162,4,5402,1,97,0
2868,162,4,5503,1,82,0
2869,162,2,2196,0,175,0
2870,162,4,5548,1,58,0
2871,162,4,5546,1,63,0
2872,162,4,5636,1,42,0
2873,162,2,2206,0,161,0
2874,162,4,5425,1,88,0
2875,162,2,2024,0,237,0
2876,162,4,5550,1,63,0
2877,162,4,5542,1,66,0
2878,162,4,5607,1,46,0
2879,162,4,5620,1,45,0
2880,162,4,5625,1,45,0
2881,162,4,5609,1,47,0
2882,162,4,5633,1,42,0
2883,162,4,5634,1,42,0
2884,162,4,5344,1,134,0
2885,162,4,5545,1,69,0
2886,162,4,5631,1,43,0
2887,162,4,5601,1,48,0
2888,162,4,5459,1,76,0
2889,162,4,5461,1,83,0
2890,162,4,5439,1,87,0
2891,162,4,5542,1,59,0
2892,162,4,5620,1,48,0
2893,162,4,5619,1,45,0
2894,162,4,5619,1,45,0
2895,162,4,5639,1,40,0
2896,162,4,5644,1,39,0
2897,162,4,4849,1,200,0
2898,162,4,5635,1,45,0
2899,163,4,5352,1,145,0
2900,163,4,5649,1,38,1
2901,163,4,5630,1,43,0
2902,163,0,0,0,123,0
2903,163,4,5375,1,103,0
2904,163,4,5642,1,41,0
2905,163,4,5613,1,47,0
2906,163,4,5566,1,61,0
2907,163,4,5637,1,41,0
2908,163,4,5631,1,45,0
2909,163,4,5630,1,42,0
2910,163,4,5539,1,68,0
2911,163,4,5529,1,66,0
2912,163,4,5576,1,56,0
2913,163,4,5544,1,80,0
2914,163,4,5619,1,45,0
2915,163,3,3429,0,148,0
2916,163,4,5596,1,50,0
2917,163,4,5550,1,62,0
2918,163,4,5420,1,85,0
2919,163,4,5484,1,119,0
2920,163,4,5585,1,50,0
2921,163,4,5580,1,54,0
2922,163,4,5247,1,125,0
2923,163,4,5562,1,66,0
2924,163,0,99,0,168,0
2925,163,4,5633,1,41,0
2926,163,4,5620,1,46,0
2927,163,4,5647,1,39,0
2928,163,4,5455,1,90,0
2929,163,4,5590,1,52,0
2930,163,4,5482,1,79,0
2931,163,4,5608,1,46,0
2932,163,4,5376,1,94,0
2933,163,4,5591,1,55,0
2934,163,4,5636,1,43,0
2935,163,4,5608,1,52,0
2936,163,4,5586,1,64,0
2937,163,4,5084,1,165,0
2938,163,4,5540,1,60,0
2939,163,4,5529,1,75,0
2940,164,4,5203,1,134,0
2941,164,4,5575,1,54,0
2942,164,1,1152,0,394,0
2943,164,4,5637,1,43,0
2944,164,4,5441,1,94,0
2945,164,4,5611,1,50,0
2946,164,4,5600,1,49,0
2947,164,4,5637,1,42,0
2948,164,4,5572,1,64,0
2949,164,4,5558,1,65,0
2950,164,4,5603,1,54,0
2951,164,2,2319,0,155,0
2952,164,4,5448,1,102,0
2953,164,4,5575,1,54,0
2954,164,4,5405,1,97,0
2955,164,4,5574,1,53,0
2956,164,4,5526,1,64,0
2957,164,4,5417,1,144,0
2958,164,4,5428,1,90,0
2959,164,4,5619,1,46,0
2960,164,4,5534,1,70,0
2961,164,4,5610,1,50,0
2962,164,4,5440,1,136,0
2963,164,4,5688,1,53,0
2964,164,4,5537,1,88,0
2965,164,4,5433,1,81,0
2966,164,4,5476,1,122,0
2967,164,4,5218,1,145,0
2968,164,4,5643,1,41,0
2969,164,4,5594,1,51,0
2970,164,4,5482,1,77,0
2971,164,4,5615,1,48,0
2972,164,2,2297,0,179,0
2973,164,4,5524,1,68,0
2974,165,4,5621,1,48,0
2975,165,4,5637,1,42,0
2976,165,4,5607,1,52,0
2977,165,4,5468,1,80,0
2978,165,4,5348,1,111,0
2979,165,4,5483,1,76,0
2980,165,4,5598,1,50,0
2981,165,4,5529,1,62,0
2982,165,4,5482,1,78,0
2983,165,4,5622,1,46,0
2984,165,4,5322,1,115,0
2985,165,4,5639,1,42,0
2986,165,4,5123,1,148,0
2987,165,4,5441,1,92,0
2988,165,4,5603,1,50,0
2989,165,4,5619,1,46,0
2990,165,4,5348,1,111,0
2991,165,4,5452,1,83,0
2992,165,4,5506,1,70,0
2993,165,4,5288,1,121,0
2994,165,4,5353,1,124,0
2995,165,4,5157,1,134,0
2996,165,4,5485,1,74,0
2997,165,4,5329,1,114,0
2998,165,4,5392,1,107,0
2999,165,4,5509,1,70,0
3000,165,1,1286,0,116,1
3001,165,4,5323,1,122,0
3002,165,4,5206,1,157,0
3003,165,4,5377,1,100,0
3004,165,4,5624,1,44,0
3005,165,4,5597,1,50,0
3006,165,4,5066,1,183,0
3007,165,4,5574,1,54,0
3008,165,4,5438,1,87,0
3009,166,4,5258,1,121,0
3010,166,4,5486,1,77,0
3011,166,4,5466,1,74,0
3012,166,4,5305,1,120,0
3013,166,4,5167,1,161,0
3014,166,4,5497,1,75,0
3015,166,4,5331,1,106,0
3016,166,4,5386,1,106,0
3017,166,4,5388,1,98,0
3018,166,4,5204,1,145,0
3019,166,4,5408,1,92,0
3020,166,4,5503,1,81,0
3021,166,4,5572,1,55,0
3022,166,4,5316,1,124,0
3023,166,4,5593,1,52,0
3024,166,4,5226,1,135,0
3025,166,4,5530,1,67,0
3026,166,4,5351,1,112,0
3027,166,4,5341,1,105,0
3028,166,4,5246,1,118,0
3029,166,4,5092,1,293,0
3030,166,4,5345,1,113,0
3031,166,4,5563,1,60,0
3032,166,4,4737,1,275,0
3033,166,4,5623,1,44,0
3034,166,1,1365,0,312,0
3035,166,4,5501,1,71,0
3036,167,4,5511,1,77,0
3037,167,4,5267,1,133,0
3038,167,4,5158,1,172,0
3039,167,4,5363,1,113,0
3040,167,4,5427,1,87,0
3041,167,4,4868,1,213,0
3042,167,3,3052,0,238,0
3043,167,4,5482,1,74,0
3044,167,4,5567,1,56,0
3045,167,1,1276,0,165,0
3046,167,1,1186,0,162,0
3047,167,4,5500,1,74,0
3048,167,4,5482,1,70,0
3049,167,4,5342,1,130,0
3050,167,4,5125,1,164,0
3051,167,1,1247,0,179,0
3052,167,4,5195,1,146,0
3053,167,4,5635,1,42,0
3054,167,4,5526,1,61,0
3055,167,4,5434,1,113,0
3056,167,4,5214,1,190,0
3057,167,4,5550,1,58,0
3058,167,4,5136,1,216,0
3059,167,4,5489,1,85,0
3060,167,4,5545,1,63,0
3061,168,4,5614,1,48,0
3062,168,4,5585,1,50,0
3063,168,4,5600,1,48,0
3064,168,4,5593,1,55,0
3065,168,4,5619,1,51,0
3066,168,4,5621,1,46,0
3067,168,4,5409,1,89,0
3068,168,4,5267,1,111,0
3069,168,4,5630,1,44,0
3070,168,4,5164,1,168,0
3071,168,4,5589,1,51,0
3072,168,4,5352,1,102,0
3073,168,4,5627,1,44,0
3074,168,4,5510,1,74,0
3075,168,4,5607,1,54,0
3076,168,4,5551,1,60,0
3077,168,4,5459,1,124,0
3078,168,4,5385,1,94,0
3079,168,4,5585,1,55,0
3080,168,4,5587,1,60,0
3081,168,4,5399,1,112,0
3082,168,4,4844,1,197,0
3083,168,4,5504,1,74,0
3084,168,4,5477,1,72,0
3085,168,4,5487,1,76,0
3086,168,4,5189,1,185,0
3087,168,4,5593,1,48,0
3088,168,4,5608,1,55,0
3089,168,4,5558,1,60,0
3090,168,4,5616,1,48,0
3091,168,4,5517,1,79,0
3092,168,4,5232,1,142,0
3093,168,4,5633,1,41,0
3094,168,4,5340,1,117,0
3095,168,4,5513,1,68,0
3096,168,4,5486,1,79,0
3097,168,4,5597,1,53,0
3098,168,4,5565,1,55,0
3099,168,4,5147,1,144,0
3100,168,4,5649,1,38,1
3101,169,4,5600,1,52,0
3102,169,4,5231,1,140,0
3103,169,4,5514,1,65,0
3104,169,4,5553,1,60,0
3105,169,4,5067,1,151,0
3106,169,4,5569,1,56,0
3107,169,4,5545,1,86,0
3108,169,4,5511,1,73,0
3109,169,4,5632,1,43,0
3110,169,4,5541,1,60,0
3111,169,4,5619,1,44,0
3112,169,4,5600,1,52,0
3113,169,4,5577,1,55,0
3114,169,4,5561,1,70,0
3115,169,4,5563,1,71,0
3116,169,4,5564,1,56,0
3117,169,4,5625,1,45,0
3118,169,4,5613,1,49,0
3119,169,4,5623,1,44,0
3120,169,4,5567,1,56,0
3121,169,4,5617,1,45,0
3122,169,4,5590,1,54,0
3123,169,3,3250,0,183,0
3124,169,4,5587,1,55,0
3125,169,4,5579,1,54,0
3126,169,4,5623,1,47,0
3127,169,4,5524,1,95,0
3128,169,4,5552,1,56,0
3129,169,4,5541,1,69,0
3130,169,4,5405,1,97,0
3131,169,4,5579,1,58,0
3132,169,4,5620,1,47,0
3133,169,4,5538,1,70,0
3134,169,4,5287,1,125,0
3135,169,4,5585,1,64,0
3136,169,4,5603,1,50,0
3137,169,4,5637,1,44,0
3138,169,4,5595,1,56,0
3139,169,4,5504,1,85,0
3140,169,3,3510,0,181,0
3141,169,2,2459,0,157,0
3142,169,4,5513,1,81,0
3143,170,4,4899,1,259,0
3144,170,4,5462,1,84,0
3145,170,4,5449,1,86,0
3146,170,4,5479,1,82,0
3147,170,4,5570,1,63,0
3148,170,4,5547,1,68,0
3149,170,4,5501,1,85,0
3150,170,1,1229,0,380,0
3151,170,4,5430,1,101,0
3152,170,2,2439,0,405,0
3153,170,4,5462,1,95,0
3154,170,4,5440,1,103,0
3155,170,4,5534,1,70,0
3156,170,4,5604,1,50,0
3157,170,4,5381,1,106,0
3158,170,3,3440,0,200,0
3159,170,4,5134,1,194,0
3160,170,4,5404,1,119,0
3161,170,4,5545,1,72,0
3162,170,4,5344,1,130,0
3163,170,4,5419,1,111,0
3164,170,4,5328,1,142,0
3165,170,4,5120,1,214,0
3166,170,4,5561,1,65,0
3167,171,4,5491,1,97,0
3168,171,4,5163,1,181,0
3169,171,4,5578,1,61,0
3170,171,4,5428,1,127,0
3171,171,3,3437,0,267,0
3172,171,4,5564,1,61,0
3173,171,4,5162,1,152,0
3174,171,4,5298,1,153,0
3175,171,4,5374,1,132,0
3176,171,4,5139,1,169,0
3177,171,4,5318,1,144,0
3178,171,4,5483,1,95,0
3179,171,4,5505,1,80,0
3180,171,4,5500,1,72,0
3181,171,4,5554,1,72,0
3182,171,4,5474,1,91,0
3183,171,4,5520,1,79,0
3184,171,4,5623,1,46,0
3185,171,4,5230,1,151,0
3186,171,4,5148,1,253,0
3187,171,4,5398,1,105,0
3188,171,4,5449,1,89,0
3189,171,4,5262,1,168,0
3190,171,4,5541,1,77,0
3191,171,4,5531,1,68,0
3192,171,1,1338,0,160,0
3193,172,4,5313,1,140,0
3194,172,4,5402,1,93,0
3195,172,4,5561,1,62,0
3196,172,4,5362,1,118,0
3197,172,4,5319,1,179,0
3198,172,4,5308,1,134,0
3199,172,4,5574,1,57,0
3200,172,2,2459,0,1001,1
3201,172,4,5158,1,135,0
3202,172,4,5431,1,95,0
3203,172,4,5479,1,91,0
3204,172,4,4833,1,272,0
3205,172,4,5198,1,165,0
3206,172,4,5293,1,145,0
3207,172,4,5479,1,86,0
3208,172,4,5372,1,123,0
3209,172,4,5473,1,87,0
3210,173,3,3175,0,204,0
3211,173,4,5542,1,79,0
3212,173,4,5434,1,96,0
3213,173,2,2445,0,159,0
3214,173,4,5556,1,69,0
3215,173,4,5518,1,74,0
3216,173,4,5491,1,77,0
3217,173,4,5431,1,107,0
3218,173,4,5554,1,62,0
3219,173,4,5244,1,206,0
3220,173,4,5551,1,64,0
3221,173,4,5410,1,114,0
3222,173,4,5444,1,110,0
3223,173,4,5461,1,82,0
3224,173,4,5351,1,104,0
3225,173,4,5511,1,73,0
3226,173,4,5536,1,78,0
3227,173,4,5498,1,86,0
3228,173,4,5504,1,75,0
3229,173,4,5455,1,81,0
3230,173,4,5508,1,82,0
3231,173,4,5462,1,86,0
3232,173,4,5490,1,87,0
3233,173,4,5602,1,52,0
3234,173,4,5445,1,91,0
3235,173,4,5278,1,129,0
3236,173,4,5481,1,77,0
3237,173,4,5594,1,50,0
3238,173,4,5579,1,58,0
3239,173,4,5355,1,126,0
3240,173,4,5531,1,76,0
3241,173,4,5342,1,151,0
3242,173,4,5103,1,278,0
3243,174,4,5368,1,112,0
3244,174,4,5450,1,93,0
3245,174,4,5409,1,104,0
3246,174,4,5343,1,136,0
3247,174,4,5248,1,171,0
3248,174,4,5463,1,97,0
3249,174,4,5631,1,44,0
3250,174,4,5529,1,73,0
3251,174,4,5174,1,212,0
3252,174,4,5519,1,77,0
3253,174,4,5568,1,61,0
3254,174,4,5511,1,74,0
3255,174,4,5562,1,64,0
3256,174,4,5540,1,73,0
3257,174,4,5407,1,116,0
3258,174,4,5449,1,88,0
3259,174,4,5297,1,136,0
3260,174,4,5559,1,59,0
3261,174,4,5586,1,58,0
3262,174,4,5066,1,155,0
3263,174,4,5483,1,83,0
3264,174,4,5526,1,68,0
3265,174,4,5388,1,112,0
3266,174,4,5444,1,94,0
3267,174,3,3442,0,225,0
3268,174,4,5604,1,47,0
3269,174,4,5584,1,54,0
3270,174,4,5543,1,66,0
3271,174,4,5567,1,65,0
3272,174,3,3250,0,367,0
3273,175,4,5256,1,166,0
3274,175,4,5449,1,107,0
3275,175,4,5410,1,101,0
3276,175,4,5331,1,144,0
3277,175,4,5493,1,79,0
3278,175,4,5507,1,73,0
3279,175,4,5585,1,60,0
3280,175,4,5148,1,166,0
3281,175,4,5557,1,67,0
3282,175,4,5444,1,134,0
3283,175,4,5316,1,143,0
3284,175,4,5318,1,145,0
3285,175,4,5557,1,62,0
3286,175,4,5556,1,66,0
3287,175,4,5402,1,112,0
3288,175,4,5464,1,86,0
3289,175,4,5130,1,149,0
3290,175,4,5456,1,103,0
3291,175,4,5583,1,58,0
3292,175,4,4989,1,198,0
3293,175,4,5488,1,77,0
3294,175,4,5549,1,69,0
3295,175,4,5598,1,53,0
3296,175,4,5487,1,106,0
3297,175,4,5367,1,118,0
3298,175,4,5574,1,60,0
3299,175,4,5569,1,59,0
3300,176,2,2459,0,1001,1
3301,176,4,5360,1,133,0
3302,176,4,5019,1,275,0
3303,176,4,5413,1,106,0
3304,176,1,1280,0,163,0
3305,176,4,5461,1,86,0
3306,176,4,5117,1,216,0
3307,176,4,5410,1,83,0
3308,176,4,5397,1,120,0
3309,176,4,5169,1,170,0
3310,176,4,5601,1,49,0
3311,176,4,5346,1,106,0
3312,176,4,5319,1,146,0
3313,176,4,5534,1,76,0
3314,176,4,5515,1,71,0
3315,176,4,5235,1,133,0
3316,176,4,5332,1,119,0
3317,176,4,5540,1,74,0
3318,176,4,5528,1,65,0
3319,176,4,5317,1,161,0
3320,177,4,4229,1,375,0
3321,177,4,5390,1,121,0
3322,177,4,5388,1,113,0
3323,177,4,5469,1,92,0
3324,177,4,5459,1,92,0
3325,177,4,5359,1,99,0
3326,177,4,5240,1,140,0
3327,177,4,5227,1,185,0
3328,177,4,5450,1,101,0
3329,177,4,5414,1,92,0
3330,177,4,5355,1,129,0
3331,177,4,5468,1,95,0
3332,177,4,5628,1,47,0
3333,177,4,5061,1,226,0
3334,177,4,5534,1,65,0
3335,177,4,5527,1,72,0
3336,177,4,5449,1,99,0
3337,177,4,5547,1,70,0
3338,177,2,2519,0,393,0
3339,177,4,5564,1,55,0
3340,177,4,5101,1,150,0
3341,177,4,5511,1,84,0
3342,177,4,5543,1,59,0
3343,177,4,5611,1,48,0
3344,177,4,5188,1,186,0
3345,178,1,1481,0,282,0
3346,178,4,5421,1,102,0
3347,178,4,5612,1,49,0
3348,178,4,5603,1,51,0
3349,178,4,5543,1,73,0
3350,178,4,5468,1,87,0
3351,178,4,5393,1,108,0
3352,178,4,5488,1,88,0
3353,178,4,5212,1,145,0
3354,178,4,5174,1,171,0
3355,178,4,5537,1,73,0
3356,178,4,5555,1,67,0
3357,178,4,5316,1,121,0
3358,178,4,5378,1,90,0
3359,178,4,5430,1,115,0
3360,178,4,5275,1,180,0
3361,178,4,5268,1,111,0
3362,178,4,5320,1,146,0
3363,178,4,5430,1,107,0
3364,178,4,5592,1,56,0
3365,178,4,5465,1,90,0
3366,178,4,5504,1,84,0
3367,178,4,5467,1,90,0
3368,178,4,5245,1,159,0
3369,178,4,5111,1,222,0
3370,178,4,5376,1,121,0
3371,178,4,5596,1,50,0
3372,178,4,5482,1,84,0
3373,178,4,5571,1,59,0
3374,179,4,5041,1,230,0
3375,179,4,5212,1,160,0
3376,179,4,5326,1,130,0
3377,179,4,5583,1,59,0
3378,179,4,5383,1,119,0
3379,179,4,5336,1,116,0
3380,179,4,5595,1,54,0
3381,179,4,5282,1,154,0
3382,179,4,5526,1,73,0
3383,179,4,5397,1,124,0
3384,179,4,5547,1,61,0
3385,179,4,5508,1,83,0
3386,179,4,5441,1,106,0
3387,179,4,5506,1,81,0
3388,179,4,5407,1,112,0
3389,179,4,5351,1,131,0
3390,179,4,5421,1,83,0
3391,179,4,5219,1,169,0
3392,179,4,5446,1,92,0
3393,179,4,5438,1,99,0
3394,179,4,5377,1,108,0
3395,179,4,5234,1,158,0
3396,179,4,5548,1,79,0
3397,179,4,5606,1,47,0
3398,179,4,5527,1,76,0
3399,179,4,5556,1,67,0
3400,180,2,2459,0,1001,1
3401,180,4,5363,1,116,0
3402,180,4,5487,1,91,0
3403,180,4,5584,1,53,0
3404,180,4,5389,1,112,0
3405,180,4,5367,1,116,0
3406,180,4,5350,1,112,0
3407,180,4,5566,1,64,0
3408,180,3,3510,0,234,0
3409,180,4,5502,1,71,0
3410,180,4,5382,1,107,0
3411,180,4,5173,1,148,0
3412,180,4,5280,1,151,0
3413,180,4,5427,1,106,0
3414,180,4,5248,1,169,0
3415,180,4,5495,1,75,0
3416,180,4,5527,1,64,0
3417,180,4,5590,1,55,0
3418,180,4,5496,1,72,0
3419,180,4,5338,1,144,0
3420,180,4,5187,1,170,0
3421,180,4,5353,1,124,0
3422,180,4,5425,1,101,0
3423,180,4,5505,1,82,0
3424,180,4,5184,1,152,0
3425,181,4,5616,1,45,0
3426,181,4,5383,1,103,0
3427,181,4,5569,1,63,0
3428,181,4,5420,1,119,0
3429,181,4,5535,1,70,0
3430,181,4,5617,1,47,0
3431,181,4,5556,1,63,0
3432,181,0,99,0,251,0
3433,181,4,5209,1,174,0
3434,181,4,4992,1,234,0
3435,181,4,5305,1,107,0
3436,181,4,5204,1,130,0
3437,181,4,5524,1,76,0
3438,181,4,5396,1,101,0
3439,181,4,5502,1,85,0
3440,181,4,5198,1,208,0
3441,181,4,5374,1,119,0
3442,181,4,5387,1,98,0
3443,181,4,5236,1,120,0
3444,181,4,5422,1,102,0
3445,181,4,5529,1,69,0
3446,181,4,5541,1,68,0
3447,181,4,5229,1,207,0
3448,181,4,5147,1,202,0
3449,181,4,5573,1,63,0
3450,181,4,5424,1,109,0
3451,181,4,5556,1,66,0
3452,181,4,5566,1,63,0
3453,182,4,5426,1,96,0
3454,182,4,5566,1,60,0
3455,182,1,1197,0,143,0
3456,182,4,5308,1,127,0
3457,182,4,4892,1,235,0
3458,182,4,5316,1,178,0
3459,182,4,5544,1,71,0
3460,182,4,5355,1,119,0
3461,182,4,5632,1,42,0
3462,182,4,5521,1,79,0
3463,182,4,5567,1,65,0
3464,182,4,5562,1,63,0
3465,182,4,4741,1,273,0
3466,182,4,5316,1,117,0
3467,182,4,5583,1,52,0
3468,182,4,5616,1,48,0
3469,182,4,5619,1,46,0
3470,182,4,5328,1,126,0
3471,182,4,5557,1,65,0
3472,182,4,5115,1,221,0
3473,182,2,2369,0,900,0
3474,183,4,5302,1,150,0
3475,183,4,5399,1,101,0
3476,183,4,5482,1,101,0
3477,183,4,4865,1,299,0
3478,183,4,5256,1,154,0
3479,183,4,5533,1,73,0
3480,183,4,4890,1,210,0
3481,183,4,5574,1,60,0
3482,183,4,5553,1,61,0
3483,183,4,5595,1,52,0
3484,183,4,5196,1,178,0
3485,183,4,5216,1,137,0
3486,183,4,5560,1,64,0
3487,183,4,5374,1,127,0
3488,183,4,5495,1,83,0
3489,183,4,5620,1,46,0
3490,183,4,5175,1,191,0
3491,183,4,5191,1,147,0
3492,183,4,5350,1,110,0
3493,183,4,5379,1,121,0
3494,183,4,5506,1,76,0
3495,183,4,5567,1,64,0
3496,183,4,5620,1,45,0
3497,183,4,4734,1,240,0
3498,183,4,5566,1,64,0
3499,183,4,5518,1,67,0
3500,184,2,2459,0,1001,1
3501,184,4,5198,1,151,0
3502,184,4,5243,1,137,0
3503,184,4,5455,1,100,0
3504,184,4,5451,1,100,0
3505,184,4,5397,1,109,0
3506,184,4,5505,1,85,0
3507,184,4,5399,1,141,0
3508,184,4,5562,1,63,0
3509,184,3,3172,0,395,0
3510,184,4,5368,1,103,0
3511,184,4,5493,1,85,0
3512,184,4,5490,1,86,0
3513,184,4,5409,1,132,0
3514,184,4,5407,1,104,0
3515,184,4,5565,1,59,0
3516,184,4,5117,1,203,0
3517,184,4,5583,1,60,0
3518,184,4,5365,1,117,0
3519,184,4,5418,1,103,0
3520,184,4,5617,1,48,0
3521,184,4,5454,1,98,0
3522,184,4,5590,1,55,0
3523,185,4,5265,1,173,0
3524,185,4,5337,1,111,0
3525,185,4,5586,1,58,0
3526,185,4,5606,1,52,0
3527,185,4,5559,1,65,0
3528,185,4,5564,1,64,0
3529,185,4,5543,1,62,0
3530,185,4,5538,1,70,0
3531,185,4,5552,1,65,0
3532,185,4,5103,1,180,0
3533,185,4,5516,1,80,0
3534,185,4,5339,1,125,0
3535,185,4,5424,1,110,0
3536,185,4,5398,1,115,0
3537,185,4,4955,1,279,0
3538,185,4,5298,1,153,0
3539,185,4,5575,1,57,0
3540,185,0,98,0,185,0
3541,185,4,5582,1,60,0
3542,185,4,5364,1,117,0
3543,185,4,5532,1,72,0
3544,185,4,5168,1,173,0
3545,185,4,5419,1,124,0
3546,185,4,5479,1,90,0
3547,185,4,5363,1,105,0
3548,185,4,5628,1,42,0
3549,185,4,5402,1,94,0
3550,185,4,5526,1,76,0
3551,185,4,5450,1,93,0
3552,185,4,5523,1,72,0
3553,186,4,5495,1,86,0
3554,186,4,5180,1,157,0
3555,186,4,5401,1,118,0
3556,186,4,5547,1,61,0
3557,186,4,5396,1,96,0
3558,186,4,5186,1,156,0
3559,186,4,5528,1,72,0
3560,186,4,5322,1,138,0
3561,186,4,5487,1,86,0
3562,186,4,5554,1,66,0
3563,186,0,188,0,271,0
3564,186,4,5512,1,80,0
3565,186,4,5566,1,63,0
3566,186,4,5045,1,186,0
3567,186,4,4963,1,217,0
3568,186,4,5518,1,79,0
3569,186,4,5547,1,68,0
3570,186,4,5441,1,102,0
3571,186,4,5475,1,81,0
3572,186,4,5545,1,67,0
3573,186,4,5213,1,187,0
3574,186,4,5270,1,168,0
3575,186,4,5514,1,80,0
3576,186,4,5317,1,140,0
3577,186,4,5463,1,93,0
3578,186,4,5486,1,76,0
3579,186,4,5544,1,70,0
3580,186,4,5392,1,104,0
3581,186,4,5554,1,64,0
3582,187,4,5449,1,102,0
3583,187,4,5389,1,106,0
3584,187,4,5521,1,73,0
3585,187,4,5418,1,114,0
3586,187,4,5274,1,133,0
3587,187,4,5508,1,81,0
3588,187,4,4781,1,232,0
3589,187,4,5255,1,132,0
3590,187,4,5314,1,149,0
3591,187,4,5478,1,88,0
3592,187,4,5589,1,54,0
3593,187,4,5527,1,70,0
3594,187,4,5494,1,85,0
3595,187,2,2119,0,353,0
3596,187,4,5568,1,60,0
3597,187,4,5502,1,81,0
3598,187,4,5583,1,57,0
3599,187,4,5494,1,69,0
3600,187,2,2459,0,1001,1
3601,187,4,5603,1,52,0
3602,187,4,5562,1,62,0
3603,188,4,5158,1,193,0
3604,188,4,5580,1,58,0
3605,188,4,5171,1,210,0
3606,188,4,5294,1,184,0
3607,188,4,5428,1,102,0
3608,188,4,5517,1,71,0
3609,188,4,5521,1,64,0
3610,188,0,176,0,486,0
3611,188,4,5510,1,81,0
3612,188,4,5340,1,139,0
3613,188,4,5230,1,228,0
3614,188,4,5593,1,53,0
3615,188,4,5549,1,62,0
3616,188,4,5421,1,103,0
3617,188,4,5504,1,81,0
3618,188,4,5204,1,186,0
3619,188,4,5432,1,106,0
3620,188,4,5280,1,152,0
3621,188,3,3473,0,209,0
3622,188,4,5363,1,111,0
3623,188,4,5480,1,96,0
3624,188,4,5187,1,190,0
3625,188,4,5559,1,62,0
3626,188,4,5512,1,77,0
3627,189,4,5415,1,103,0
3628,189,4,5486,1,85,0
3629,189,4,5405,1,142,0
3630,189,4,5616,1,54,0
3631,189,4,5510,1,75,0
3632,189,4,5391,1,123,0
3633,189,4,5403,1,141,0
3634,189,4,5570,1,58,0
3635,189,4,5365,1,143,0
3636,189,4,5415,1,133,0
3637,189,4,5529,1,78,0
3638,189,4,5416,1,105,0
3639,189,4,5551,1,68,0
3640,189,4,5205,1,164,0
3641,189,4,5123,1,152,0
3642,189,4,5618,1,46,0
3643,189,4,5403,1,105,0
3644,189,4,5620,1,48,0
3645,189,4,5592,1,53,0
3646,189,4,5498,1,82,0
3647,189,4,5582,1,56,0
3648,189,4,5256,1,137,0
3649,189,4,5225,1,123,0
3650,189,4,4823,1,257,0
3651,189,4,5636,1,44,0
3652,189,4,5524,1,76,0
3653,189,4,5201,1,234,0
3654,189,4,5497,1,83,0
3655,189,4,5484,1,79,0
3656,189,4,5475,1,92,0
3657,189,4,5605,1,53,0
3658,189,4,5380,1,95,0
3659,190,4,5467,1,95,0
3660,190,4,5426,1,104,0
3661,190,4,5254,1,169,0
3662,190,4,5548,1,67,0
3663,190,4,5268,1,159,0
3664,190,4,5327,1,123,0
3665,190,4,5414,1,90,0
3666,190,4,5206,1,156,0
3667,190,4,5603,1,54,0
3668,190,4,5537,1,72,0
3669,190,4,5471,1,90,0
3670,190,4,5363,1,130,0
3671,190,4,5271,1,188,0
3672,190,4,5288,1,147,0
3673,190,4,5594,1,52,0
3674,190,4,5606,1,48,0
3675,190,4,5493,1,71,0
3676,190,4,5606,1,51,0
3677,190,4,5518,1,80,0
3678,190,4,5574,1,60,0
3679,190,3,3568,0,223,0
3680,190,4,5434,1,103,0
3681,190,4,5258,1,153,0
3682,190,4,5528,1,74,0
3683,190,4,5289,1,173,0
3684,190,4,5526,1,76,0
3685,190,4,5310,1,114,0
3686,190,4,5462,1,97,0
3687,190,4,5472,1,85,0
3688,191,4,5145,1,143,0
3689,191,4,5161,1,241,0
3690,191,4,5360,1,116,0
3691,191,4,5334,1,117,0
3692,191,4,5593,1,56,0
3693,191,4,5514,1,81,0
3694,191,4,5121,1,188,0
3695,191,4,5368,1,102,0
3696,191,4,5239,1,165,0
3697,191,4,5585,1,59,0
3698,191,4,5572,1,61,0
3699,191,4,4562,1,286,0
3700,191,2,2459,0,1001,1
3701,191,4,5524,1,70,0
3702,191,4,5372,1,102,0
3703,191,4,5266,1,159,0
3704,191,4,5470,1,91,0
3705,191,4,5602,1,51,0
3706,191,4,5319,1,102,0
3707,191,4,5482,1,94,0
3708,192,4,5411,1,110,0
3709,192,4,5529,1,67,0
3710,192,4,5309,1,131,0
3711,192,4,5591,1,55,0
3712,192,4,5326,1,116,0
3713,192,4,5468,1,93,0
3714,192,4,5553,1,61,0
3715,192,4,5114,1,220,0
3716,192,4,5035,1,231,0
3717,192,4,5193,1,148,0
3718,192,4,5573,1,62,0
3719,192,4,5377,1,92,0
3720,192,4,5367,1,127,0
3721,192,4,5162,1,172,0
3722,192,4,5573,1,61,0
3723,192,4,5445,1,102,0
3724,192,4,5449,1,116,0
3725,192,4,5125,1,193,0
3726,192,4,5475,1,87,0
3727,192,4,5153,1,185,0
3728,192,4,5232,1,140,0
3729,192,1,1159,0,284,0
3730,192,4,5284,1,159,0
3731,192,4,5439,1,116,0
3732,193,2,2448,0,312,0
3733,193,4,5440,1,94,0
3734,193,4,5525,1,78,0
3735,193,2,2358,0,145,0
3736,193,4,5448,1,102,0
3737,193,4,5481,1,78,0
3738,193,4,5166,1,172,0
3739,193,4,5415,1,130,0
3740,193,4,5485,1,104,0
3741,193,4,5543,1,64,0
3742,193,4,5589,1,52,0
3743,193,1,877,0,444,0
3744,193,4,5488,1,78,0
3745,193,4,5562,1,65,0
3746,193,4,5602,1,55,0
3747,193,4,5537,1,73,0
3748,193,2,2260,0,152,0
3749,193,4,5378,1,112,0
3750,193,4,5123,1,169,0
3751,193,4,5594,1,52,0
3752,193,4,5359,1,128,0
3753,193,4,5582,1,57,0
3754,193,4,5410,1,99,0
3755,193,3,3209,0,330,0
3756,193,4,5547,1,69,0
3757,194,4,5056,1,178,0
3758,194,4,5439,1,98,0
3759,194,4,5475,1,93,0
3760,194,4,5480,1,91,0
3761,194,4,5488,1,92,0
3762,194,4,5576,1,57,0
3763,194,4,5540,1,72,0
3764,194,4,5519,1,77,0
3765,194,4,5518,1,78,0
3766,194,4,5316,1,134,0
3767,194,4,5384,1,109,0
3768,194,4,5290,1,135,0
3769,194,4,5174,1,164,0
3770,194,4,5288,1,139,0
3771,194,4,5333,1,123,0
3772,194,4,5427,1,109,0
3773,194,4,5326,1,121,0
3774,194,4,5319,1,117,0
3775,194,4,5392,1,91,0
3776,194,4,5206,1,138,0
3777,194,4,5544,1,66,0
3778,194,4,5267,1,167,0
3779,194,4,5375,1,104,0
3780,194,4,5125,1,205,0
3781,194,4,5095,1,152,0
3782,194,4,5451,1,86,0
3783,194,4,5060,1,188,0
3784,194,4,5182,1,167,0
3785,195,4,4858,1,251,0
3786,195,4,5144,1,177,0
3787,195,4,5202,1,158,0
3788,195,4,5405,1,98,0
3789,195,4,5581,1,62,0
3790,195,4,5370,1,115,0
3791,195,4,5080,1,194,0
3792,195,4,5394,1,108,0
3793,195,4,5412,1,101,0
3794,195,2,2105,0,210,0
3795,195,4,5054,1,182,0
3796,195,0,185,0,181,0
3797,195,4,5224,1,130,0
3798,195,4,5249,1,146,0
3799,195,4,5503,1,79,0
3800,195,1,1286,0,120,1
3801,195,4,5210,1,164,0
3802,195,4,5422,1,108,0
3803,195,4,5243,1,139,0
3804,195,4,5304,1,141,0
3805,195,4,5509,1,64,0
3806,195,4,5540,1,66,0
3807,195,4,5074,1,184,0
3808,196,4,5258,1,147,0
3809,196,4,5316,1,110,0
3810,196,4,5523,1,70,0
3811,196,4,5403,1,109,0
3812,196,4,5407,1,102,0
3813,196,4,5255,1,153,0
3814,196,4,5551,1,62,0
3815,196,4,5266,1,125,0
3816,196,4,5029,1,240,0
3817,196,4,5310,1,126,0
3818,196,4,5364,1,132,0
3819,196,4,4838,1,294,0
3820,196,4,5216,1,157,0
3821,196,0,99,0,172,0
3822,196,4,5516,1,75,0
3823,196,4,5524,1,75,0
3824,196,4,5123,1,197,0
3825,196,4,5224,1,160,0
3826,196,4,5185,1,246,0
3827,196,4,5439,1,83,0
3828,196,4,5102,1,191,0
3829,196,4,5403,1,107,0
3830,196,4,5511,1,71,0
3831,196,4,5436,1,96,0
3832,197,3,3552,0,173,0
3833,197,4,4951,1,239,0
3834,197,4,5414,1,104,0
3835,197,4,5037,1,204,0
3836,197,4,5280,1,127,0
3837,197,4,5389,1,111,0
3838,197,4,5320,1,124,0
3839,197,4,5618,1,46,0
3840,197,4,5207,1,155,0
3841,197,1,1285,0,182,0
3842,197,4,5074,1,161,0
3843,197,4,5036,1,232,0
3844,197,4,5445,1,91,0
3845,197,4,5455,1,89,0
3846,197,4,5261,1,165,0
3847,197,4,5182,1,156,0
3848,197,4,5358,1,107,0
3849,197,4,5150,1,179,0
3850,197,4,5102,1,199,0
3851,197,4,5528,1,74,0
3852,197,4,5575,1,56,0
3853,197,4,5555,1,61,0
3854,197,4,5520,1,64,0
3855,197,4,5444,1,82,0
3856,197,4,5551,1,66,0
3857,198,4,5290,1,163,0
3858,198,4,5300,1,139,0
3859,198,4,5087,1,201,0
3860,198,4,5480,1,78,0
3861,198,4,5324,1,127,0
3862,198,4,5295,1,141,0
3863,198,4,5327,1,127,0
3864,198,4,5427,1,106,0
3865,198,4,5266,1,134,0
3866,198,4,5286,1,132,0
3867,198,4,5113,1,208,0
3868,198,4,5379,1,119,0
3869,198,4,5438,1,91,0
3870,198,4,5454,1,90,0
3871,198,4,4872,1,219,0
3872,198,4,5458,1,90,0
3873,198,4,5212,1,128,0
3874,198,4,5375,1,113,0
3875,198,2,2308,0,322,0
3876,198,2,2400,0,326,0
3877,198,4,5171,1,167,0
3878,199,4,5126,1,166,0
3879,199,4,5458,1,98,0
3880,199,4,5224,1,154,0
3881,199,4,5419,1,105,0
3882,199,4,5472,1,82,0
3883,199,4,5043,1,213,0
3884,199,4,5348,1,130,0
3885,199,4,5481,1,89,0
3886,199,4,5336,1,143,0
3887,199,4,5045,1,236,0
3888,199,4,5507,1,76,0
3889,199,4,5155,1,196,0
3890,199,4,5393,1,100,0
3891,199,4,5462,1,83,0
3892,199,4,5487,1,80,0
3893,199,4,5329,1,108,0
3894,199,4,5298,1,152,0
3895,199,4,5541,1,65,0
3896,199,4,5251,1,129,0
3897,199,4,5262,1,163,0
3898,199,4,5178,1,160,0
3899,199,4,4876,1,226,0
3900,199,1,1286,0,120,1
3901,199,4,5513,1,66,0
3902,199,4,5462,1,83,0
3903,200,4,5499,1,80,0
3904,200,4,5427,1,107,0
3905,200,4,5274,1,154,0
3906,200,4,5463,1,91,0
3907,200,4,5010,1,175,0
3908,200,4,5104,1,206,0
3909,200,1,1064,0,253,0
3910,200,4,5289,1,129,0
3911,200,4,5465,1,82,0
3912,200,4,5211,1,162,0
3913,200,4,5450,1,90,0
3914,200,4,5540,1,66,0
3915,200,4,4999,1,235,0
3916,200,4,5407,1,94,0
3917,200,4,5406,1,114,0
3918,200,4,5515,1,74,0
3919,200,4,5424,1,100,0
3920,200,4,5425,1,97,0
3921,200,4,5602,1,50,0
3922,200,4,5175,1,180,0
3923,200,4,5231,1,182,0
3924,200,4,5147,1,169,0
3925,200,4,5227,1,162,0
3926,200,4,5453,1,87,0
3927,201,4,5186,1,216,0
3928,201,4,5235,1,153,0
3929,201,4,4754,1,260,0
3930,201,4,5491,1,76,0
3931,201,4,5562,1,67,0
3932,201,4,5493,1,82,0
3933,201,4,4863,1,238,0
3934,201,4,5548,1,64,0
3935,201,4,5216,1,188,0
3936,201,4,5103,1,176,0
3937,201,4,5444,1,89,0
3938,201,4,5115,1,208,0
3939,201,4,5214,1,155,0
3940,201,4,5280,1,126,0
3941,201,4,5523,1,68,0
3942,201,4,5182,1,180,0
3943,201,4,5574,1,62,0
3944,201,4,5331,1,117,0
3945,201,4,5249,1,137,0
3946,201,4,5389,1,100,0
3947,201,1,1179,0,229,0
3948,201,4,5429,1,106,0
3949,201,4,5451,1,92,0
3950,201,3,3329,0,220,0
3951,202,4,5532,1,65,0
3952,202,4,5306,1,120,0
3953,202,4,5373,1,141,0
3954,202,4,5323,1,120,0
3955,202,4,5519,1,76,0
3956,202,4,5454,1,100,0
3957,202,4,5112,1,221,0
3958,202,4,5338,1,126,0
3959,202,4,5405,1,118,0
3960,202,4,5320,1,131,0
3961,202,4,5290,1,135,0
3962,202,4,5427,1,91,0
3963,202,4,5238,1,142,0
3964,202,4,5383,1,109,0
3965,202,4,5476,1,80,0
3966,202,4,5619,1,47,0
3967,202,4,5455,1,85,0
3968,202,4,5421,1,104,0
3969,202,4,5321,1,134,0
3970,202,4,5294,1,188,0
3971,202,4,4781,1,317,0
3972,202,4,5469,1,94,0
3973,202,4,5523,1,73,0
3974,202,4,5506,1,78,0
3975,202,4,5479,1,86,0
3976,202,4,5281,1,153,0
3977,202,4,5394,1,112,0
3978,203,4,5335,1,115,0
3979,203,4,5047,1,202,0
3980,203,4,5285,1,139,0
3981,203,4,5045,1,206,0
3982,203,4,5364,1,116,0
3983,203,4,4734,1,380,0
3984,203,2,2273,0,167,0
3985,203,4,4910,1,260,0
3986,203,4,5373,1,98,0
3987,203,4,5396,1,123,0
3988,203,3,3177,0,246,0
3989,203,4,5519,1,73,0
3990,203,4,4868,1,249,0
3991,203,4,5309,1,144,0
3992,203,4,5036,1,207,0
3993,203,4,5324,1,114,0
3994,203,4,5394,1,103,0
3995,203,4,5294,1,129,0
3996,203,4,5378,1,106,0
3997,204,4,5496,1,81,0
3998,204,4,5374,1,119,0
3999,204,4,5323,1,113,0
4000,204,1,1286,0,120,1
4001,204,4,5003,1,193,0
