1,0,2,2083,0,336,0
2,0,0,193,0,130,0
3,0,1,1006,0,321,0
4,1,0,182,0,223,0
5,1,0,99,0,120,0
6,1,0,181,0,421,0
7,1,0,98,0,324,0
8,1,0,99,0,278,0
9,1,0,96,0,139,0
10,1,0,178,0,339,0
11,1,1,955,0,431,0
12,1,0,194,0,305,0
13,1,1,1066,0,283,0
14,2,0,196,0,789,0
15,2,1,1098,0,245,0
16,2,1,1067,0,424,0
17,2,3,2943,0,387,0
18,2,0,194,0,259,0
19,2,1,786,0,661,0
20,3,2,1692,0,690,0
21,3,0,251,0,372,0
22,3,1,1259,0,356,0
23,3,0,98,0,146,0
24,3,1,1170,0,148,0
25,3,1,1138,0,205,0
26,3,1,1398,0,258,0
27,3,1,1043,0,280,0
28,3,1,1304,0,338,0
29,3,1,1177,0,191,0
30,3,0,94,0,266,0
31,3,0,0,0,127,0
32,4,1,1328,0,288,0
33,4,1,1052,0,289,0
34,4,2,2008,0,370,0
35,4,1,1245,0,170,0
36,4,1,1247,0,211,0
37,4,1,1204,0,222,0
38,4,1,1270,0,191,0
39,4,1,1119,0,306,0
40,4,0,97,0,264,0
41,4,1,1370,0,289,0
42,4,0,92,0,169,0
43,4,1,1065,0,162,0
44,4,0,97,0,428,0
45,4,0,90,0,170,0
46,5,1,1183,0,254,0
47,5,0,92,0,189,0
48,5,1,1227,0,335,0
49,5,1,1157,0,216,0
50,5,0,166,0,432,0
51,5,2,2170,0,286,0
52,5,0,96,0,197,0
53,5,1,1132,0,130,0
54,5,1,1320,0,303,0
55,5,0,188,0,277,0
56,5,1,1074,0,165,0
57,5,1,1184,0,145,0
58,5,1,1162,0,183,0
59,6,1,1279,0,310,0
60,6,1,1289,0,189,0
61,6,1,1197,0,299,0
62,6,1,1250,0,166,0
63,6,1,1102,0,254,0
64,6,1,952,0,253,0
65,6,1,1210,0,154,0
66,6,1,1135,0,364,0
67,6,0,90,0,140,0
68,6,1,1052,0,261,0
69,6,0,89,0,149,0
70,6,1,1124,0,202,0
71,6,1,1168,0,221,0
72,6,0,87,0,139,0
73,6,0,194,0,181,0
74,6,1,1164,0,207,0
75,7,1,1110,0,155,0
76,7,0,99,0,203,0
77,7,1,1156,0,237,0
78,7,0,192,0,245,0
79,7,1,1314,0,218,0
80,7,1,1119,0,136,0
81,7,1,1357,0,442,0
82,7,1,1120,0,215,0
83,7,1,1281,0,320,0
84,7,1,1335,0,286,0
85,7,1,1135,0,207,0
86,7,1,1287,0,409,0
87,8,0,94,0,202,0
88,8,1,1041,0,280,0
89,8,1,1161,0,195,0
90,8,0,97,0,165,0
91,8,1,1260,0,226,0
92,8,1,924,0,466,0
93,8,1,1224,0,159,0
94,8,1,1175,0,266,0
95,8,1,984,0,307,0
96,8,1,1048,0,271,0
97,8,1,1294,0,385,0
98,8,1,1215,0,442,0
99,9,1,1147,0,465,0
100,9,0,0,0,102,1
101,9,0,185,0,240,0
102,9,0,86,0,202,0
103,9,2,2203,0,365,0
104,9,1,993,0,444,0
105,9,1,924,0,594,0
106,9,1,1224,0,308,0
107,9,1,1131,0,443,0
108,10,2,2037,0,490,0
109,10,1,1004,0,281,0
110,10,2,2217,0,402,0
111,10,1,1261,0,279,0
112,10,1,1150,0,265,0
113,10,0,99,0,252,0
114,10,1,1287,0,331,0
115,10,1,1236,0,201,0
116,10,0,189,0,423,0
117,11,1,1374,0,452,0
118,11,1,1442,0,145,0
119,11,1,1283,0,284,0
120,11,1,1269,0,467,0
121,11,2,2288,0,281,0
122,11,1,1109,0,474,0
123,11,0,80,0,231,0
124,11,1,1284,0,228,0
125,11,2,2310,0,506,0
126,12,1,1329,0,625,0
127,12,1,1444,0,537,0
128,12,1,1344,0,254,0
129,12,1,1283,0,417,0
130,12,1,1284,0,207,0
131,12,1,1284,0,463,0
132,12,1,1362,0,285,0
133,12,2,1965,0,777,0
134,13,1,1314,0,301,0
135,13,1,1257,0,167,0
136,13,1,1196,0,544,0
137,13,1,1265,0,279,0
138,13,1,1275,0,268,0
139,13,2,1907,0,485,0
140,13,3,3025,0,463,0
141,13,1,1349,0,375,0
142,13,1,1249,0,540,0
143,14,1,1345,0,453,0
144,14,1,1320,0,849,0
145,14,0,99,0,133,0
146,14,2,1820,0,902,0
147,15,1,1365,0,1001,0
148,15,1,1275,0,234,0
149,15,1,1328,0,720,0
150,15,2,2222,0,456,0
151,15,2,1973,0,600,0
152,15,1,1349,0,529,0
153,15,1,1127,0,309,0
154,15,2,2558,0,324,0
155,16,2,2155,0,440,0
156,16,1,995,0,348,0
157,16,1,1373,0,178,0
158,16,2,2544,0,324,0
159,16,0,0,0,135,0
160,16,1,1320,0,684,0
161,16,2,2018,0,472,0
162,16,2,2455,0,338,0
163,16,1,1372,0,200,0
164,17,1,1281,0,235,0
165,17,1,1163,0,331,0
166,17,1,1304,0,458,0
167,17,0,77,0,255,0
168,17,2,1944,0,336,0
169,17,2,2098,0,588,0
170,17,0,99,0,169,0
171,17,2,2187,0,390,0
172,17,1,1181,0,520,0
173,18,2,2270,0,409,0
174,18,3,3150,0,419,0
175,18,2,2216,0,474,0
176,18,2,2217,0,398,0
177,18,1,1306,0,351,0
178,18,1,1405,0,447,0
179,18,3,3458,0,268,0
180,18,2,2310,0,397,0
181,19,2,2367,0,392,0
182,19,1,1253,0,360,0
183,19,2,2110,0,366,0
184,19,2,2128,0,562,0
185,19,2,2458,0,452,0
186,19,2,1943,0,714,0
187,19,1,1438,0,348,0
188,20,2,2355,0,330,0
189,20,2,2249,0,321,0
190,20,1,1415,0,619,0
191,20,1,1436,0,387,0
192,20,1,1260,0,509,0
193,20,2,2352,0,326,0
194,20,1,1351,0,535,0
195,20,1,1436,0,365,0
196,21,1,1274,0,150,0
197,21,1,1350,0,738,0
198,21,2,2172,0,581,0
199,21,1,1353,0,604,0
200,21,1,1285,0,1001,1
201,22,0,186,0,246,0
202,22,2,2435,0,356,0
203,22,2,2370,0,582,0
204,22,2,2253,0,487,0
205,22,1,1416,0,395,0
206,22,2,2385,0,538,0
207,22,2,2238,0,413,0
208,23,1,1355,0,487,0
209,23,2,1844,0,880,0
210,23,2,2464,0,511,0
211,23,2,2312,0,539,0
212,23,2,2022,0,632,0
213,24,2,2147,0,691,0
214,24,2,1900,0,721,0
215,24,2,2397,0,254,0
216,24,2,2510,0,246,0
217,24,2,2103,0,639,0
218,24,2,2005,0,513,0
219,24,3,3219,0,462,0
220,25,2,2282,0,276,0
221,25,1,1275,0,270,0
222,25,1,1359,0,443,0
223,25,1,1235,0,301,0
224,25,2,2412,0,359,0
225,25,2,2074,0,681,0
226,25,2,2197,0,331,0
227,25,1,1279,0,277,0
228,26,2,2306,0,648,0
229,26,2,2156,0,556,0
230,26,2,2202,0,508,0
231,26,2,2414,0,510,0
232,26,3,3063,0,445,0
233,26,1,1355,0,327,0
234,26,1,1373,0,214,0
235,26,2,2105,0,588,0
236,27,1,1344,0,409,0
237,27,1,1060,0,254,0
238,27,3,2926,0,763,0
239,27,1,1337,0,518,0
240,27,3,3131,0,373,0
241,28,1,1283,0,1001,0
242,28,3,3035,0,387,0
243,28,3,3479,0,306,0
244,28,1,1324,0,299,0
245,28,1,1283,0,661,0
246,28,1,1023,0,351,0
247,28,3,3143,0,423,0
248,28,3,3626,0,344,0
249,28,2,2189,0,305,0
250,29,4,4723,1,457,0
251,29,2,2264,0,348,0
252,29,1,1320,0,221,0
253,29,2,2021,0,537,0
254,29,0,85,0,176,0
255,29,3,2897,0,623,0
256,29,2,2196,0,362,0
257,29,3,2919,0,580,0
258,30,2,2221,0,482,0
259,30,1,1347,0,565,0
260,30,3,2981,0,647,0
261,30,2,1763,0,1001,0
262,30,1,1302,0,324,0
263,31,3,2699,0,627,0
264,31,2,2273,0,254,0
265,31,1,1286,0,142,0
266,31,1,1329,0,380,0
267,31,3,3210,0,439,0
268,31,2,2096,0,315,0
269,31,2,2244,0,308,0
270,31,2,2150,0,490,0
271,31,2,2450,0,375,0
272,32,3,3024,0,455,0
273,32,2,2001,0,453,0
274,32,1,1277,0,482,0
275,32,3,2678,0,679,0
276,32,3,2936,0,503,0
277,32,2,2372,0,392,0
278,32,4,4710,1,340,0
279,33,4,4813,1,361,0
280,33,3,2927,0,817,0
281,33,1,1221,0,417,0
282,33,2,2170,0,829,0
283,34,1,1242,0,922,0
284,34,3,3538,0,417,0
285,34,1,1343,0,359,0
286,34,2,2226,0,490,0
287,34,2,2107,0,660,0
288,34,2,2171,0,335,0
289,34,0,182,0,290,0
290,34,1,1217,0,345,0
291,35,1,1227,0,357,0
292,35,4,4700,1,413,0
293,35,3,3463,0,257,0
294,35,4,3875,1,733,0
295,35,2,2214,0,402,0
296,35,1,1279,0,177,0
297,35,4,3851,1,645,0
298,35,2,2184,0,419,0
299,35,1,1360,0,160,0
300,36,1,1187,0,1001,1
301,36,2,2245,0,365,0
302,36,2,2437,0,266,0
303,36,2,2567,0,205,0
304,36,2,1893,0,389,0
305,36,2,2031,0,651,0
306,37,4,4393,1,502,0
307,37,2,2322,0,283,0
308,37,4,4280,1,517,0
309,37,2,2366,0,337,0
310,37,1,1207,0,450,0
311,37,0,99,0,171,0
312,37,3,2768,0,670,0
313,37,1,1370,0,194,0
314,37,1,1283,0,357,0
315,38,1,913,0,485,0
316,38,2,2304,0,385,0
317,38,3,3335,0,346,0
318,38,2,2248,0,257,0
319,38,3,3203,0,421,0
320,38,1,1360,0,337,0
321,38,2,2577,0,224,0
322,38,1,1182,0,223,0
323,38,1,1357,0,203,0
324,39,2,2388,0,549,0
325,39,1,1365,0,216,0
326,39,2,2388,0,436,0
327,39,2,2345,0,387,0
328,39,3,3230,0,357,0
329,39,4,4923,1,259,0
330,39,3,2722,0,946,0
331,39,4,4858,1,378,0
332,40,1,1364,0,208,0
333,40,4,5095,1,211,0
334,40,3,3293,0,352,0
335,40,1,1184,0,238,0
336,40,1,1219,0,144,0
337,40,1,1274,0,167,0
338,40,3,3195,0,344,0
339,40,1,1371,0,254,0
340,40,3,3185,0,390,0
341,40,1,1286,0,160,0
342,40,1,1451,0,163,0
343,40,4,4932,1,282,0
344,40,1,1362,0,243,0
345,40,1,1276,0,184,0
346,41,1,1356,0,280,0
347,41,1,1277,0,376,0
348,41,1,1286,0,165,0
349,41,1,1364,0,183,0
350,41,2,2181,0,382,0
351,41,1,1032,0,198,0
352,41,1,1342,0,644,0
353,41,3,3234,0,365,0
354,41,1,1339,0,255,0
355,41,1,1204,0,176,0
356,41,1,1207,0,200,0
357,42,3,3299,0,227,0
358,42,4,5347,1,183,0
359,42,4,4900,1,313,0
360,42,1,1360,0,206,0
361,42,3,3086,0,399,0
362,42,1,1130,0,253,0
363,42,2,2225,0,427,0
364,42,2,2263,0,404,0
365,42,1,1273,0,249,0
366,42,1,1284,0,156,0
367,42,1,1409,0,226,0
368,42,1,1265,0,172,0
369,43,1,1276,0,211,0
370,43,4,4917,1,356,0
371,43,4,4692,1,268,0
372,43,0,99,0,222,0
373,43,4,5226,1,176,0
374,43,1,1277,0,286,0
375,43,3,2655,0,584,0
376,43,4,5204,1,196,0
377,43,2,2199,0,218,0
378,43,4,5256,1,210,0
379,43,4,4895,1,319,0
380,43,4,4873,1,309,0
381,44,1,1132,0,171,0
382,44,1,1354,0,279,0
383,44,2,2340,0,354,0
384,44,1,1260,0,253,0
385,44,1,1447,0,327,0
386,44,4,5372,1,132,0
387,44,2,1962,0,517,0
388,44,2,2278,0,186,0
389,44,1,1333,0,501,0
390,44,2,2311,0,413,0
391,45,1,1147,0,303,0
392,45,1,1270,0,236,0
393,45,3,3211,0,330,0
394,45,1,1409,0,339,0
395,45,1,1383,0,303,0
396,45,0,86,0,164,0
397,45,2,2206,0,408,0
398,45,1,1279,0,209,0
399,45,1,1047,0,311,0
400,45,1,1285,0,115,1
401,45,2,2220,0,271,0
402,45,4,5286,1,218,0
403,45,4,5290,1,139,0
404,46,4,5325,1,182,0
405,46,2,2284,0,244,0
406,46,1,1127,0,179,0
407,46,4,5221,1,153,0
408,46,3,3337,0,386,0
409,46,4,4777,1,361,0
410,46,3,3288,0,403,0
411,46,2,2373,0,264,0
412,46,1,1367,0,215,0
413,46,2,2321,0,229,0
414,46,2,2343,0,261,0
415,46,1,1261,0,264,0
416,47,4,4856,1,320,0
417,47,1,1373,0,254,0
418,47,2,2468,0,227,0
419,47,4,4926,1,289,0
420,47,4,4909,1,356,0
421,47,2,2327,0,251,0
422,47,2,2328,0,392,0
423,47,4,5044,1,240,0
424,47,4,5292,1,182,0
425,47,1,1458,0,429,0
426,47,1,1364,0,211,0
427,48,4,5020,1,304,0
428,48,4,4794,1,333,0
429,48,1,1287,0,240,0
430,48,4,4914,1,289,0
431,48,2,2282,0,291,0
432,48,4,4931,1,246,0
433,48,4,5195,1,213,0
434,48,4,5167,1,210,0
435,48,1,1309,0,283,0
436,48,1,1279,0,234,0
437,48,4,5027,1,242,0
438,48,1,1275,0,213,0
439,49,2,1975,0,665,0
440,49,4,4588,1,354,0
441,49,2,2162,0,283,0
442,49,2,2303,0,295,0
443,49,2,2259,0,401,0
444,49,1,1312,0,723,0
445,49,1,1312,0,221,0
446,49,1,1289,0,222,0
447,50,2,2221,0,467,0
448,50,1,1199,0,139,0
449,50,1,1171,0,298,0
450,50,4,5153,1,203,0
451,50,2,1936,0,500,0
452,50,4,4879,1,269,0
453,50,2,2300,0,316,0
454,50,3,3238,0,839,0
455,50,1,1267,0,365,0
456,51,3,3158,0,415,0
457,51,1,1310,0,265,0
458,51,2,2584,0,245,0
459,51,1,1350,0,196,0
460,51,1,1020,0,459,0
461,51,4,3697,1,776,0
462,51,0,0,0,153,0
463,51,1,1364,0,251,0
464,51,2,2236,0,182,0
465,52,4,4112,1,961,0
466,52,2,2218,0,363,0
467,52,1,1183,0,163,0
468,52,2,2439,0,286,0
469,52,2,2254,0,436,0
470,52,2,2366,0,286,0
471,52,1,1169,0,159,0
472,52,4,4315,1,466,0
473,52,4,5066,1,233,0
474,52,2,2194,0,333,0
475,53,2,2495,0,378,0
476,53,4,4761,1,342,0
477,53,2,2258,0,334,0
478,53,3,3070,0,419,0
479,53,4,5058,1,205,0
480,53,4,4633,1,314,0
481,53,1,1178,0,246,0
482,53,2,2250,0,389,0
483,53,1,1279,0,139,0
484,53,4,5063,1,251,0
485,53,4,4695,1,357,0
486,54,2,2468,0,529,0
487,54,1,1198,0,374,0
488,54,2,2342,0,323,0
489,54,1,1173,0,388,0
490,54,4,4988,1,259,0
491,54,3,3233,0,372,0
492,54,1,1329,0,279,0
493,54,1,1208,0,261,0
494,54,4,4921,1,272,0
495,55,3,2820,0,514,0
496,55,2,2429,0,369,0
497,55,4,4877,1,261,0
498,55,4,4705,1,343,0
499,55,1,1232,0,182,0
500,55,0,0,0,1001,1
501,55,1,1302,0,290,0
502,55,2,2217,0,391,0
503,55,4,5554,1,65,0
504,56,4,4994,1,206,0
505,56,4,5328,1,115,0
506,56,1,1323,0,332,0
507,56,4,5238,1,172,0
508,56,4,5184,1,159,0
509,56,4,5104,1,198,0
510,56,4,4763,1,356,0
511,56,4,4851,1,331,0
512,56,4,5213,1,149,0
513,56,3,3008,0,424,0
514,56,4,4936,1,295,0
515,56,4,4998,1,224,0
516,56,2,2231,0,230,0
517,57,4,5064,1,220,0
518,57,3,2900,0,537,0
519,57,4,5295,1,148,0
520,57,4,4642,1,349,0
521,57,1,1284,0,473,0
522,57,4,5347,1,130,0
523,57,4,5005,1,263,0
524,57,4,4466,1,436,0
525,57,4,5481,1,86,0
526,57,4,5180,1,203,0
527,57,1,1364,0,269,0
528,58,2,2332,0,367,0
529,58,4,5185,1,192,0
530,58,4,5041,1,210,0
531,58,4,5345,1,132,0
532,58,4,4101,1,470,0
533,58,4,5291,1,121,0
534,58,2,2325,0,535,0
535,58,4,5202,1,138,0
536,58,4,5406,1,151,0
537,58,4,4862,1,243,0
538,58,2,2224,0,499,0
539,58,3,3242,0,273,0
540,59,2,1991,0,577,0
541,59,0,93,0,224,0
542,59,4,4883,1,200,0
543,59,4,4727,1,261,0
544,59,2,1874,0,423,0
545,59,4,4645,1,374,0
546,59,2,1932,0,418,0
547,59,1,1243,0,753,0
548,60,1,1311,0,354,0
549,60,4,4548,1,301,0
550,60,4,3935,1,441,0
551,60,2,2106,0,249,0
552,60,4,4215,1,443,0
553,60,4,4896,1,267,0
554,60,4,4647,1,313,0
555,60,2,1818,0,471,0
556,60,4,5113,1,196,0
557,61,4,4721,1,354,0
558,61,4,4947,1,192,0
559,61,1,1084,0,282,0
560,61,4,4086,1,432,0
561,61,1,1190,0,434,0
562,61,2,2326,0,306,0
563,61,2,2019,0,394,0
564,61,2,1864,0,504,0
565,61,4,4968,1,205,0
566,61,4,5506,1,74,0
567,62,3,2921,0,539,0
568,62,1,1230,0,488,0
569,62,4,4969,1,194,0
570,62,4,4620,1,306,0
571,62,2,2260,0,251,0
572,62,4,4523,1,393,0
573,62,4,4580,1,330,0
574,62,4,4383,1,334,0
575,62,0,190,0,352,0
576,62,2,2105,0,327,0
577,63,4,4660,1,377,0
578,63,4,4527,1,279,0
579,63,2,2238,0,362,0
580,63,4,4663,1,310,0
581,63,4,4988,1,200,0
582,63,3,2640,0,589,0
583,63,1,1121,0,295,0
584,63,4,4440,1,291,0
585,63,4,3448,1,551,0
586,64,2,2013,0,245,0
587,64,4,4114,1,447,0
588,64,4,4396,1,378,0
589,64,4,4003,1,420,0
590,64,4,4316,1,499,0
591,64,2,2301,0,408,0
592,64,1,1210,0,256,0
593,64,0,167,0,404,0
594,64,3,3253,0,327,0
595,65,4,4604,1,283,0
596,65,4,4314,1,443,0
597,65,4,5223,1,151,0
598,65,4,4873,1,235,0
599,65,1,924,0,425,0
600,65,0,0,0,1001,1
601,65,1,1125,0,308,0
602,65,4,5107,1,179,0
603,66,4,3869,1,528,0
604,66,0,99,0,119,0
605,66,4,4430,1,359,0
606,66,4,4240,1,408,0
607,66,4,4558,1,348,0
608,66,4,3564,1,717,0
609,66,1,1108,0,428,0
610,66,4,3519,1,610,0
611,67,2,1924,0,421,0
612,67,4,4180,1,409,0
613,67,2,1774,0,626,0
614,67,1,1260,0,624,0
615,67,4,2887,1,963,0
616,68,1,1111,0,886,0
617,68,2,2190,0,452,0
618,68,4,4194,1,418,0
619,68,2,1882,0,732,0
620,68,0,182,0,210,0
621,68,4,4977,1,248,0
622,69,4,3610,1,687,0
623,69,4,4404,1,375,0
624,69,4,3616,1,591,0
625,69,1,1099,0,699,0
626,69,3,3052,0,371,0
627,69,4,3168,1,782,0
628,70,4,5123,1,177,0
629,70,2,1954,0,469,0
630,70,1,1160,0,617,0
631,70,2,1630,0,722,0
632,70,4,4567,1,337,0
633,70,2,1732,0,732,0
634,71,4,3767,1,481,0
635,71,4,4163,1,455,0
636,71,4,3853,1,625,0
637,71,4,3785,1,580,0
638,71,3,2692,0,518,0
639,71,0,99,0,120,0
640,71,1,1410,0,359,0
641,71,2,2248,0,354,0
642,72,2,2275,0,419,0
643,72,1,1246,0,421,0
644,72,4,4611,1,353,0
645,72,4,4457,1,356,0
646,72,2,2219,0,433,0
647,72,4,5044,1,243,0
648,72,3,2760,0,500,0
649,73,3,2332,0,664,0
650,73,4,5128,1,201,0
651,73,4,4749,1,258,0
652,73,2,2115,0,487,0
653,73,4,4578,1,322,0
654,73,4,5276,1,139,0
655,73,1,1252,0,371,0
656,73,4,4383,1,417,0
657,73,4,5268,1,156,0
658,73,4,4113,1,511,0
659,73,4,4622,1,296,0
660,74,2,2043,0,629,0
661,74,2,2063,0,293,0
662,74,4,4595,1,368,0
663,74,2,2086,0,349,0
664,74,2,1731,0,1001,0
665,74,4,4477,1,331,0
666,75,2,1933,0,622,0
667,75,4,4239,1,441,0
668,75,2,1738,0,898,0
669,75,4,4713,1,357,0
670,75,4,5119,1,190,0
671,75,3,3146,0,345,0
672,75,1,1138,0,360,0
673,76,1,1256,0,378,0
674,76,4,4597,1,348,0
675,76,3,3127,0,296,0
676,76,1,1100,0,450,0
677,76,1,1228,0,401,0
678,76,1,1142,0,501,0
679,76,1,1249,0,452,0
680,76,4,4785,1,292,0
681,76,4,5190,1,158,0
682,77,4,4517,1,336,0
683,77,4,4873,1,226,0
684,77,4,4365,1,389,0
685,77,1,1193,0,609,0
686,77,4,4885,1,213,0
687,77,2,2123,0,439,0
688,77,0,178,0,258,0
689,77,4,4705,1,362,0
690,77,3,2904,0,398,0
691,77,4,5282,1,129,0
692,78,1,1028,0,385,0
693,78,4,4509,1,372,0
694,78,4,3356,1,786,0
695,78,1,1354,0,748,0
696,78,2,1896,0,539,0
697,79,1,1357,0,684,0
698,79,4,5480,1,88,0
699,79,2,2141,0,252,0
700,79,0,0,0,1001,1
701,79,2,2326,0,277,0
702,79,1,1202,0,520,0
703,79,1,1364,0,586,0
704,79,4,5154,1,189,0
705,80,1,1270,0,544,0
706,80,4,4942,1,267,0
707,80,2,2222,0,356,0
708,80,2,2250,0,346,0
709,80,4,5034,1,196,0
710,80,2,1852,0,498,0
711,80,4,5034,1,194,0
712,80,1,915,0,695,0
713,80,4,4564,1,388,0
714,81,4,4769,1,327,0
715,81,4,4654,1,317,0
716,81,2,1817,0,778,0
717,81,4,3494,1,720,0
718,81,4,3977,1,583,0
719,81,1,1365,0,204,0
720,82,4,3983,1,520,0
721,82,2,2210,0,490,0
722,82,4,4731,1,310,0
723,82,4,4907,1,225,0
724,82,3,2881,0,503,0
725,82,4,4941,1,251,0
726,82,1,790,0,701,0
727,82,1,1202,0,285,0
728,82,4,5123,1,247,0
729,83,4,5036,1,247,0
730,83,4,5198,1,174,0
731,83,1,1186,0,664,0
732,83,2,2007,0,333,0
733,83,4,4942,1,220,0
734,83,2,2013,0,365,0
735,83,4,4702,1,296,0
736,83,4,5048,1,187,0
737,83,4,4615,1,343,0
738,83,4,5010,1,224,0
739,83,4,5014,1,195,0
740,84,4,4004,1,510,0
741,84,2,1967,0,496,0
742,84,4,4356,1,381,0
743,84,2,2196,0,187,0
744,84,4,4708,1,304,0
745,84,4,5014,1,200,0
746,84,4,4570,1,326,0
747,84,2,1792,0,644,0
748,85,2,2120,0,521,0
749,85,1,1326,0,670,0
750,85,4,4336,1,435,0
751,85,4,4611,1,404,0
752,85,4,4830,1,258,0
753,85,1,1182,0,795,0
754,85,0,179,0,375,0
755,86,2,1910,0,745,0
756,86,4,4497,1,376,0
757,86,2,2147,0,299,0
758,86,4,5091,1,176,0
759,86,4,4320,1,490,0
760,86,0,194,0,177,0
761,86,4,4925,1,249,0
762,86,4,5176,1,165,0
763,86,1,1179,0,602,0
764,87,4,4577,1,313,0
765,87,4,5166,1,159,0
766,87,4,4361,1,375,0
767,87,4,4431,1,364,0
768,87,4,5327,1,136,0
769,87,2,2169,0,433,0
770,87,2,2120,0,383,0
771,87,3,2826,0,517,0
772,87,4,5165,1,172,0
773,88,4,3799,1,619,0
774,88,4,5160,1,169,0
775,88,4,3902,1,600,0
776,88,1,1268,0,374,0
777,88,4,4947,1,263,0
778,88,4,4154,1,479,0
779,88,1,1313,0,296,0
780,88,4,4812,1,267,0
781,88,4,5075,1,196,0
782,88,4,4848,1,206,0
783,89,3,3151,0,338,0
784,89,4,5048,1,197,0
785,89,4,5063,1,209,0
786,89,3,3417,0,276,0
787,89,2,1940,0,417,0
788,89,4,4904,1,265,0
789,89,0,92,0,121,0
790,89,4,4902,1,257,0
791,89,4,5014,1,200,0
792,89,2,2222,0,571,0
793,89,4,5031,1,248,0
794,89,4,5192,1,187,0
795,90,4,5038,1,201,0
796,90,0,190,0,168,0
797,90,4,4938,1,253,0
798,90,4,4809,1,277,0
799,90,4,4345,1,409,0
800,90,0,0,0,1001,1
801,90,1,1243,0,328,0
802,90,4,5116,1,191,0
803,90,4,4386,1,370,0
804,91,4,4612,1,339,0
805,91,4,5204,1,174,0
806,91,4,5022,1,187,0
807,91,1,1294,0,319,0
808,91,4,4903,1,259,0
809,91,4,4845,1,230,0
810,91,4,4980,1,260,0
811,91,4,5234,1,151,0
812,91,1,1162,0,270,0
813,91,3,3192,0,337,0
814,91,1,1184,0,205,0
815,91,4,5318,1,119,0
816,91,4,4606,1,314,0
817,91,1,1340,0,208,0
818,92,4,5092,1,204,0
819,92,4,4434,1,386,0
820,92,4,5249,1,160,0
821,92,4,5065,1,215,0
822,92,3,3249,0,335,0
823,92,4,4425,1,405,0
824,92,4,4461,1,433,0
825,92,4,5254,1,143,0
826,92,3,2895,0,466,0
827,92,4,5333,1,121,0
828,92,4,5076,1,178,0
829,92,1,1106,0,246,0
830,93,3,3365,0,321,0
831,93,4,4767,1,263,0
832,93,4,4831,1,306,0
833,93,4,5274,1,140,0
834,93,4,4821,1,249,0
835,93,4,5179,1,157,0
836,93,4,5350,1,125,0
837,93,4,4843,1,293,0
838,93,4,5267,1,151,0
839,93,4,4846,1,277,0
840,93,4,5082,1,216,0
841,93,4,5195,1,174,0
842,93,1,1085,0,221,0
843,93,4,5431,1,90,0
844,93,4,5139,1,200,0
845,93,4,5379,1,113,0
846,94,4,4559,1,377,0
847,94,4,5325,1,138,0
848,94,2,2444,0,188,0
849,94,1,1088,0,487,0
850,94,1,1148,0,164,0
851,94,2,2341,0,349,0
852,94,1,1219,0,449,0
853,94,4,5127,1,232,0
854,94,4,5474,1,83,0
855,94,4,4579,1,406,0
856,94,4,4891,1,250,0
857,95,2,2163,0,366,0
858,95,4,4767,1,298,0
859,95,2,2414,0,241,0
860,95,2,2223,0,351,0
861,95,4,4832,1,269,0
862,95,4,4343,1,399,0
863,95,4,5008,1,220,0
864,95,4,4501,1,446,0
865,95,4,5280,1,141,0
866,95,4,4917,1,283,0
867,95,4,4987,1,258,0
868,95,4,5289,1,149,0
869,96,4,5161,1,190,0
870,96,4,5111,1,177,0
871,96,4,5272,1,149,0
872,96,2,2181,0,346,0
873,96,2,2201,0,410,0
874,96,4,4777,1,317,0
875,96,4,5340,1,167,0
876,96,3,3391,0,262,0
877,96,4,5035,1,246,0
878,96,4,5057,1,214,0
879,96,4,4938,1,272,0
880,96,4,5030,1,197,0
881,96,2,2366,0,279,0
882,97,4,4899,1,282,0
883,97,4,5099,1,207,0
884,97,2,2495,0,372,0
885,97,4,4574,1,318,0
886,97,4,4678,1,347,0
887,97,4,5208,1,169,0
888,97,0,196,0,180,0
889,97,4,5350,1,120,0
890,97,2,2399,0,320,0
891,97,4,5019,1,236,0
892,97,2,2283,0,237,0
893,97,4,5153,1,166,0
894,97,4,4488,1,352,0
895,98,4,4784,1,325,0
896,98,4,4961,1,324,0
897,98,4,5266,1,156,0
898,98,3,3381,0,322,0
899,98,3,3266,0,353,0
900,98,1,1187,0,1001,1
901,98,4,5250,1,161,0
902,98,2,2261,0,349,0
903,98,4,5368,1,118,0
904,98,4,5408,1,108,0
905,99,4,4586,1,322,0
906,99,4,5450,1,96,0
907,99,4,4718,1,345,0
908,99,4,5416,1,130,0
909,99,1,1332,0,358,0
910,99,4,5018,1,215,0
911,99,4,4956,1,267,0
912,99,4,5389,1,108,0
913,99,1,1335,0,259,0
914,99,4,5073,1,197,0
915,99,1,1208,0,179,0
916,99,2,2193,0,229,0
917,99,4,5292,1,127,0
918,99,4,5452,1,88,0
919,99,4,5462,1,90,0
920,99,4,5070,1,202,0
921,100,4,4674,1,382,0
922,100,4,5237,1,152,0
923,100,4,4972,1,251,0
924,100,4,4872,1,304,0
925,100,1,1272,0,423,0
926,100,1,1211,0,579,0
927,100,3,2519,0,558,0
928,100,4,5058,1,182,0
929,100,4,5477,1,88,0
930,100,4,4936,1,215,0
931,101,4,5371,1,104,0
932,101,4,4851,1,211,0
933,101,0,91,0,231,0
934,101,4,4142,1,459,0
935,101,4,4664,1,320,0
936,101,4,4852,1,222,0
937,101,1,1199,0,489,0
938,101,4,4722,1,433,0
939,101,4,5021,1,201,0
940,101,4,5213,1,145,0
941,101,4,5302,1,117,0
942,101,4,5100,1,167,0
943,102,0,96,0,187,0
944,102,0,95,0,132,0
945,102,3,2876,0,616,0
946,102,2,2245,0,459,0
947,102,2,1969,0,518,0
948,102,2,2232,0,284,0
949,102,3,3113,0,385,0
950,102,2,2083,0,318,0
951,103,4,5313,1,150,0
952,103,4,3643,1,846,0
953,103,3,2884,0,407,0
954,103,4,4947,1,301,0
955,103,4,4442,1,432,0
956,103,3,3188,0,454,0
957,103,4,4790,1,264,0
958,104,0,94,0,164,0
959,104,3,3009,0,463,0
960,104,4,5143,1,179,0
961,104,4,4847,1,312,0
962,104,4,3283,1,993,0
963,104,4,4672,1,341,0
964,104,4,4361,1,394,0
965,104,4,5150,1,167,0
966,105,3,2987,0,385,0
967,105,4,4845,1,239,0
968,105,4,4694,1,303,0
969,105,4,4157,1,400,0
970,105,4,4737,1,292,0
971,105,2,2163,0,356,0
972,105,4,5059,1,220,0
973,105,4,5283,1,123,0
974,105,2,2302,0,293,0
975,105,4,5129,1,165,0
976,105,4,5327,1,135,0
977,105,4,5267,1,131,0
978,105,2,2079,0,273,0
979,106,2,1893,0,419,0
980,106,1,1286,0,231,0
981,106,4,3974,1,462,0
982,106,4,4387,1,347,0
983,106,4,5028,1,208,0
984,106,1,1371,0,197,0
985,106,4,4614,1,292,0
986,106,4,4769,1,317,0
987,106,4,4915,1,261,0
988,106,4,4921,1,238,0
989,106,3,3194,0,367,0
990,107,2,2064,0,403,0
991,107,4,4841,1,228,0
992,107,4,4453,1,507,0
993,107,4,5079,1,182,0
994,107,3,2864,0,548,0
995,107,3,3122,0,378,0
996,107,2,2277,0,320,0
997,107,4,4237,1,379,0
998,107,4,5028,1,222,0
999,108,4,4720,1,255,0
1000,108,0,0,0,1001,1
1001,108,4,4813,1,215,0
1002,108,4,4646,1,373,0
1003,108,4,5275,1,125,0
1004,108,3,3157,0,388,0
1005,108,4,5159,1,195,0
1006,108,4,4361,1,361,0
1007,109,1,995,0,483,0
1008,109,4,4953,1,184,0
1009,109,4,4840,1,255,0
1010,109,4,5243,1,160,0
1011,109,4,5285,1,113,0
1012,109,4,5086,1,173,0
1013,109,4,4948,1,242,0
1014,109,4,5193,1,155,0
1015,109,4,5077,1,154,0
1016,109,1,1320,0,246,0
1017,109,4,4737,1,260,0
1018,109,4,4660,1,370,0
1019,109,4,5273,1,135,0
1020,109,4,5038,1,187,0
1021,109,4,5274,1,116,0
1022,110,4,4982,1,192,0
1023,110,1,1208,0,787,0
1024,110,4,4954,1,214,0
1025,110,4,4866,1,273,0
1026,110,4,4208,1,478,0
1027,110,4,5207,1,157,0
1028,110,2,1887,0,607,0
1029,110,4,4800,1,275,0
1030,111,2,2211,0,456,0
1031,111,4,4582,1,307,0
1032,111,4,5047,1,240,0
1033,111,3,2762,0,464,0
1034,111,4,4796,1,280,0
1035,111,0,99,0,203,0
1036,111,4,5018,1,202,0
1037,111,4,5159,1,189,0
1038,111,4,5081,1,199,0
1039,111,0,192,0,291,0
1040,111,3,3153,0,408,0
1041,111,4,5256,1,134,0
1042,112,4,4867,1,228,0
1043,112,0,194,0,128,0
1044,112,2,2122,0,466,0
1045,112,4,4726,1,275,0
1046,112,2,2146,0,389,0
1047,112,2,2059,0,435,0
1048,112,4,4079,1,471,0
1049,112,4,5199,1,181,0
1050,113,2,1942,0,691,0
1051,113,2,1950,0,436,0
1052,113,4,4075,1,522,0
1053,113,2,2042,0,422,0
1054,113,1,1324,0,282,0
1055,113,3,3114,0,447,0
1056,113,4,4827,1,273,0
1057,113,2,2343,0,291,0
1058,114,2,1911,0,453,0
1059,114,4,4918,1,252,0
1060,114,2,2321,0,225,0
1061,114,2,2182,0,388,0
1062,114,4,4629,1,386,0
1063,114,4,4558,1,354,0
1064,114,4,4673,1,267,0
1065,114,3,3367,0,218,0
1066,114,3,3315,0,252,0
1067,114,4,4231,1,516,0
1068,115,3,3193,0,311,0
1069,115,0,197,0,207,0
1070,115,4,5337,1,119,0
1071,115,2,2133,0,272,0
1072,115,2,2053,0,357,0
1073,115,0,186,0,223,0
1074,115,4,4496,1,347,0
1075,115,4,4585,1,409,0
1076,115,1,1290,0,386,0
1077,115,3,2572,0,700,0
1078,116,0,186,0,327,0
1079,116,4,4623,1,301,0
1080,116,4,5307,1,128,0
1081,116,2,1866,0,579,0
1082,116,4,4152,1,461,0
1083,116,2,2278,0,333,0
1084,116,2,2234,0,390,0
1085,116,4,4762,1,300,0
1086,116,4,4741,1,287,0
1087,117,4,4958,1,250,0
1088,117,4,4497,1,407,0
1089,117,4,4624,1,274,0
1090,117,3,2765,0,463,0
1091,117,2,2075,0,378,0
1092,117,2,2213,0,340,0
1093,117,4,5002,1,237,0
1094,117,4,4563,1,363,0
1095,118,2,2315,0,519,0
1096,118,2,2267,0,362,0
1097,118,2,2284,0,335,0
1098,118,2,2282,0,371,0
1099,118,4,4889,1,230,0
1100,118,0,0,0,1001,1
1101,118,4,5347,1,116,0
1102,118,4,4606,1,318,0
1103,119,4,4572,1,372,0
1104,119,4,5090,1,217,0
1105,119,2,2158,0,524,0
1106,119,2,2282,0,290,0
1107,119,2,1937,0,454,0
1108,119,4,4797,1,254,0
1109,119,4,5221,1,136,0
1110,119,2,2146,0,275,0
1111,119,4,4697,1,274,0
1112,119,4,5124,1,173,0
1113,119,4,4357,1,409,0
1114,120,4,4636,1,316,0
1115,120,3,3105,0,370,0
1116,120,4,4942,1,238,0
1117,120,1,1160,0,345,0
1118,120,4,4890,1,276,0
1119,120,4,5091,1,187,0
1120,120,4,4733,1,306,0
1121,120,1,1433,0,178,0
1122,120,2,1948,0,503,0
1123,120,2,2213,0,334,0
1124,121,4,4518,1,293,0
1125,121,3,3022,0,330,0
1126,121,2,2004,0,248,0
1127,121,3,3083,0,397,0
1128,121,4,4334,1,364,0
1129,121,4,5161,1,189,0
1130,121,4,4705,1,312,0
1131,121,4,4800,1,249,0
1132,121,4,4920,1,218,0
1133,121,4,4184,1,360,0
1134,121,4,5391,1,114,0
1135,122,4,4807,1,284,0
1136,122,4,4511,1,312,0
1137,122,1,1236,0,431,0
1138,122,4,4450,1,330,0
1139,122,4,4587,1,307,0
1140,122,4,4376,1,481,0
1141,122,2,2239,0,338,0
1142,122,2,2313,0,249,0
1143,122,4,4942,1,225,0
1144,123,2,2119,0,433,0
1145,123,3,3205,0,342,0
1146,123,1,1270,0,181,0
1147,123,4,4458,1,414,0
1148,123,4,5121,1,170,0
1149,123,4,5187,1,155,0
1150,123,2,2338,0,316,0
1151,123,4,4958,1,260,0
1152,123,2,2223,0,278,0
1153,123,2,2231,0,398,0
1154,123,4,4515,1,340,0
1155,124,4,5015,1,236,0
1156,124,0,82,0,232,0
1157,124,4,4301,1,506,0
1158,124,3,2876,0,334,0
1159,124,4,5208,1,145,0
1160,124,3,3137,0,269,0
1161,124,4,4490,1,350,0
1162,124,2,2339,0,285,0
1163,124,4,4939,1,277,0
1164,124,4,4233,1,393,0
1165,124,2,2345,0,234,0
1166,125,4,5296,1,127,0
1167,125,4,4715,1,366,0
1168,125,2,2094,0,368,0
1169,125,4,5217,1,142,0
1170,125,4,4833,1,258,0
1171,125,4,5157,1,147,0
1172,125,4,4937,1,260,0
1173,125,4,3800,1,585,0
1174,125,4,5169,1,156,0
1175,125,4,4997,1,239,0
1176,125,4,5007,1,231,0
1177,125,4,5055,1,223,0
1178,126,4,3885,1,564,0
1179,126,4,4177,1,438,0
1180,126,4,5162,1,162,0
1181,126,4,4986,1,207,0
1182,126,4,5108,1,189,0
1183,126,4,4625,1,384,0
1184,126,1,1337,0,563,0
1185,126,4,5187,1,179,0
1186,126,4,4531,1,321,0
1187,126,3,3279,0,268,0
1188,127,4,5028,1,231,0
1189,127,4,5365,1,107,0
1190,127,2,2409,0,311,0
1191,127,4,4854,1,266,0
1192,127,4,4948,1,271,0
1193,127,4,3694,1,597,0
1194,127,4,5080,1,207,0
1195,127,2,2321,0,287,0
1196,127,4,4302,1,372,0
1197,127,2,2099,0,323,0
1198,128,4,4797,1,249,0
1199,128,4,4581,1,342,0
1200,128,0,0,0,1001,1
1201,128,4,5310,1,139,0
1202,128,4,4858,1,237,0
1203,128,2,2231,0,301,0
1204,128,4,4949,1,237,0
1205,128,4,4971,1,213,0
1206,128,2,2178,0,431,0
1207,129,4,4489,1,347,0
1208,129,2,2002,0,509,0
1209,129,4,5051,1,238,0
1210,129,4,4924,1,251,0
1211,129,4,3971,1,553,0
1212,129,4,4824,1,283,0
1213,129,2,2095,0,416,0
1214,129,4,5269,1,120,0
1215,129,4,4534,1,276,0
1216,129,4,4449,1,379,0
1217,130,4,4973,1,215,0
1218,130,4,4767,1,309,0
1219,130,2,2005,0,240,0
1220,130,0,98,0,176,0
1221,130,4,4747,1,273,0
1222,130,2,2251,0,370,0
1223,130,4,4579,1,340,0
1224,130,4,4775,1,268,0
1225,130,3,2921,0,478,0
1226,130,4,5177,1,158,0
1227,131,4,3889,1,601,0
1228,131,4,5258,1,154,0
1229,131,4,4526,1,389,0
1230,131,2,2221,0,612,0
1231,131,4,3879,1,598,0
1232,131,2,1539,0,609,0
1233,131,4,5302,1,138,0
1234,132,3,2636,0,607,0
1235,132,4,5162,1,166,0
1236,132,4,5379,1,114,0
1237,132,1,1349,0,385,0
1238,132,1,926,0,376,0
1239,132,4,4668,1,297,0
1240,132,4,5010,1,227,0
1241,132,4,5153,1,161,0
1242,132,4,4958,1,224,0
1243,132,4,3681,1,702,0
1244,132,2,2379,0,249,0
1245,133,4,4085,1,419,0
1246,133,4,4995,1,200,0
1247,133,1,1063,0,525,0
1248,133,4,4488,1,360,0
1249,133,4,5129,1,173,0
1250,133,4,4110,1,478,0
1251,133,1,1064,0,361,0
1252,133,4,4560,1,319,0
1253,133,4,4582,1,297,0
1254,134,4,4342,1,392,0
1255,134,4,5157,1,148,0
1256,134,2,2309,0,277,0
1257,134,2,2151,0,451,0
1258,134,2,1984,0,656,0
1259,134,2,2418,0,229,0
1260,134,4,4923,1,230,0
1261,134,4,4968,1,233,0
1262,134,4,4719,1,285,0
1263,134,4,4914,1,211,0
1264,135,4,4402,1,334,0
1265,135,4,4731,1,339,0
1266,135,4,4468,1,458,0
1267,135,4,5236,1,140,0
1268,135,1,1143,0,266,0
1269,135,4,4963,1,277,0
1270,135,4,5486,1,82,0
1271,135,4,4824,1,339,0
1272,135,4,4285,1,462,0
1273,135,2,2387,0,288,0
1274,135,4,4989,1,245,0
1275,136,3,2885,0,373,0
1276,136,4,4819,1,226,0
1277,136,4,4011,1,450,0
1278,136,4,4704,1,277,0
1279,136,4,5073,1,174,0
1280,136,2,1678,0,682,0
1281,136,2,2126,0,538,0
1282,136,4,5241,1,127,0
1283,136,4,4845,1,254,0
1284,136,4,4679,1,326,0
1285,137,4,4821,1,263,0
1286,137,4,4702,1,288,0
1287,137,4,4246,1,357,0
1288,137,4,4813,1,253,0
1289,137,2,2256,0,430,0
1290,137,4,5058,1,199,0
1291,137,4,4601,1,266,0
1292,137,4,4871,1,230,0
1293,137,4,4482,1,369,0
1294,137,4,4964,1,234,0
1295,138,4,4215,1,389,0
1296,138,2,2233,0,225,0
1297,138,4,4990,1,227,0
1298,138,4,5031,1,206,0
1299,138,4,5217,1,157,0
1300,138,0,0,0,1001,1
1301,138,4,4545,1,304,0
1302,138,1,1111,0,404,0
1303,138,4,4934,1,221,0
1304,139,4,4136,1,458,0
1305,139,2,1593,0,561,0
1306,139,4,5036,1,168,0
1307,139,4,4560,1,260,0
1308,139,4,4975,1,183,0
1309,139,4,5534,1,74,0
1310,139,4,5363,1,103,0
1311,139,4,4840,1,215,0
1312,139,4,5058,1,162,0
1313,139,4,5222,1,128,0
1314,139,4,5324,1,143,0
1315,139,4,4888,1,216,0
1316,139,4,4061,1,452,0
1317,139,4,5147,1,212,0
1318,140,4,4584,1,339,0
1319,140,1,1140,0,539,0
1320,140,3,2704,0,566,0
1321,140,4,4436,1,357,0
1322,140,3,2984,0,413,0
1323,140,4,5175,1,150,0
1324,140,4,5061,1,205,0
1325,140,4,4870,1,230,0
1326,140,4,5036,1,176,0
1327,140,4,4713,1,278,0
1328,141,4,4622,1,269,0
1329,141,4,4407,1,339,0
1330,141,4,5389,1,92,0
1331,141,3,2727,0,485,0
1332,141,4,5071,1,177,0
1333,141,3,2931,0,415,0
1334,141,4,5375,1,115,0
1335,141,0,98,0,208,0
1336,141,4,5553,1,59,0
1337,141,4,5425,1,96,0
1338,141,4,5161,1,175,0
1339,141,4,5086,1,161,0
1340,141,3,3159,0,350,0
1341,141,4,5286,1,128,0
1342,141,4,4897,1,224,0
1343,141,4,5303,1,139,0
1344,142,4,4957,1,194,0
1345,142,4,5049,1,196,0
1346,142,4,5093,1,169,0
1347,142,4,4608,1,289,0
1348,142,4,5078,1,176,0
1349,142,1,1091,0,440,0
1350,142,4,5428,1,95,0
1351,142,4,5275,1,127,0
1352,142,4,5339,1,113,0
1353,142,4,4267,1,413,0
1354,142,4,4756,1,254,0
1355,142,4,5125,1,165,0
1356,142,4,5230,1,169,0
1357,142,4,4604,1,356,0
1358,143,1,1279,0,187,0
1359,143,0,98,0,116,0
1360,143,4,5338,1,100,0
1361,143,4,5144,1,183,0
1362,143,2,2217,0,289,0
1363,143,4,5456,1,92,0
1364,143,4,5254,1,143,0
1365,143,3,3308,0,287,0
1366,143,4,4818,1,258,0
1367,143,4,5221,1,146,0
1368,143,3,3399,0,203,0
1369,143,4,5424,1,108,0
1370,143,4,5045,1,189,0
1371,143,4,5449,1,88,0
1372,143,4,3906,1,543,0
1373,143,2,2005,0,211,0
1374,143,0,85,0,181,0
1375,144,1,1222,0,191,0
1376,144,4,4902,1,225,0
1377,144,4,5533,1,62,0
1378,144,4,5319,1,108,0
1379,144,4,5270,1,154,0
1380,144,1,1051,0,249,0
1381,144,4,5255,1,125,0
1382,144,4,5161,1,175,0
1383,144,2,2103,0,174,0
1384,144,4,5223,1,138,0
1385,144,0,97,0,206,0
1386,144,1,1319,0,246,0
1387,144,4,5356,1,114,0
1388,144,4,4721,1,265,0
1389,144,4,5474,1,82,0
1390,144,3,3314,0,190,0
1391,144,4,4997,1,205,0
1392,145,4,4310,1,472,0
1393,145,4,4913,1,316,0
1394,145,4,5091,1,203,0
1395,145,4,5283,1,138,0
1396,145,4,4980,1,377,0
1397,145,4,5450,1,77,0
1398,145,1,1257,0,174,0
1399,145,4,5097,1,176,0
1400,145,0,0,0,106,1
1401,145,4,5061,1,182,0
1402,145,1,1346,0,350,0
1403,145,4,5500,1,78,0
1404,145,4,5272,1,126,0
1405,145,3,3385,0,165,0
1406,145,4,5430,1,91,0
1407,145,4,5171,1,139,0
1408,145,4,4977,1,170,0
1409,146,4,4854,1,261,0
1410,146,4,5306,1,112,0
1411,146,2,2135,0,389,0
1412,146,4,4634,1,297,0
1413,146,3,3256,0,255,0
1414,146,1,1211,0,185,0
1415,146,1,1334,0,228,0
1416,146,4,5001,1,305,0
1417,146,4,4890,1,368,0
1418,146,4,5068,1,190,0
1419,146,4,5059,1,160,0
1420,146,4,5146,1,145,0
1421,146,4,5234,1,137,0
1422,146,4,5202,1,171,0
1423,147,2,2362,0,266,0
1424,147,3,3143,0,305,0
1425,147,2,2154,0,331,0
1426,147,4,5063,1,178,0
1427,147,4,4973,1,189,0
1428,147,1,1248,0,169,0
1429,147,4,4707,1,286,0
1430,147,4,5045,1,164,0
1431,147,3,3024,0,212,0
1432,147,4,4695,1,265,0
1433,147,2,2071,0,194,0
1434,147,0,0,0,159,0
1435,147,4,5351,1,116,0
1436,147,4,4762,1,224,0
1437,147,4,5270,1,133,0
1438,147,4,5387,1,105,0
1439,147,1,1074,0,122,0
1440,148,0,96,0,144,0
1441,148,0,90,0,149,0
1442,148,2,2339,0,226,0
1443,148,4,5417,1,97,0
1444,148,4,4769,1,271,0
1445,148,4,5432,1,90,0
1446,148,4,5210,1,158,0
1447,148,4,5043,1,165,0
1448,148,4,5061,1,180,0
1449,148,4,4780,1,283,0
1450,148,0,0,0,131,0
1451,148,4,5258,1,152,0
1452,148,4,4743,1,303,0
1453,148,4,5069,1,173,0
1454,148,4,5145,1,161,0
1455,148,2,2216,0,236,0
1456,148,4,5478,1,80,0
1457,148,4,5307,1,115,0
1458,149,3,3240,0,196,0
1459,149,4,5433,1,92,0
1460,149,4,5528,1,68,0
1461,149,4,5439,1,89,0
1462,149,4,4329,1,399,0
1463,149,4,5353,1,115,0
1464,149,4,5146,1,192,0
1465,149,4,5325,1,104,0
1466,149,4,5437,1,96,0
1467,149,1,1306,0,316,0
1468,149,4,5106,1,169,0
1469,149,4,5185,1,174,0
1470,149,0,0,0,129,0
1471,149,4,5200,1,155,0
1472,149,1,1078,0,224,0
1473,149,4,5251,1,122,0
1474,149,2,2226,0,292,0
1475,149,3,3081,0,282,0
1476,149,4,5312,1,122,0
1477,150,4,4694,1,283,0
1478,150,1,1115,0,233,0
1479,150,4,5494,1,81,0
1480,150,4,4619,1,359,0
1481,150,3,3248,0,206,0
1482,150,1,1116,0,257,0
1483,150,4,5053,1,178,0
1484,150,4,5466,1,91,0
1485,150,4,4839,1,246,0
1486,150,4,5128,1,147,0
1487,150,4,5476,1,81,0
1488,150,4,5320,1,118,0
1489,150,1,1346,0,195,0
1490,150,4,4979,1,242,0
1491,150,4,5286,1,119,0
1492,150,4,5219,1,146,0
1493,150,4,4698,1,314,0
1494,151,4,5142,1,158,0
1495,151,4,5182,1,165,0
1496,151,4,5412,1,142,0
1497,151,4,5444,1,90,0
1498,151,4,5326,1,105,0
1499,151,2,2051,0,184,0
1500,151,0,0,0,106,1
1501,151,4,4998,1,184,0
1502,151,4,4727,1,243,0
1503,151,4,5523,1,67,0
1504,151,4,4457,1,369,0
1505,151,4,5215,1,151,0
1506,151,4,5409,1,95,0
1507,151,4,5310,1,161,0
1508,151,4,5285,1,114,0
1509,151,4,5086,1,163,0
1510,151,4,5337,1,115,0
1511,151,4,4923,1,216,0
1512,151,0,0,0,162,0
1513,151,4,5464,1,82,0
1514,151,4,5246,1,137,0
1515,152,0,89,0,131,0
1516,152,4,5278,1,117,0
1517,152,3,3469,0,245,0
1518,152,4,5393,1,106,0
1519,152,4,5233,1,133,0
1520,152,4,5243,1,145,0
1521,152,4,5283,1,111,0
1522,152,1,1255,0,360,0
1523,152,4,5137,1,164,0
1524,152,4,5495,1,77,0
1525,152,0,0,0,137,0
1526,152,4,5336,1,110,0
1527,152,2,2284,0,326,0
1528,152,4,5416,1,98,0
1529,152,4,5082,1,246,0
1530,152,4,4960,1,245,0
1531,152,4,5367,1,104,0
1532,152,4,5458,1,77,0
1533,152,4,5551,1,64,0
1534,152,4,4842,1,236,0
1535,153,3,3410,0,180,0
1536,153,4,5509,1,75,0
1537,153,1,1240,0,184,0
1538,153,2,2093,0,162,0
1539,153,2,2284,0,171,0
1540,153,4,5130,1,183,0
1541,153,3,3276,0,263,0
1542,153,4,5168,1,190,0
1543,153,2,2083,0,201,0
1544,153,4,5061,1,214,0
1545,153,4,5277,1,123,0
1546,153,4,4958,1,249,0
1547,153,4,5156,1,206,0
1548,153,3,3382,0,223,0
1549,153,1,1085,0,252,0
1550,153,2,1951,0,402,0
1551,154,2,2066,0,170,0
1552,154,3,2978,0,329,0
1553,154,4,5013,1,248,0
1554,154,4,4917,1,312,0
1555,154,4,4953,1,241,0
1556,154,4,4680,1,459,0
1557,154,4,5413,1,95,0
1558,154,4,5419,1,116,0
1559,154,4,4759,1,337,0
1560,154,2,2263,0,193,0
1561,154,1,1304,0,305,0
1562,154,4,5242,1,136,0
1563,154,4,4913,1,215,0
1564,155,3,3231,0,193,0
1565,155,4,5369,1,111,0
1566,155,4,4713,1,322,0
1567,155,0,0,0,131,0
1568,155,4,5225,1,138,0
1569,155,4,5373,1,113,0
1570,155,4,4885,1,336,0
1571,155,4,5008,1,292,0
1572,155,4,5074,1,200,0
1573,155,2,2376,0,181,0
1574,155,4,4853,1,227,0
1575,155,4,5289,1,147,0
1576,155,1,1361,0,236,0
1577,155,1,1189,0,156,0
1578,155,4,5088,1,186,0
1579,155,1,1186,0,205,0
1580,156,2,2168,0,195,0
1581,156,0,0,0,139,0
1582,156,3,2963,0,299,0
1583,156,3,3062,0,286,0
1584,156,3,3071,0,283,0
1585,156,2,2117,0,256,0
1586,156,4,5053,1,221,0
1587,156,3,3481,0,446,0
1588,156,4,4919,1,224,0
1589,156,4,5361,1,105,0
1590,156,4,5221,1,135,0
1591,156,4,5062,1,182,0
1592,156,4,5102,1,157,0
1593,156,2,2286,0,192,0
1594,156,4,5542,1,67,0
1595,156,2,2215,0,190,0
1596,157,4,5262,1,151,0
1597,157,4,5267,1,151,0
1598,157,2,2379,0,264,0
1599,157,1,1161,0,580,0
1600,157,0,0,0,106,1
1601,157,4,5306,1,121,0
1602,157,4,5415,1,97,0
1603,157,2,2141,0,256,0
1604,157,4,5065,1,175,0
1605,157,2,2294,0,223,0
1606,157,4,5145,1,156,0
1607,157,4,5120,1,183,0
1608,157,2,2327,0,340,0
1609,157,4,5477,1,85,0
1610,157,4,5349,1,128,0
1611,157,4,5493,1,88,0
1612,157,4,5209,1,131,0
1613,158,3,3376,0,222,0
1614,158,4,5304,1,137,0
1615,158,2,2100,0,318,0
1616,158,4,5171,1,187,0
1617,158,4,5030,1,233,0
1618,158,4,5220,1,139,0
1619,158,4,4905,1,238,0
1620,158,4,4523,1,294,0
1621,158,2,1807,0,445,0
1622,158,1,1158,0,187,0
1623,158,4,5307,1,139,0
1624,158,4,5042,1,186,0
1625,158,2,2327,0,242,0
1626,158,0,98,0,308,0
1627,159,1,1106,0,235,0
1628,159,4,4900,1,223,0
1629,159,4,5023,1,185,0
1630,159,2,2154,0,207,0
1631,159,4,5261,1,138,0
1632,159,2,2164,0,370,0
1633,159,0,188,0,497,0
1634,159,4,4655,1,282,0
1635,159,2,1981,0,203,0
1636,159,4,4900,1,211,0
1637,159,4,4990,1,235,0
1638,159,4,4977,1,185,0
1639,160,1,1170,0,323,0
1640,160,4,5036,1,174,0
1641,160,4,5263,1,138,0
1642,160,2,2427,0,271,0
1643,160,3,3216,0,189,0
1644,160,3,3232,0,163,0
1645,160,4,5316,1,107,0
1646,160,2,2127,0,391,0
1647,160,4,4959,1,252,0
1648,160,4,5064,1,201,0
1649,160,0,0,0,138,0
1650,160,2,2214,0,174,0
1651,160,4,5119,1,174,0
1652,160,4,5340,1,139,0
1653,160,1,1060,0,566,0
1654,161,2,2342,0,398,0
1655,161,4,5169,1,140,0
1656,161,4,5104,1,178,0
1657,161,4,5022,1,190,0
1658,161,4,5352,1,110,0
1659,161,4,5347,1,106,0
1660,161,0,0,0,130,0
1661,161,4,5383,1,93,0
1662,161,1,1355,0,153,0
1663,161,4,5227,1,142,0
1664,161,3,2710,0,446,0
1665,161,4,5446,1,91,0
1666,161,4,5269,1,137,0
1667,161,4,4932,1,230,0
1668,161,4,4962,1,179,0
1669,161,4,4840,1,202,0
1670,161,4,5560,1,85,0
1671,161,4,5100,1,230,0
1672,162,4,5288,1,122,0
1673,162,4,5298,1,139,0
1674,162,4,5379,1,98,0
1675,162,4,4935,1,197,0
1676,162,4,5317,1,119,0
1677,162,4,5041,1,166,0
1678,162,4,5001,1,190,0
1679,162,4,5367,1,102,0
1680,162,4,5380,1,111,0
1681,162,2,2095,0,231,0
1682,162,4,5294,1,129,0
1683,162,4,4947,1,234,0
1684,162,4,5207,1,141,0
1685,162,4,5487,1,76,0
1686,162,4,4801,1,253,0
1687,162,2,2336,0,172,0
1688,162,2,2382,0,194,0
1689,162,4,5259,1,120,0
1690,162,4,5013,1,239,0
1691,163,4,4668,1,327,0
1692,163,4,5328,1,132,0
1693,163,4,4888,1,222,0
1694,163,4,5043,1,219,0
1695,163,4,5455,1,82,0
1696,163,4,4984,1,197,0
1697,163,4,5069,1,162,0
1698,163,2,2102,0,308,0
1699,163,4,5471,1,82,0
1700,163,0,0,0,106,1
1701,163,4,5514,1,70,0
1702,163,4,4997,1,178,0
1703,163,4,5147,1,178,0
1704,163,4,4859,1,230,0
1705,163,4,5000,1,168,0
1706,163,4,5414,1,95,0
1707,163,4,4999,1,197,0
1708,163,0,0,0,134,0
1709,163,4,5090,1,163,0
1710,163,4,4995,1,204,0
1711,164,4,5081,1,160,0
1712,164,4,5390,1,95,0
1713,164,4,5491,1,87,0
1714,164,4,4966,1,193,0
1715,164,4,5327,1,103,0
1716,164,4,5170,1,149,0
1717,164,4,5393,1,105,0
1718,164,4,5449,1,89,0
1719,164,2,2373,0,169,0
1720,164,2,2074,0,351,0
1721,164,4,5088,1,199,0
1722,164,4,5438,1,95,0
1723,164,2,2205,0,291,0
1724,164,4,4649,1,296,0
1725,164,2,2375,0,219,0
1726,164,2,2279,0,202,0
1727,164,4,5265,1,134,0
1728,164,4,4826,1,271,0
1729,165,4,5462,1,91,0
1730,165,3,3088,0,230,0
1731,165,4,5269,1,159,0
1732,165,4,5026,1,214,0
1733,165,4,5105,1,162,0
1734,165,2,2233,0,143,0
1735,165,2,2385,0,173,0
1736,165,4,5381,1,110,0
1737,165,2,2205,0,161,0
1738,165,4,5023,1,220,0
1739,165,4,4674,1,295,0
1740,165,4,5494,1,79,0
1741,165,4,5079,1,172,0
1742,165,2,2352,0,445,0
1743,165,2,2183,0,268,0
1744,166,2,1989,0,521,0
1745,166,4,5093,1,164,0
1746,166,4,5405,1,87,0
1747,166,4,5444,1,93,0
1748,166,4,5099,1,171,0
1749,166,4,5174,1,143,0
1750,166,4,4868,1,241,0
1751,166,4,5578,1,56,0
1752,166,4,4780,1,254,0
1753,166,4,4791,1,213,0
1754,166,4,5371,1,113,0
1755,166,4,4987,1,186,0
1756,166,4,5270,1,145,0
1757,166,4,5013,1,186,0
1758,166,1,1313,0,292,0
1759,166,4,4980,1,197,0
1760,166,4,5033,1,188,0
1761,166,4,4954,1,272,0
1762,167,4,5098,1,171,0
1763,167,1,1251,0,400,0
1764,167,4,4877,1,231,0
1765,167,4,5389,1,94,0
1766,167,4,5367,1,111,0
1767,167,4,5318,1,108,0
1768,167,4,5456,1,80,0
1769,167,4,5228,1,140,0
1770,167,4,5129,1,197,0
1771,167,1,1266,0,274,0
1772,167,4,5516,1,75,0
1773,167,2,2052,0,179,0
1774,167,4,5142,1,145,0
1775,167,3,3353,0,165,0
1776,167,4,4922,1,212,0
1777,167,4,4443,1,340,0
1778,167,3,3194,0,259,0
1779,168,2,2322,0,605,0
1780,168,4,5103,1,179,0
1781,168,0,98,0,362,0
1782,168,4,5394,1,114,0
1783,168,3,3257,0,196,0
1784,168,4,5143,1,188,0
1785,168,4,4351,1,429,0
1786,168,4,5296,1,114,0
1787,168,2,2162,0,195,0
1788,168,4,5560,1,59,0
1789,168,4,5073,1,155,0
1790,168,4,5335,1,108,0
1791,168,4,5184,1,142,0
1792,168,4,5394,1,98,0
1793,168,4,5145,1,148,0
1794,168,2,2225,0,178,0
1795,169,4,5226,1,125,0
1796,169,4,5241,1,130,0
1797,169,4,5233,1,153,0
1798,169,4,5351,1,110,0
1799,169,4,5206,1,134,0
1800,169,0,0,0,106,1
1801,169,4,4709,1,240,0
1802,169,4,5343,1,113,0
1803,169,4,5472,1,89,0
1804,169,4,5055,1,182,0
1805,169,4,5144,1,169,0
1806,169,4,5200,1,148,0
1807,169,1,1019,0,337,0
1808,169,4,5383,1,109,0
1809,169,4,5024,1,190,0
1810,169,4,4618,1,315,0
1811,169,4,4774,1,308,0
1812,169,2,2234,0,253,0
1813,170,4,5102,1,161,0
1814,170,3,3277,0,165,0
1815,170,0,94,0,145,0
1816,170,4,5047,1,187,0
1817,170,4,4886,1,196,0
1818,170,4,5243,1,157,0
1819,170,4,4748,1,343,0
1820,170,4,5108,1,159,0
1821,170,4,5230,1,140,0
1822,170,4,5201,1,139,0
1823,170,4,5249,1,140,0
1824,170,0,88,0,126,0
1825,170,4,5478,1,80,0
1826,170,4,4820,1,212,0
1827,170,4,5112,1,196,0
1828,170,4,4993,1,184,0
1829,170,2,2175,0,232,0
1830,170,4,4980,1,196,0
1831,171,1,1276,0,164,0
1832,171,4,4968,1,200,0
1833,171,4,5376,1,106,0
1834,171,4,5195,1,156,0
1835,171,4,5097,1,147,0
1836,171,4,5393,1,112,0
1837,171,4,5353,1,103,0
1838,171,1,1098,0,230,0
1839,171,2,2110,0,302,0
1840,171,0,94,0,199,0
1841,171,1,1211,0,440,0
1842,171,4,5078,1,167,0
1843,171,4,5274,1,137,0
1844,171,3,3287,0,181,0
1845,171,1,1337,0,369,0
1846,172,4,4554,1,391,0
1847,172,4,4960,1,277,0
1848,172,4,5321,1,182,0
1849,172,3,2832,0,414,0
1850,172,4,4806,1,275,0
1851,172,4,4997,1,269,0
1852,172,4,4061,1,510,0
1853,172,4,5324,1,138,0
1854,172,4,4803,1,281,0
1855,172,4,4789,1,253,0
1856,172,4,5442,1,118,0
1857,172,3,3052,0,203,0
1858,172,4,5035,1,192,0
1859,173,0,98,0,188,0
1860,173,4,5393,1,126,0
1861,173,4,5257,1,188,0
1862,173,4,5205,1,232,0
1863,173,4,5199,1,145,0
1864,173,4,5183,1,160,0
1865,173,4,4275,1,499,0
1866,173,4,5281,1,138,0
1867,173,3,3312,0,216,0
1868,173,4,4772,1,362,0
1869,173,3,3129,0,273,0
1870,173,4,5354,1,120,0
1871,173,4,5172,1,160,0
1872,173,3,3317,0,211,0
1873,173,4,5449,1,89,0
1874,174,1,1285,0,211,0
1875,174,4,5101,1,222,0
1876,174,1,1176,0,307,0
1877,174,4,5019,1,242,0
1878,174,4,4685,1,311,0
1879,174,4,4940,1,221,0
1880,174,4,5003,1,195,0
1881,174,4,4987,1,272,0
1882,174,4,4841,1,248,0
1883,174,4,5223,1,169,0
1884,174,4,4969,1,210,0
1885,174,4,3950,1,602,0
1886,175,1,1223,0,266,0
1887,175,4,5051,1,173,0
1888,175,3,3150,0,333,0
1889,175,3,3351,0,323,0
1890,175,4,4843,1,201,0
1891,175,4,5018,1,336,0
1892,175,3,2953,0,489,0
1893,175,4,5203,1,145,0
1894,175,4,5078,1,187,0
1895,175,4,5130,1,170,0
1896,175,4,5235,1,147,0
1897,175,4,5276,1,165,0
1898,175,4,5303,1,124,0
1899,175,4,5482,1,78,0
1900,175,0,0,0,106,1
1901,175,0,0,0,139,0
1902,176,4,4666,1,280,0
1903,176,0,192,0,300,0
1904,176,4,5268,1,121,0
1905,176,4,5144,1,152,0
1906,176,4,5129,1,162,0
1907,176,4,5210,1,136,0
1908,176,4,5473,1,87,0
1909,176,4,5495,1,73,0
1910,176,2,2156,0,333,0
1911,176,4,5247,1,119,0
1912,176,2,2054,0,449,0
1913,176,4,5315,1,121,0
1914,176,4,4750,1,289,0
1915,176,4,5182,1,138,0
1916,176,1,1380,0,359,0
1917,177,1,1060,0,151,0
1918,177,4,5379,1,108,0
1919,177,4,5048,1,165,0
1920,177,1,1044,0,286,0
1921,177,4,5448,1,94,0
1922,177,4,5116,1,177,0
1923,177,4,5112,1,190,0
1924,177,1,1021,0,362,0
1925,177,0,97,0,296,0
1926,177,4,5349,1,119,0
1927,177,4,5161,1,152,0
1928,177,4,5210,1,138,0
1929,177,3,3257,0,206,0
1930,177,4,5152,1,174,0
1931,177,3,2578,0,563,0
1932,178,4,5228,1,169,0
1933,178,4,4791,1,282,0
1934,178,2,2214,0,237,0
1935,178,1,1256,0,168,0
1936,178,4,5009,1,204,0
1937,178,4,5310,1,143,0
1938,178,4,4932,1,206,0
1939,178,4,5149,1,195,0
1940,178,4,4672,1,307,0
1941,178,4,4821,1,289,0
1942,178,4,4832,1,232,0
1943,178,4,4578,1,374,0
1944,178,4,5298,1,149,0
1945,178,4,5118,1,242,0
1946,178,4,5050,1,164,0
1947,179,4,4903,1,324,0
1948,179,0,0,0,135,0
1949,179,4,4971,1,253,0
1950,179,4,5046,1,191,0
1951,179,4,4644,1,372,0
1952,179,3,3216,0,289,0
1953,179,4,4953,1,206,0
1954,179,4,4416,1,349,0
1955,179,0,84,0,198,0
1956,179,3,3187,0,323,0
1957,179,2,2154,0,286,0
1958,179,4,5122,1,166,0
1959,179,4,5235,1,143,0
1960,180,4,5073,1,166,0
1961,180,3,3052,0,264,0
1962,180,4,5240,1,134,0
1963,180,4,5054,1,168,0
1964,180,4,4901,1,214,0
1965,180,4,5375,1,107,0
1966,180,4,4457,1,343,0
1967,180,3,3201,0,175,0
1968,180,4,5207,1,148,0
1969,180,4,5113,1,146,0
1970,180,4,5394,1,96,0
1971,180,4,5083,1,161,0
1972,180,2,2123,0,162,0
1973,180,4,5448,1,84,0
1974,180,4,4959,1,200,0
1975,180,4,5156,1,147,0
1976,180,1,1265,0,289,0
1977,180,4,5360,1,97,0
1978,181,0,0,0,152,0
1979,181,4,4956,1,185,0
1980,181,1,1156,0,209,0
1981,181,1,1190,0,222,0
1982,181,1,1255,0,208,0
1983,181,0,192,0,322,0
1984,181,4,4871,1,214,0
1985,181,4,5050,1,174,0
1986,181,0,0,0,140,0
1987,181,2,2169,0,144,0
1988,181,4,5370,1,107,0
1989,181,4,5439,1,83,0
1990,181,4,4925,1,208,0
1991,181,4,5382,1,103,0
1992,181,4,4414,1,395,0
1993,181,0,0,0,134,0
1994,181,0,0,0,136,0
1995,181,4,5261,1,123,0
1996,182,4,5330,1,102,0
1997,182,4,5129,1,146,0
1998,182,4,5449,1,82,0
1999,182,4,5181,1,159,0
2000,182,0,0,0,101,1
2001,182,2,1927,0,313,0
2002,182,4,5025,1,238,0
2003,182,4,4500,1,319,0
2004,182,0,0,0,148,0
2005,182,2,2015,0,462,0
2006,182,2,2078,0,209,0
2007,182,0,0,0,140,0
2008,182,4,5137,1,154,0
2009,182,4,4460,1,280,0
2010,182,4,4969,1,178,0
2011,182,1,1123,0,240,0
2012,183,4,4926,1,252,0
2013,183,4,5275,1,130,0
2014,183,4,4660,1,281,0
2015,183,4,5212,1,128,0
2016,183,4,5246,1,151,0
2017,183,0,0,0,122,0
2018,183,4,4648,1,263,0
2019,183,4,5283,1,117,0
2020,183,4,4699,1,258,0
2021,183,0,0,0,149,0
2022,183,4,5026,1,162,0
2023,183,2,2122,0,266,0
2024,183,1,1146,0,175,0
2025,183,4,5045,1,172,0
2026,183,4,5309,1,117,0
2027,183,4,4675,1,291,0
2028,183,4,5404,1,89,0
2029,183,4,5244,1,138,0
2030,184,4,5202,1,136,0
2031,184,4,5205,1,213,0
2032,184,4,5023,1,190,0
2033,184,4,5195,1,134,0
2034,184,4,5123,1,164,0
2035,184,4,5098,1,172,0
2036,184,4,5060,1,160,0
2037,184,4,5273,1,121,0
2038,184,4,5365,1,95,0
2039,184,4,5213,1,162,0
2040,184,4,5294,1,132,0
2041,184,4,5002,1,173,0
2042,184,0,0,0,180,0
2043,184,1,1102,0,190,0
2044,184,4,5149,1,146,0
2045,184,2,2136,0,295,0
2046,184,4,5174,1,142,0
2047,184,2,2103,0,147,0
2048,184,4,5071,1,175,0
2049,185,0,0,0,159,0
2050,185,4,5458,1,81,0
2051,185,4,4853,1,212,0
2052,185,4,5394,1,93,0
2053,185,4,4900,1,231,0
2054,185,4,4868,1,214,0
2055,185,4,5393,1,102,0
2056,185,4,5213,1,137,0
2057,185,4,5196,1,142,0
2058,185,2,2116,0,172,0
2059,185,0,86,0,148,0
2060,185,2,2267,0,184,0
2061,185,4,5026,1,185,0
2062,185,1,929,0,283,0
2063,185,0,93,0,261,0
2064,185,4,4892,1,226,0
2065,185,1,1265,0,300,0
2066,185,4,5039,1,179,0
2067,186,0,0,0,155,0
2068,186,0,0,0,145,0
2069,186,4,5498,1,71,0
2070,186,4,4926,1,189,0
2071,186,0,0,0,163,0
2072,186,0,0,0,118,0
2073,186,1,970,0,300,0
2074,186,4,4192,1,408,0
2075,186,4,5432,1,88,0
2076,186,4,5312,1,113,0
2077,186,4,4916,1,183,0
2078,186,3,3097,0,174,0
2079,186,1,1156,0,237,0
2080,186,4,4322,1,408,0
2081,186,4,4944,1,204,0
2082,186,2,2211,0,296,0
2083,187,4,4916,1,193,0
2084,187,1,1181,0,198,0
2085,187,4,4579,1,302,0
2086,187,4,4900,1,190,0
2087,187,3,2987,0,284,0
2088,187,4,4677,1,277,0
2089,187,4,4948,1,180,0
2090,187,4,5123,1,157,0
2091,187,0,0,0,148,0
2092,187,2,2112,0,283,0
2093,187,2,1777,0,435,0
2094,187,4,5091,1,154,0
2095,187,4,5535,1,65,0
2096,187,4,5389,1,99,0
2097,187,4,4953,1,186,0
2098,188,4,4719,1,249,0
2099,188,4,5293,1,173,0
2100,188,0,0,0,101,1
2101,188,4,5202,1,129,0
2102,188,1,1346,0,311,0
2103,188,2,2061,0,189,0
2104,188,4,5446,1,94,0
2105,188,2,2141,0,160,0
2106,188,3,3011,0,250,0
2107,188,4,4934,1,236,0
2108,188,4,5248,1,131,0
2109,188,4,5348,1,109,0
2110,188,2,1992,0,255,0
2111,188,4,4845,1,275,0
2112,188,4,5183,1,140,0
2113,188,4,5136,1,154,0
2114,188,4,5077,1,170,0
2115,188,4,5258,1,118,0
2116,188,4,5292,1,120,0
2117,189,4,5341,1,114,0
2118,189,4,5404,1,92,0
2119,189,0,0,0,165,0
2120,189,4,5348,1,147,0
2121,189,4,4837,1,251,0
2122,189,0,0,0,118,0
2123,189,4,5208,1,140,0
2124,189,3,2914,0,532,0
2125,189,2,2000,0,343,0
2126,189,4,4472,1,361,0
2127,189,4,4890,1,207,0
2128,189,4,5291,1,122,0
2129,189,4,4981,1,178,0
2130,189,4,5125,1,168,0
2131,189,3,3098,0,182,0
2132,189,0,0,0,145,0
2133,190,0,0,0,128,0
2134,190,4,5438,1,103,0
2135,190,4,5095,1,209,0
2136,190,4,4834,1,216,0
2137,190,4,4336,1,380,0
2138,190,2,2080,0,659,0
2139,190,4,5213,1,128,0
2140,190,1,1209,0,221,0
2141,190,4,5265,1,115,0
2142,190,4,5067,1,178,0
2143,190,4,5036,1,166,0
2144,190,4,5192,1,132,0
2145,190,4,4927,1,183,0
2146,190,4,5130,1,150,0
2147,190,4,5411,1,87,0
2148,190,4,4991,1,180,0
2149,191,4,4712,1,293,0
2150,191,4,4873,1,191,0
2151,191,0,0,0,125,0
2152,191,4,5445,1,83,0
2153,191,4,5524,1,71,0
2154,191,1,1197,0,149,0
2155,191,4,5252,1,118,0
2156,191,4,5455,1,92,0
2157,191,4,5419,1,93,0
2158,191,4,5304,1,117,0
2159,191,4,5254,1,132,0
2160,191,4,5081,1,168,0
2161,191,4,4184,1,474,0
2162,191,4,5197,1,143,0
2163,191,2,1931,0,612,0
2164,191,4,5455,1,88,0
2165,191,4,5232,1,129,0
2166,192,4,4957,1,217,0
2167,192,4,5457,1,89,0
2168,192,4,5257,1,124,0
2169,192,4,5302,1,125,0
2170,192,1,1166,0,193,0
2171,192,4,5317,1,150,0
2172,192,4,4932,1,192,0
2173,192,4,4646,1,302,0
2174,192,2,2250,0,304,0
2175,192,1,1159,0,315,0
2176,192,4,4744,1,247,0
2177,192,1,1350,0,362,0
2178,192,4,4786,1,278,0
2179,192,4,5436,1,86,0
2180,193,4,4131,1,493,0
2181,193,4,5335,1,105,0
2182,193,4,4718,1,260,0
2183,193,4,4952,1,210,0
2184,193,4,4432,1,336,0
2185,193,4,5215,1,140,0
2186,193,3,2682,0,471,0
2187,193,4,4428,1,390,0
2188,193,2,2225,0,270,0
2189,193,1,1200,0,179,0
2190,193,2,2221,0,349,0
2191,193,4,5195,1,146,0
2192,194,2,1939,0,460,0
2193,194,4,5338,1,112,0
2194,194,4,5135,1,175,0
2195,194,4,5195,1,145,0
2196,194,4,4589,1,299,0
2197,194,4,5054,1,161,0
2198,194,4,5277,1,112,0
2199,194,4,5451,1,87,0
2200,194,0,0,0,101,1
2201,194,4,4914,1,204,0
2202,194,2,2085,0,293,0
2203,194,4,4430,1,387,0
2204,194,4,5252,1,173,0
2205,194,4,5208,1,131,0
2206,194,4,5252,1,124,0
2207,194,4,4943,1,224,0
2208,194,4,5327,1,111,0
2209,195,4,4752,1,232,0
2210,195,4,4609,1,305,0
2211,195,4,4114,1,566,0
2212,195,4,4912,1,241,0
2213,195,4,5205,1,134,0
2214,195,4,4892,1,244,0
2215,195,4,5465,1,93,0
2216,195,4,4199,1,459,0
2217,195,1,1286,0,222,0
2218,195,2,2275,0,246,0
2219,195,4,4990,1,206,0
2220,195,4,5327,1,111,0
2221,196,3,3081,0,467,0
2222,196,0,0,0,125,0
2223,196,4,5278,1,120,0
2224,196,4,5224,1,163,0
2225,196,3,2619,0,880,0
2226,196,4,4974,1,198,0
2227,196,4,5032,1,182,0
2228,196,1,1246,0,296,0
2229,196,1,1062,0,176,0
2230,196,4,5294,1,128,0
2231,196,4,3934,1,464,0
2232,197,4,4332,1,421,0
2233,197,4,5039,1,214,0
2234,197,1,1293,0,583,0
2235,197,4,5304,1,130,0
2236,197,4,5342,1,111,0
2237,197,1,1160,0,359,0
2238,197,4,5389,1,145,0
2239,197,4,5247,1,125,0
2240,197,4,5253,1,131,0
2241,197,0,85,0,191,0
2242,197,4,4928,1,253,0
2243,197,4,4614,1,335,0
2244,197,4,4897,1,228,0
2245,198,1,1257,0,219,0
2246,198,4,5418,1,110,0
2247,198,3,3395,0,291,0
2248,198,4,5543,1,71,0
2249,198,4,5177,1,141,0
2250,198,2,1596,0,511,0
2251,198,2,2210,0,237,0
2252,198,4,4918,1,226,0
2253,198,4,4676,1,326,0
2254,198,4,4850,1,236,0
2255,198,4,5568,1,63,0
2256,198,4,4718,1,266,0
2257,198,4,5207,1,149,0
2258,198,4,5293,1,117,0
2259,198,1,1245,0,225,0
2260,198,4,4918,1,209,0
2261,199,4,4580,1,304,0
2262,199,4,5060,1,190,0
2263,199,4,4990,1,173,0
2264,199,4,5422,1,88,0
2265,199,4,4928,1,227,0
2266,199,3,3284,0,216,0
2267,199,1,1220,0,181,0
2268,199,4,4460,1,359,0
2269,199,4,5051,1,185,0
2270,199,4,4761,1,224,0
2271,199,4,5360,1,110,0
2272,199,4,5554,1,59,0
2273,199,4,5314,1,112,0
2274,199,2,1962,0,225,0
2275,199,2,1719,0,429,0
2276,200,4,4688,1,331,0
2277,200,4,4823,1,238,0
2278,200,4,5296,1,132,0
2279,200,4,4709,1,313,0
2280,200,0,0,0,142,0
2281,200,4,5445,1,92,0
2282,200,4,5407,1,89,0
2283,200,4,5199,1,203,0
2284,200,4,5143,1,155,0
2285,200,4,5036,1,183,0
2286,200,4,5265,1,134,0
2287,200,4,5096,1,225,0
2288,200,4,5512,1,72,0
2289,200,4,4022,1,630,0
2290,200,4,5365,1,101,0
2291,200,4,4777,1,248,0
2292,201,2,2126,0,346,0
2293,201,3,3358,0,225,0
2294,201,1,1160,0,386,0
2295,201,4,5003,1,199,0
2296,201,4,4907,1,217,0
2297,201,4,5448,1,99,0
2298,201,4,5083,1,166,0
2299,201,1,1299,0,576,0
2300,201,0,0,0,101,1
2301,201,4,5294,1,122,0
2302,201,2,2094,0,401,0
2303,201,4,5511,1,71,0
2304,201,4,4652,1,317,0
2305,202,4,4763,1,275,0
2306,202,4,5027,1,173,0
2307,202,4,5438,1,86,0
2308,202,4,5356,1,113,0
2309,202,4,4412,1,371,0
2310,202,4,5457,1,82,0
2311,202,1,1007,0,297,0
2312,202,4,5010,1,201,0
2313,202,2,2311,0,279,0
2314,202,4,5030,1,188,0
2315,202,4,5474,1,86,0
2316,202,4,5414,1,89,0
2317,202,4,4999,1,188,0
2318,202,4,5344,1,104,0
2319,202,4,5241,1,134,0
2320,202,4,5183,1,173,0
2321,202,4,4971,1,202,0
2322,202,3,3405,0,213,0
2323,203,4,5386,1,104,0
2324,203,4,5253,1,137,0
2325,203,4,5583,1,59,0
2326,203,2,2112,0,271,0
2327,203,2,2166,0,210,0
2328,203,4,5414,1,100,0
2329,203,4,5340,1,113,0
2330,203,4,5184,1,145,0
2331,203,4,5186,1,167,0
2332,203,3,3099,0,211,0
2333,203,4,5127,1,172,0
2334,203,4,3715,1,606,0
2335,203,4,5301,1,120,0
2336,203,4,5170,1,139,0
2337,203,4,5230,1,144,0
2338,203,4,5244,1,123,0
2339,203,4,5551,1,61,0
2340,203,4,4931,1,220,0
2341,203,4,5329,1,106,0
2342,203,4,5413,1,94,0
2343,204,3,2207,0,897,0
2344,204,4,5312,1,117,0
2345,204,4,5165,1,157,0
2346,204,4,5431,1,96,0
2347,204,4,5279,1,140,0
2348,204,4,5096,1,165,0
2349,204,1,975,0,318,0
2350,204,4,5235,1,144,0
2351,204,4,5180,1,161,0
2352,204,4,4997,1,186,0
2353,204,4,5031,1,189,0
2354,204,4,5307,1,123,0
2355,204,4,5215,1,151,0
2356,204,4,5117,1,164,0
2357,204,4,5489,1,78,0
2358,205,4,4142,1,460,0
2359,205,4,5246,1,127,0
2360,205,4,5181,1,160,0
2361,205,4,5433,1,90,0
2362,205,4,5120,1,165,0
2363,205,4,5330,1,107,0
2364,205,4,4911,1,211,0
2365,205,4,5212,1,155,0
2366,205,4,5087,1,179,0
2367,205,4,4694,1,245,0
2368,205,4,5461,1,86,0
2369,205,4,4907,1,251,0
2370,205,4,5196,1,149,0
2371,205,4,5481,1,84,0
2372,205,4,5486,1,78,0
2373,205,4,5048,1,169,0
2374,205,4,5419,1,102,0
2375,205,4,4017,1,493,0
2376,206,0,93,0,227,0
2377,206,4,5149,1,177,0
2378,206,4,5291,1,121,0
2379,206,2,2191,0,194,0
2380,206,4,5094,1,168,0
2381,206,4,5411,1,94,0
2382,206,3,3135,0,271,0
2383,206,4,4314,1,393,0
2384,206,4,4783,1,226,0
2385,206,4,5468,1,76,0
2386,206,4,5354,1,114,0
2387,206,1,1200,0,338,0
2388,206,4,5153,1,179,0
2389,206,4,5115,1,156,0
2390,206,1,1336,0,145,0
2391,206,4,4374,1,360,0
2392,207,4,5009,1,189,0
2393,207,4,5415,1,107,0
2394,207,2,2259,0,219,0
2395,207,4,3738,1,652,0
2396,207,4,5073,1,169,0
2397,207,4,4771,1,234,0
2398,207,4,4501,1,369,0
2399,207,2,2043,0,432,0
2400,207,0,0,0,101,1
2401,207,4,5300,1,117,0
2402,207,4,5214,1,134,0
2403,207,4,5478,1,81,0
2404,207,4,5046,1,188,0
2405,207,2,2389,0,162,0
2406,207,4,5403,1,100,0
2407,208,4,5405,1,88,0
2408,208,4,5143,1,151,0
2409,208,4,5244,1,162,0
2410,208,4,4892,1,259,0
2411,208,4,5536,1,66,0
2412,208,4,5488,1,73,0
2413,208,4,4243,1,476,0
2414,208,4,5104,1,148,0
2415,208,4,5239,1,136,0
2416,208,4,5127,1,166,0
2417,208,4,5346,1,139,0
2418,208,4,5411,1,95,0
2419,208,3,2977,0,266,0
2420,208,4,5030,1,189,0
2421,208,4,5212,1,179,0
2422,208,4,5322,1,120,0
2423,208,4,5338,1,110,0
2424,208,4,4880,1,226,0
2425,208,4,5261,1,129,0
2426,209,4,5161,1,159,0
2427,209,4,5411,1,93,0
2428,209,4,5418,1,87,0
2429,209,4,4747,1,284,0
2430,209,4,5348,1,128,0
2431,209,4,5320,1,109,0
2432,209,4,5425,1,95,0
2433,209,4,5301,1,128,0
2434,209,4,4858,1,272,0
2435,209,4,5225,1,135,0
2436,209,4,5466,1,95,0
2437,209,4,5103,1,202,0
2438,209,4,5407,1,95,0
2439,209,3,3057,0,193,0
2440,209,4,5538,1,67,0
2441,209,4,4283,1,494,0
2442,209,4,5092,1,155,0
2443,209,1,1201,0,281,0
2444,209,4,5308,1,163,0
2445,210,4,5289,1,124,0
2446,210,4,5402,1,101,0
2447,210,4,4641,1,347,0
2448,210,4,5399,1,95,0
2449,210,4,5335,1,114,0
2450,210,4,5243,1,138,0
2451,210,4,4852,1,230,0
2452,210,4,4952,1,189,0
2453,210,1,1173,0,346,0
2454,210,4,4977,1,183,0
2455,210,4,5258,1,117,0
2456,210,4,5269,1,127,0
2457,210,4,5077,1,157,0
2458,210,4,5211,1,170,0
2459,210,4,4769,1,326,0
2460,210,4,5002,1,186,0
2461,210,4,5102,1,159,0
2462,210,4,5151,1,154,0
2463,211,2,2110,0,453,0
2464,211,4,5104,1,151,0
2465,211,4,5104,1,169,0
2466,211,4,5484,1,89,0
2467,211,4,5098,1,175,0
2468,211,4,5400,1,109,0
2469,211,4,4200,1,436,0
2470,211,4,4979,1,214,0
2471,211,4,5140,1,162,0
2472,211,4,5127,1,157,0
2473,211,4,4950,1,176,0
2474,211,4,5157,1,163,0
2475,211,4,5015,1,191,0
2476,211,4,4965,1,209,0
2477,211,4,5230,1,141,0
2478,212,1,1303,0,539,0
2479,212,4,5495,1,79,0
2480,212,1,1319,0,316,0
2481,212,4,5504,1,80,0
2482,212,4,5322,1,105,0
2483,212,4,5171,1,157,0
2484,212,4,5373,1,102,0
2485,212,1,1246,0,346,0
2486,212,2,2346,0,517,0
2487,212,4,4471,1,329,0
2488,212,4,5446,1,88,0
2489,212,4,5154,1,145,0
2490,212,4,5219,1,129,0
2491,212,4,5528,1,70,0
2492,212,4,5206,1,142,0
2493,212,4,5420,1,95,0
2494,212,4,5296,1,119,0
2495,213,4,4945,1,199,0
2496,213,1,1314,0,682,0
2497,213,4,5240,1,121,0
2498,213,4,3776,1,566,0
2499,213,4,5422,1,116,0
2500,213,0,0,0,101,1
2501,213,2,1810,0,352,0
2502,213,4,5453,1,88,0
2503,213,4,4772,1,249,0
2504,213,2,1886,0,320,0
2505,213,1,1087,0,266,0
2506,213,4,5126,1,157,0
2507,214,4,4579,1,294,0
2508,214,4,5457,1,80,0
2509,214,4,4861,1,231,0
2510,214,3,3261,0,225,0
2511,214,4,5180,1,148,0
2512,214,3,2892,0,355,0
2513,214,4,5485,1,75,0
2514,214,1,1193,0,162,0
2515,214,2,2251,0,197,0
2516,214,4,5302,1,122,0
2517,214,4,5287,1,141,0
2518,214,4,5041,1,173,0
2519,214,4,5468,1,80,0
2520,214,4,5442,1,90,0
2521,214,4,4834,1,269,0
2522,214,2,2179,0,280,0
2523,214,4,5313,1,112,0
2524,214,4,5005,1,182,0
2525,215,4,4779,1,255,0
2526,215,4,5181,1,150,0
2527,215,4,5095,1,207,0
2528,215,4,4879,1,220,0
2529,215,4,5290,1,117,0
2530,215,4,5505,1,81,0
2531,215,4,4929,1,201,0
2532,215,4,4700,1,284,0
2533,215,4,5181,1,139,0
2534,215,4,5509,1,84,0
2535,215,4,5318,1,118,0
2536,215,4,5018,1,186,0
2537,215,4,5168,1,183,0
2538,215,2,2295,0,214,0
2539,215,4,5299,1,130,0
2540,215,4,4382,1,422,0
2541,215,4,4837,1,235,0
2542,216,4,4423,1,360,0
2543,216,4,5356,1,133,0
2544,216,4,5205,1,135,0
2545,216,1,1128,0,401,0
2546,216,1,1177,0,143,0
2547,216,2,2173,0,599,0
2548,216,4,4447,1,389,0
2549,216,4,5173,1,161,0
2550,216,4,4651,1,350,0
2551,216,4,5360,1,116,0
2552,216,4,5033,1,175,0
2553,216,4,5133,1,171,0
2554,217,3,3268,0,310,0
2555,217,4,5287,1,172,0
2556,217,4,5449,1,80,0
2557,217,4,4843,1,262,0
2558,217,4,5381,1,107,0
2559,217,4,5300,1,126,0
2560,217,4,5074,1,167,0
2561,217,4,5042,1,175,0
2562,217,4,5028,1,166,0
2563,217,4,4719,1,243,0
2564,217,4,4875,1,218,0
2565,217,0,262,0,277,0
2566,217,1,1110,0,466,0
2567,217,4,5497,1,78,0
2568,217,4,5522,1,77,0
2569,217,4,5189,1,151,0
2570,217,2,2109,0,167,0
2571,217,4,4817,1,233,0
2572,218,3,2932,0,328,0
2573,218,4,5139,1,183,0
2574,218,4,5187,1,156,0
2575,218,4,5135,1,223,0
2576,218,4,5217,1,133,0
2577,218,4,4317,1,449,0
2578,218,4,5450,1,88,0
2579,218,4,5438,1,90,0
2580,218,2,2045,0,198,0
2581,218,4,4812,1,241,0
2582,218,4,5277,1,126,0
2583,218,4,5036,1,196,0
2584,218,4,5520,1,69,0
2585,218,4,4926,1,204,0
2586,218,4,5089,1,202,0
2587,218,4,5334,1,120,0
2588,219,4,4980,1,281,0
2589,219,2,2119,0,187,0
2590,219,4,5114,1,194,0
2591,219,4,5121,1,161,0
2592,219,4,5205,1,126,0
2593,219,1,1102,0,269,0
2594,219,4,5201,1,183,0
2595,219,4,5447,1,86,0
2596,219,4,5526,1,69,0
2597,219,4,5012,1,191,0
2598,219,4,4874,1,212,0
2599,219,4,4708,1,256,0
2600,219,0,0,0,101,1
2601,219,4,5359,1,108,0
2602,219,4,5467,1,90,0
2603,219,4,5346,1,113,0
2604,219,2,2176,0,486,0
2605,219,4,5009,1,269,0
2606,220,4,5155,1,158,0
2607,220,4,5309,1,120,0
2608,220,4,4696,1,264,0
2609,220,3,3084,0,392,0
2610,220,0,97,0,211,0
2611,220,4,5225,1,151,0
2612,220,4,5321,1,113,0
2613,220,4,5098,1,155,0
2614,220,1,1241,0,353,0
2615,220,4,4793,1,240,0
2616,220,1,1172,0,392,0
2617,220,4,5177,1,144,0
2618,220,4,4916,1,203,0
2619,220,4,5311,1,107,0
2620,220,4,5039,1,185,0
2621,220,4,5395,1,116,0
2622,221,4,5199,1,195,0
2623,221,4,5221,1,141,0
2624,221,4,5246,1,135,0
2625,221,4,5378,1,132,0
2626,221,4,5025,1,184,0
2627,221,4,4265,1,451,0
2628,221,4,5180,1,137,0
2629,221,1,1278,0,217,0
2630,221,4,5230,1,127,0
2631,221,4,5015,1,184,0
2632,221,4,5195,1,151,0
2633,221,4,5544,1,62,0
2634,221,3,3124,0,199,0
2635,221,4,5302,1,126,0
2636,221,4,5475,1,82,0
2637,221,4,4813,1,218,0
2638,221,4,5306,1,120,0
2639,221,4,4990,1,185,0
2640,222,1,1139,0,315,0
2641,222,4,5224,1,136,0
2642,222,4,5619,1,50,0
2643,222,1,1314,0,264,0
2644,222,4,5259,1,137,0
2645,222,4,5191,1,149,0
2646,222,4,5085,1,162,0
2647,222,4,4941,1,223,0
2648,222,4,5506,1,73,0
2649,222,4,5060,1,162,0
2650,222,3,3378,0,229,0
2651,222,3,3269,0,323,0
2652,222,4,5464,1,79,0
2653,222,4,4807,1,212,0
2654,222,4,5463,1,81,0
2655,222,4,5057,1,173,0
2656,222,3,3269,0,239,0
2657,222,4,5290,1,117,0
2658,222,4,5245,1,129,0
2659,222,0,176,0,146,0
2660,223,4,5082,1,191,0
2661,223,4,5110,1,180,0
2662,223,4,5431,1,86,0
2663,223,4,5293,1,119,0
2664,223,4,4962,1,191,0
2665,223,4,5156,1,154,0
2666,223,4,4843,1,229,0
2667,223,4,5348,1,108,0
2668,223,4,5322,1,110,0
2669,223,4,4376,1,343,0
2670,223,4,5306,1,126,0
2671,223,4,4288,1,445,0
2672,223,4,5078,1,178,0
2673,223,2,2217,0,289,0
2674,223,3,3079,0,243,0
2675,224,4,4664,1,253,0
2676,224,4,4569,1,343,0
2677,224,4,5381,1,105,0
2678,224,4,5060,1,190,0
2679,224,4,5322,1,105,0
2680,224,4,5045,1,183,0
2681,224,4,4575,1,296,0
2682,224,4,5463,1,79,0
2683,224,4,4766,1,290,0
2684,224,4,5402,1,101,0
2685,224,4,5253,1,134,0
2686,224,4,4967,1,210,0
2687,224,4,5102,1,167,0
2688,224,4,5273,1,121,0
2689,224,4,5013,1,199,0
2690,224,4,5039,1,168,0
2691,224,4,5128,1,158,0
2692,224,4,5412,1,110,0
2693,224,2,2297,0,180,0
2694,225,4,5033,1,178,0
2695,225,1,1218,0,191,0
2696,225,4,5293,1,130,0
2697,225,4,5049,1,186,0
2698,225,2,1970,0,330,0
2699,225,4,5370,1,100,0
2700,225,0,0,0,101,1
2701,225,2,2158,0,301,0
2702,225,4,5350,1,100,0
2703,225,4,4937,1,207,0
2704,225,4,4626,1,272,0
2705,225,4,5480,1,82,0
2706,225,0,97,0,342,0
2707,225,4,5522,1,66,0
2708,225,2,2270,0,218,0
2709,225,4,4146,1,466,0
2710,226,4,5632,1,44,0
2711,226,4,4484,1,326,0
2712,226,4,5173,1,146,0
2713,226,4,5433,1,84,0
2714,226,4,5320,1,115,0
2715,226,2,1915,0,675,0
2716,226,1,1339,0,209,0
2717,226,4,4789,1,289,0
2718,226,4,5349,1,110,0
2719,226,4,5085,1,176,0
2720,226,4,4735,1,266,0
2721,226,0,0,0,126,0
2722,226,1,1021,0,170,0
2723,226,4,4607,1,288,0
2724,226,4,5161,1,154,0
2725,227,2,2096,0,234,0
2726,227,2,2346,0,147,0
2727,227,4,4995,1,189,0
2728,227,4,5238,1,154,0
2729,227,4,5009,1,208,0
2730,227,4,4486,1,368,0
2731,227,4,4467,1,302,0
2732,227,4,5008,1,176,0
2733,227,4,4948,1,208,0
2734,227,1,1264,0,403,0
2735,227,4,5236,1,133,0
2736,227,4,4622,1,262,0
2737,227,4,5316,1,111,0
2738,227,2,2167,0,312,0
2739,228,2,2271,0,193,0
2740,228,4,5383,1,113,0
2741,228,4,5153,1,146,0
2742,228,4,5401,1,89,0
2743,228,4,5325,1,113,0
2744,228,4,5533,1,66,0
2745,228,2,2299,0,319,0
2746,228,4,4746,1,258,0
2747,228,4,5087,1,166,0
2748,228,4,5370,1,101,0
2749,228,2,2103,0,208,0
2750,228,4,5147,1,154,0
2751,228,4,4973,1,207,0
2752,228,4,5300,1,118,0
2753,228,4,5181,1,139,0
2754,228,4,5305,1,111,0
2755,228,4,5472,1,83,0
2756,228,4,5175,1,150,0
2757,228,1,1269,0,144,0
2758,228,4,4593,1,283,0
2759,228,4,5344,1,122,0
2760,229,4,5376,1,147,0
2761,229,4,5137,1,154,0
2762,229,4,5410,1,92,0
2763,229,4,5526,1,66,0
2764,229,0,186,0,196,0
2765,229,2,2289,0,393,0
2766,229,4,5013,1,192,0
2767,229,4,5234,1,133,0
2768,229,4,5184,1,178,0
2769,229,4,4860,1,261,0
2770,229,4,5158,1,140,0
2771,229,4,5006,1,222,0
2772,229,4,4776,1,293,0
2773,229,1,1289,0,443,0
2774,229,4,5272,1,121,0
2775,229,4,5389,1,108,0
2776,230,1,1252,0,184,0
2777,230,4,5214,1,142,0
2778,230,4,5053,1,172,0
2779,230,4,5303,1,115,0
2780,230,4,5285,1,125,0
2781,230,4,5030,1,178,0
2782,230,4,4934,1,191,0
2783,230,4,5090,1,157,0
2784,230,4,5145,1,150,0
2785,230,4,5163,1,155,0
2786,230,1,1213,0,252,0
2787,230,4,5524,1,81,0
2788,230,4,5170,1,145,0
2789,230,4,5298,1,124,0
2790,230,4,4858,1,200,0
2791,230,4,5417,1,89,0
2792,230,4,5350,1,105,0
2793,230,4,5362,1,106,0
2794,230,1,1309,0,447,0
2795,230,4,5490,1,71,0
2796,230,4,5452,1,103,0
2797,231,4,5303,1,131,0
2798,231,4,5097,1,170,0
2799,231,4,5213,1,155,0
2800,231,0,0,0,101,1
2801,231,1,1083,0,217,0
2802,231,4,5182,1,147,0
2803,231,4,5414,1,108,0
2804,231,1,1273,0,179,0
2805,231,4,5214,1,147,0
2806,231,4,5276,1,130,0
2807,231,4,5356,1,108,0
2808,231,4,5293,1,112,0
2809,231,4,4974,1,221,0
2810,231,4,5473,1,80,0
2811,231,4,5166,1,189,0
2812,231,4,5496,1,78,0
2813,231,4,5355,1,104,0
2814,231,4,5379,1,129,0
2815,231,4,5182,1,182,0
2816,231,4,4998,1,258,0
2817,231,4,5216,1,216,0
2818,231,4,5258,1,134,0
2819,232,4,5234,1,134,0
2820,232,4,5279,1,132,0
2821,232,4,5352,1,114,0
2822,232,4,5011,1,197,0
2823,232,4,5459,1,90,0
2824,232,4,5280,1,117,0
2825,232,4,3978,1,570,0
2826,232,4,5223,1,136,0
2827,232,4,4959,1,205,0
2828,232,0,93,0,149,0
2829,232,4,5352,1,104,0
2830,232,4,5436,1,89,0
2831,232,1,1171,0,236,0
2832,232,4,5032,1,197,0
2833,232,4,5394,1,99,0
2834,232,4,4995,1,191,0
2835,232,4,5414,1,91,0
2836,232,4,4911,1,216,0
2837,232,4,5397,1,95,0
2838,233,4,5285,1,119,0
2839,233,3,3206,0,222,0
2840,233,2,2036,0,314,0
2841,233,0,84,0,180,0
2842,233,4,5069,1,185,0
2843,233,4,4952,1,209,0
2844,233,4,5040,1,181,0
2845,233,4,5312,1,122,0
2846,233,4,5272,1,141,0
2847,233,4,5273,1,130,0
2848,233,4,5197,1,156,0
2849,233,4,5430,1,94,0
2850,233,2,1902,0,265,0
2851,233,4,5523,1,69,0
2852,233,4,5499,1,70,0
2853,233,4,5367,1,111,0
2854,233,4,5206,1,144,0
2855,233,2,2228,0,580,0
2856,234,4,4106,1,582,0
2857,234,4,4840,1,237,0
2858,234,4,4605,1,364,0
2859,234,4,5444,1,92,0
2860,234,2,2204,0,281,0
2861,234,4,5165,1,145,0
2862,234,4,4910,1,204,0
2863,234,4,5390,1,109,0
2864,234,0,87,0,174,0
2865,234,4,4567,1,285,0
2866,234,4,5133,1,163,0
2867,234,4,5472,1,82,0
2868,234,4,4899,1,225,0
2869,234,4,5482,1,91,0
2870,234,4,5132,1,148,0
2871,235,4,5141,1,154,0
2872,235,4,5400,1,93,0
2873,235,4,4238,1,452,0
2874,235,4,4929,1,234,0
2875,235,4,4602,1,351,0
2876,235,4,5185,1,215,0
2877,235,4,5302,1,127,0
2878,235,4,5362,1,103,0
2879,235,4,5094,1,170,0
2880,235,4,5506,1,72,0
2881,235,4,5296,1,132,0
2882,235,4,4878,1,230,0
2883,235,2,2035,0,246,0
2884,235,4,5168,1,152,0
2885,235,0,92,0,141,0
2886,235,4,5546,1,70,0
2887,235,4,5269,1,117,0
2888,235,4,4854,1,226,0
2889,236,4,5411,1,98,0
2890,236,4,5000,1,209,0
2891,236,4,5163,1,153,0
2892,236,4,4532,1,416,0
2893,236,4,5526,1,68,0
2894,236,4,5403,1,104,0
2895,236,4,5191,1,195,0
2896,236,4,5230,1,124,0
2897,236,4,5357,1,105,0
2898,236,4,4589,1,287,0
2899,236,4,4863,1,206,0
2900,236,0,0,0,101,1
2901,236,4,5186,1,141,0
2902,236,4,5136,1,171,0
2903,236,4,5397,1,93,0
2904,236,4,5107,1,159,0
2905,236,2,2290,0,165,0
2906,236,4,5257,1,120,0
2907,236,4,5328,1,147,0
2908,237,1,1316,0,207,0
2909,237,4,5399,1,102,0
2910,237,3,3355,0,213,0
2911,237,4,5420,1,96,0
2912,237,4,4845,1,284,0
2913,237,4,4740,1,251,0
2914,237,4,5474,1,76,0
2915,237,4,5260,1,123,0
2916,237,1,959,0,244,0
2917,237,4,5314,1,123,0
2918,237,4,4830,1,281,0
2919,237,4,5376,1,108,0
2920,237,4,5366,1,95,0
2921,237,4,5378,1,101,0
2922,237,4,5201,1,141,0
2923,237,4,5219,1,140,0
2924,237,4,5080,1,178,0
2925,237,4,5387,1,103,0
2926,237,1,1292,0,255,0
2927,237,4,4819,1,243,0
2928,238,4,4891,1,217,0
2929,238,3,3238,0,202,0
2930,238,4,5074,1,162,0
2931,238,4,5184,1,153,0
2932,238,4,5451,1,108,0
2933,238,4,4846,1,209,0
2934,238,4,4832,1,271,0
2935,238,4,5023,1,231,0
2936,238,4,4883,1,202,0
2937,238,2,2117,0,188,0
2938,238,2,1885,0,530,0
2939,238,4,5038,1,193,0
2940,238,4,5431,1,94,0
2941,238,4,5405,1,95,0
2942,238,4,5532,1,65,0
2943,239,1,1339,0,378,0
2944,239,4,4201,1,472,0
2945,239,3,3212,0,243,0
2946,239,4,5383,1,104,0
2947,239,2,2003,0,423,0
2948,239,4,5062,1,177,0
2949,239,4,5516,1,74,0
2950,239,4,5315,1,107,0
2951,239,4,5241,1,141,0
2952,239,4,5294,1,125,0
2953,239,3,3243,0,212,0
2954,239,4,5241,1,140,0
2955,239,3,3214,0,234,0
2956,239,4,4970,1,229,0
2957,239,4,4617,1,329,0
2958,240,4,5126,1,173,0
2959,240,4,5381,1,99,0
2960,240,4,4918,1,219,0
2961,240,4,5201,1,137,0
2962,240,4,5317,1,117,0
2963,240,4,5343,1,106,0
2964,240,4,5197,1,149,0
2965,240,3,3260,0,358,0
2966,240,3,2978,0,379,0
2967,240,4,4963,1,236,0
2968,240,4,3605,1,702,0
2969,240,4,5074,1,150,0
2970,240,4,5489,1,101,0
2971,240,2,2315,0,198,0
2972,240,4,5519,1,78,0
2973,240,4,5497,1,80,0
2974,241,0,96,0,176,0
2975,241,4,5445,1,90,0
2976,241,4,4104,1,643,0
2977,241,4,5339,1,104,0
2978,241,4,5202,1,130,0
2979,241,4,5081,1,160,0
2980,241,4,5502,1,69,0
2981,241,4,5551,1,64,0
2982,241,4,5316,1,115,0
2983,241,4,5145,1,155,0
2984,241,4,5278,1,112,0
2985,241,4,5253,1,144,0
2986,241,4,5608,1,51,0
2987,241,4,5588,1,55,0
2988,241,4,5292,1,179,0
2989,241,4,5178,1,134,0
2990,241,4,5506,1,73,0
2991,241,4,5604,1,52,0
2992,241,4,5178,1,144,0
2993,241,4,5270,1,118,0
2994,241,4,5576,1,54,0
2995,241,4,4938,1,229,0
2996,241,4,5306,1,114,0
2997,241,4,5381,1,119,0
2998,241,4,5527,1,68,0
2999,242,4,4913,1,190,0
3000,242,0,0,0,101,1
3001,242,4,5175,1,133,0
3002,242,1,1265,0,211,0
3003,242,4,5568,1,58,0
3004,242,4,5292,1,112,0
3005,242,4,5123,1,150,0
3006,242,3,3396,0,156,0
3007,242,4,5524,1,66,0
3008,242,2,2354,0,156,0
3009,242,4,5058,1,158,0
3010,242,2,2308,0,258,0
3011,242,4,5104,1,157,0
3012,242,1,1209,0,148,0
3013,242,4,4748,1,290,0
3014,242,4,5242,1,154,0
3015,242,2,2091,0,144,0
3016,242,4,5519,1,75,0
3017,242,4,5565,1,62,0
3018,242,4,5243,1,139,0
3019,242,1,1315,0,261,0
3020,242,4,5560,1,60,0
3021,243,4,5394,1,117,0
3022,243,4,5440,1,83,0
3023,243,1,1311,0,389,0
3024,243,4,5279,1,119,0
3025,243,4,5276,1,134,0
3026,243,4,5086,1,195,0
3027,243,4,5440,1,105,0
3028,243,4,5449,1,84,0
3029,243,4,5429,1,95,0
3030,243,4,5403,1,88,0
3031,243,4,5279,1,130,0
3032,243,4,5342,1,131,0
3033,243,4,5261,1,148,0
3034,243,2,1951,0,223,0
3035,243,4,5459,1,81,0
3036,243,4,5459,1,89,0
3037,243,4,5195,1,126,0
3038,243,4,5327,1,122,0
3039,243,4,5413,1,97,0
3040,243,4,4281,1,443,0
3041,243,4,5525,1,73,0
3042,243,4,5323,1,104,0
3043,244,4,5183,1,159,0
3044,244,4,5615,1,53,0
3045,244,4,5508,1,64,0
3046,244,4,5529,1,67,0
3047,244,4,5546,1,60,0
3048,244,4,5381,1,92,0
3049,244,4,5499,1,67,0
3050,244,1,1123,0,251,0
3051,244,4,5298,1,105,0
3052,244,4,5421,1,93,0
3053,244,4,5220,1,152,0
3054,244,4,5587,1,54,0
3055,244,4,5465,1,76,0
3056,244,4,5465,1,102,0
3057,244,4,5485,1,72,0
3058,244,4,5492,1,88,0
3059,244,3,3257,0,219,0
3060,244,4,5587,1,56,0
3061,244,0,90,0,130,0
3062,244,4,5272,1,140,0
3063,244,4,5513,1,69,0
3064,244,4,5516,1,68,0
3065,244,4,5252,1,118,0
3066,244,4,5563,1,76,0
3067,244,4,5491,1,76,0
3068,244,4,5272,1,117,0
3069,244,4,5075,1,227,0
3070,244,1,1298,0,284,0
3071,244,4,5437,1,82,0
3072,245,1,1376,0,236,0
3073,245,4,5368,1,95,0
3074,245,4,5365,1,94,0
3075,245,4,5271,1,114,0
3076,245,4,4921,1,247,0
3077,245,1,1217,0,137,0
3078,245,2,2062,0,663,0
3079,245,4,5217,1,131,0
3080,245,4,5425,1,83,0
3081,245,4,5465,1,76,0
3082,245,4,5073,1,215,0
3083,245,4,5501,1,112,0
3084,245,4,5350,1,105,0
3085,245,4,5165,1,136,0
3086,245,4,5285,1,110,0
3087,245,4,5414,1,88,0
3088,245,4,5271,1,118,0
3089,245,4,5585,1,53,0
3090,245,4,5540,1,69,0
3091,245,4,5513,1,76,0
3092,245,4,5594,1,61,0
3093,245,4,5605,1,51,0
3094,245,4,4977,1,177,0
3095,246,0,98,0,143,0
3096,246,4,5411,1,90,0
3097,246,4,5405,1,91,0
3098,246,4,5128,1,140,0
3099,246,4,5588,1,61,0
3100,246,0,0,0,101,1
3101,246,4,5394,1,98,0
3102,246,0,94,0,201,0
3103,246,4,5479,1,78,0
3104,246,4,5099,1,145,0
3105,246,4,5256,1,115,0
3106,246,4,5630,1,44,0
3107,246,4,5399,1,91,0
3108,246,1,1129,0,189,0
3109,246,4,5542,1,65,0
3110,246,4,5106,1,194,0
3111,246,1,1113,0,166,0
3112,246,1,1146,0,148,0
3113,246,4,5576,1,65,0
3114,246,4,5395,1,86,0
3115,246,4,5566,1,58,0
3116,246,2,2142,0,230,0
3117,246,4,5331,1,125,0
3118,246,4,5238,1,118,0
3119,246,4,5276,1,118,0
3120,246,4,5514,1,71,0
3121,246,4,5529,1,64,0
3122,246,4,5622,1,46,0
3123,246,4,5338,1,114,0
3124,247,2,2167,0,512,0
3125,247,4,5483,1,75,0
3126,247,4,5547,1,59,0
3127,247,4,4886,1,189,0
3128,247,4,5457,1,77,0
3129,247,4,5540,1,70,0
3130,247,4,5285,1,208,0
3131,247,3,3185,0,263,0
3132,247,4,5227,1,122,0
3133,247,1,1157,0,268,0
3134,247,1,1306,0,637,0
3135,247,2,2104,0,138,0
3136,247,4,5615,1,46,0
3137,247,4,4712,1,270,0
3138,247,4,5518,1,65,0
3139,247,4,5310,1,119,0
3140,248,4,4132,1,443,0
3141,248,4,5143,1,209,0
3142,248,4,5305,1,107,0
3143,248,4,5437,1,81,0
3144,248,4,5461,1,84,0
3145,248,4,5326,1,105,0
3146,248,4,5571,1,58,0
3147,248,4,5332,1,103,0
3148,248,4,5571,1,55,0
3149,248,4,4940,1,182,0
3150,248,4,5408,1,85,0
3151,248,4,5502,1,68,0
3152,248,4,4978,1,196,0
3153,248,4,4722,1,285,0
3154,248,4,5536,1,66,0
3155,248,4,5355,1,96,0
3156,248,4,4447,1,305,0
3157,248,4,5315,1,102,0
3158,248,1,1369,0,610,0
3159,248,4,4929,1,239,0
3160,249,4,5645,1,40,0
3161,249,4,5136,1,137,0
3162,249,1,1352,0,637,0
3163,249,4,5612,1,53,0
3164,249,4,4601,1,255,0
3165,249,4,5398,1,119,0
3166,249,4,5431,1,85,0
3167,249,4,5413,1,93,0
3168,249,4,5328,1,117,0
3169,249,4,5386,1,110,0
3170,249,4,5535,1,62,0
3171,249,4,5086,1,147,0
3172,249,4,5573,1,62,0
3173,249,0,89,0,182,0
3174,249,4,5396,1,89,0
3175,249,4,4505,1,374,0
3176,249,2,2207,0,353,0
3177,250,4,4509,1,342,0
3178,250,4,5501,1,69,0
3179,250,4,5554,1,66,0
3180,250,4,5389,1,122,0
3181,250,4,5551,1,62,0
3182,250,1,1153,0,315,0
3183,250,4,5507,1,68,0
3184,250,4,5376,1,93,0
3185,250,4,5263,1,115,0
3186,250,4,5437,1,86,0
3187,250,4,4993,1,178,0
3188,250,4,5571,1,57,0
3189,250,4,5614,1,48,0
3190,250,4,5077,1,164,0
3191,250,4,5605,1,54,0
3192,250,4,3731,1,668,0
3193,250,4,5344,1,99,0
3194,250,4,5498,1,71,0
3195,250,4,5537,1,67,0
3196,250,4,5489,1,73,0
3197,251,3,2670,0,875,0
3198,251,4,5470,1,82,0
3199,251,4,5452,1,78,0
3200,251,0,0,0,101,1
3201,251,4,5351,1,103,0
3202,251,3,3198,0,367,0
3203,251,3,3383,0,289,0
3204,251,4,5428,1,92,0
3205,251,4,5515,1,66,0
3206,251,4,5532,1,61,0
3207,251,4,5535,1,64,0
3208,251,4,5425,1,87,0
3209,251,2,1926,0,587,0
3210,251,4,5252,1,122,0
3211,251,4,5561,1,58,0
3212,251,4,5362,1,111,0
3213,251,4,5470,1,74,0
3214,251,0,93,0,237,0
3215,251,4,4844,1,193,0
3216,251,4,5600,1,55,0
3217,251,4,4913,1,213,0
3218,252,4,5195,1,157,0
3219,252,4,5389,1,122,0
3220,252,4,5206,1,126,0
3221,252,4,5491,1,72,0
3222,252,4,5157,1,175,0
3223,252,4,5117,1,142,0
3224,252,4,5588,1,52,0
3225,252,1,1350,0,277,0
3226,252,4,5450,1,86,0
3227,252,4,5346,1,143,0
3228,252,1,1335,0,322,0
3229,252,4,5202,1,156,0
3230,252,4,5203,1,128,0
3231,252,4,5058,1,153,0
3232,252,4,5613,1,46,0
3233,252,4,5232,1,116,0
3234,252,4,5304,1,107,0
3235,252,4,5269,1,111,0
3236,252,4,5440,1,86,0
3237,252,4,5160,1,153,0
3238,252,4,5463,1,82,0
3239,252,4,5532,1,75,0
3240,252,4,5399,1,93,0
3241,253,4,4730,1,305,0
3242,253,4,5563,1,73,0
3243,253,4,4618,1,338,0
3244,253,4,5490,1,70,0
3245,253,4,5516,1,65,0
3246,253,4,5457,1,78,0
3247,253,4,5597,1,51,0
3248,253,4,5367,1,105,0
3249,253,4,5337,1,97,0
3250,253,4,5212,1,162,0
3251,253,4,5239,1,139,0
3252,253,4,5541,1,65,0
3253,253,4,5550,1,63,0
3254,253,3,2966,0,412,0
3255,253,4,5483,1,76,0
3256,253,4,4165,1,364,0
3257,253,4,5504,1,70,0
3258,253,4,5045,1,165,0
3259,253,4,5479,1,73,0
3260,253,4,5424,1,91,0
3261,253,4,5065,1,178,0
3262,253,4,5433,1,90,0
3263,253,3,3123,0,312,0
3264,254,3,2788,0,538,0
3265,254,4,5215,1,137,0
3266,254,2,1934,0,721,0
3267,254,4,5350,1,142,0
3268,254,4,5338,1,145,0
3269,254,1,1188,0,387,0
3270,254,4,5281,1,137,0
3271,254,4,5115,1,194,0
3272,254,4,5026,1,164,0
3273,254,4,5381,1,89,0
3274,254,4,5337,1,97,0
3275,254,1,1326,0,235,0
3276,255,3,2831,0,540,0
3277,255,4,5503,1,66,0
3278,255,4,4854,1,214,0
3279,255,4,5473,1,74,0
3280,255,4,5590,1,52,0
3281,255,4,5438,1,80,0
3282,255,4,5419,1,82,0
3283,255,4,4658,1,282,0
3284,255,4,5393,1,101,0
3285,255,4,5570,1,56,0
3286,255,4,4847,1,205,0
3287,255,4,5498,1,71,0
3288,255,4,5552,1,59,0
3289,255,4,5245,1,117,0
3290,255,4,5458,1,85,0
3291,255,4,5458,1,84,0
3292,255,4,5563,1,56,0
3293,255,4,5440,1,80,0
3294,255,4,4915,1,266,0
3295,255,4,5321,1,129,0
3296,255,4,5423,1,89,0
3297,255,4,5434,1,94,0
3298,255,4,5554,1,60,0
3299,255,4,5609,1,48,0
3300,255,0,0,0,101,1
3301,255,4,5575,1,53,0
3302,255,4,5223,1,122,0
3303,255,4,5403,1,94,0
3304,256,1,1235,0,279,0
3305,256,4,5500,1,105,0
3306,256,4,5491,1,79,0
3307,256,4,5564,1,57,0
3308,256,4,5586,1,56,0
3309,256,4,5528,1,62,0
3310,256,3,3254,0,152,0
3311,256,4,5511,1,95,0
3312,256,1,1377,0,740,0
3313,256,4,4294,1,434,0
3314,256,4,5537,1,62,0
3315,256,4,5505,1,67,0
3316,256,4,5588,1,50,0
3317,256,4,4366,1,462,0
3318,256,4,5381,1,92,0
3319,256,4,5234,1,116,0
3320,256,4,5619,1,47,0
3321,256,4,5514,1,67,0
3322,256,4,5023,1,203,0
3323,256,4,5570,1,59,0
3324,256,4,5476,1,75,0
3325,257,4,5351,1,151,0
3326,257,4,5580,1,55,0
3327,257,4,5482,1,71,0
3328,257,0,250,0,477,0
3329,257,4,4601,1,255,0
3330,257,4,5497,1,73,0
3331,257,4,4640,1,260,0
3332,257,4,5260,1,116,0
3333,257,4,5605,1,49,0
3334,257,4,5560,1,67,0
3335,257,4,5489,1,107,0
3336,257,4,5471,1,75,0
3337,257,4,5534,1,67,0
3338,257,4,5630,1,44,0
3339,257,4,5467,1,74,0
3340,257,4,5219,1,127,0
3341,257,4,5519,1,66,0
3342,257,4,5228,1,136,0
3343,257,4,5432,1,83,0
3344,257,4,5174,1,175,0
3345,257,4,5061,1,155,0
3346,257,4,5482,1,76,0
3347,257,4,5442,1,77,0
3348,257,4,5480,1,72,0
3349,257,4,5573,1,55,0
3350,257,0,0,0,135,0
3351,258,1,1277,0,289,0
3352,258,4,5578,1,54,0
3353,258,4,5101,1,153,0
3354,258,4,5511,1,66,0
3355,258,4,5405,1,92,0
3356,258,4,5275,1,117,0
3357,258,4,5369,1,92,0
3358,258,4,5330,1,103,0
3359,258,4,5528,1,71,0
3360,258,4,5486,1,76,0
3361,258,1,1238,0,217,0
3362,258,1,1191,0,200,0
3363,258,1,1291,0,196,0
3364,258,1,1129,0,161,0
3365,258,4,4759,1,220,0
3366,258,4,5427,1,86,0
3367,258,4,5228,1,119,0
3368,258,4,4900,1,229,0
3369,258,4,5346,1,104,0
3370,258,4,5238,1,120,0
3371,258,0,92,0,126,0
3372,258,4,5539,1,83,0
3373,258,2,1950,0,223,0
3374,258,4,5494,1,72,0
3375,258,4,5519,1,66,0
3376,259,2,2227,0,467,0
3377,259,4,5146,1,142,0
3378,259,4,5412,1,92,0
3379,259,0,96,0,220,0
3380,259,4,5402,1,87,0
3381,259,4,5376,1,97,0
3382,259,4,5129,1,138,0
3383,259,4,5036,1,187,0
3384,259,4,5285,1,110,0
3385,259,1,1277,0,181,0
3386,259,4,5238,1,119,0
3387,259,0,95,0,110,0
3388,259,0,97,0,266,0
3389,259,4,5429,1,82,0
3390,259,4,4928,1,205,0
3391,259,3,3223,0,165,0
3392,259,4,4986,1,174,0
3393,259,4,5341,1,96,0
3394,259,0,90,0,133,0
3395,259,4,5482,1,71,0
3396,259,4,5617,1,45,0
3397,260,4,5145,1,157,0
3398,260,4,5463,1,79,0
3399,260,4,5407,1,86,0
3400,260,0,0,0,101,1
3401,260,4,5445,1,81,0
3402,260,4,5398,1,89,0
3403,260,4,5396,1,88,0
3404,260,4,5326,1,100,0
3405,260,4,5387,1,89,0
3406,260,4,5387,1,104,0
3407,260,4,5132,1,140,0
3408,260,4,5539,1,60,0
3409,260,4,5538,1,60,0
3410,260,4,5301,1,103,0
3411,260,4,5418,1,84,0
3412,260,4,5382,1,91,0
3413,260,1,1314,0,761,0
3414,260,4,5300,1,162,0
3415,260,2,2197,0,227,0
3416,260,4,5380,1,106,0
3417,260,4,5551,1,62,0
3418,260,4,5499,1,67,0
3419,260,4,5073,1,148,0
3420,260,4,5417,1,86,0
3421,260,4,5480,1,79,0
3422,260,4,5522,1,65,0
3423,261,4,5413,1,120,0
3424,261,4,5597,1,51,0
3425,261,4,5478,1,74,0
3426,261,4,5524,1,65,0
3427,261,4,5332,1,102,0
3428,261,4,5239,1,124,0
3429,261,4,5316,1,110,0
3430,261,4,5506,1,73,0
3431,261,4,5572,1,54,0
3432,261,4,5387,1,99,0
3433,261,4,5629,1,45,0
3434,261,1,1356,0,266,0
3435,261,4,5217,1,133,0
3436,261,4,5298,1,111,0
3437,261,4,5460,1,76,0
3438,261,4,5229,1,127,0
3439,261,4,4696,1,333,0
3440,261,4,5520,1,70,0
3441,261,4,5399,1,87,0
3442,261,1,1252,0,206,0
3443,261,4,5235,1,119,0
3444,261,4,5279,1,120,0
3445,261,4,5562,1,57,0
3446,261,4,5585,1,56,0
3447,261,3,3111,0,325,0
3448,261,0,0,0,143,0
3449,261,4,5363,1,93,0
3450,261,4,5571,1,57,0
3451,262,4,5379,1,92,0
3452,262,4,4811,1,295,0
3453,262,4,5431,1,84,0
3454,262,4,4751,1,310,0
3455,262,4,5197,1,124,0
3456,262,4,4932,1,182,0
3457,262,4,5287,1,114,0
3458,262,4,5604,1,53,0
3459,262,4,4457,1,504,0
3460,262,4,5482,1,89,0
3461,262,4,5395,1,89,0
3462,262,4,5522,1,65,0
3463,262,4,5217,1,167,0
3464,262,4,4867,1,189,0
3465,262,4,5479,1,72,0
3466,262,4,5602,1,51,0
3467,262,2,2131,0,289,0
3468,262,4,5345,1,96,0
3469,263,1,1236,0,431,0
3470,263,4,5265,1,163,0
3471,263,4,5511,1,68,0
3472,263,3,3095,0,261,0
3473,263,4,5594,1,51,0
3474,263,4,5515,1,65,0
3475,263,1,1346,0,200,0
3476,263,1,1360,0,550,0
3477,263,4,5602,1,70,0
3478,263,4,5239,1,120,0
3479,263,4,5487,1,73,0
3480,263,4,5578,1,55,0
3481,263,4,5015,1,167,0
3482,263,4,4912,1,186,0
3483,263,4,5558,1,62,0
3484,263,4,5344,1,98,0
3485,263,3,3101,0,185,0
3486,263,1,1268,0,260,0
3487,263,4,5571,1,56,0
3488,263,4,5517,1,67,0
3489,263,4,5340,1,100,0
3490,263,4,5493,1,77,0
3491,263,3,3011,0,245,0
3492,264,4,4252,1,444,0
3493,264,4,5484,1,78,0
3494,264,4,5448,1,76,0
3495,264,4,5119,1,139,0
3496,264,4,5124,1,140,0
3497,264,4,5271,1,119,0
3498,264,4,5239,1,147,0
3499,264,4,5512,1,66,0
3500,264,0,0,0,101,1
3501,264,4,5554,1,60,0
3502,264,4,5484,1,84,0
3503,264,4,5299,1,111,0
3504,264,4,5304,1,106,0
3505,264,4,5317,1,101,0
3506,264,4,5373,1,98,0
3507,264,4,5200,1,179,0
3508,264,4,5584,1,55,0
3509,264,1,1194,0,138,0
3510,264,4,4732,1,288,0
3511,264,4,5354,1,97,0
3512,264,4,5023,1,188,0
3513,264,4,5611,1,49,0
3514,264,4,5441,1,96,0
3515,264,4,5392,1,99,0
3516,265,1,1197,0,204,0
3517,265,2,1947,0,398,0
3518,265,4,5026,1,165,0
3519,265,1,1361,0,237,0
3520,265,4,5165,1,226,0
3521,265,4,5518,1,69,0
3522,265,4,5381,1,92,0
3523,265,0,0,0,116,0
3524,265,4,4667,1,288,0
3525,265,1,1248,0,412,0
3526,265,4,5590,1,54,0
3527,265,4,5457,1,92,0
3528,265,4,5574,1,56,0
3529,265,4,5138,1,198,0
3530,265,4,5274,1,138,0
3531,265,4,5303,1,111,0
3532,265,4,5291,1,106,0
3533,265,4,5606,1,51,0
3534,265,4,5282,1,148,0
3535,265,4,5234,1,169,0
3536,266,4,5317,1,105,0
3537,266,1,1367,0,392,0
3538,266,4,5584,1,54,0
3539,266,4,5464,1,81,0
3540,266,4,5406,1,89,0
3541,266,4,5441,1,76,0
3542,266,1,1368,0,173,0
3543,266,4,5332,1,111,0
3544,266,4,5621,1,45,0
3545,266,4,5170,1,157,0
3546,266,4,5410,1,89,0
3547,266,4,5235,1,126,0
3548,266,4,5543,1,62,0
3549,266,1,1344,0,349,0
3550,266,4,5524,1,65,0
3551,266,4,5494,1,71,0
3552,266,4,5360,1,101,0
3553,266,4,4833,1,269,0
3554,266,4,5045,1,168,0
3555,266,4,5527,1,64,0
3556,266,1,1345,0,400,0
3557,266,4,5433,1,82,0
3558,266,4,5591,1,55,0
3559,266,4,5557,1,62,0
3560,267,1,1301,0,337,0
3561,267,4,5357,1,114,0
3562,267,4,5098,1,149,0
3563,267,4,5208,1,127,0
3564,267,3,2519,0,739,0
3565,267,1,1352,0,196,0
3566,267,4,5576,1,67,0
3567,267,4,5323,1,109,0
3568,267,4,5529,1,62,0
3569,267,4,5386,1,99,0
3570,267,4,5142,1,138,0
3571,267,4,5412,1,84,0
3572,267,4,5524,1,68,0
3573,267,4,5357,1,98,0
3574,267,4,5391,1,98,0
3575,267,4,5480,1,71,0
3576,267,4,5622,1,48,0
3577,267,4,5328,1,99,0
3578,267,4,5239,1,116,0
3579,267,1,1330,0,463,0
3580,268,4,5621,1,48,0
3581,268,1,1020,0,285,0
3582,268,4,5427,1,82,0
3583,268,4,5319,1,104,0
3584,268,4,5195,1,128,0
3585,268,4,5564,1,61,0
3586,268,4,5395,1,98,0
3587,268,0,0,0,120,0
3588,268,4,5586,1,51,0
3589,268,4,5549,1,59,0
3590,268,4,5271,1,116,0
3591,268,4,4590,1,401,0
3592,268,3,3189,0,264,0
3593,268,4,5031,1,157,0
3594,268,4,5521,1,91,0
3595,268,4,5515,1,69,0
3596,268,4,4982,1,271,0
3597,268,4,5059,1,154,0
3598,268,4,5498,1,69,0
3599,268,4,4148,1,409,0
3600,268,0,0,0,101,1
3601,269,4,5416,1,82,0
3602,269,4,5544,1,65,0
3603,269,4,5314,1,105,0
3604,269,4,5565,1,58,0
3605,269,4,5325,1,165,0
3606,269,4,5436,1,77,0
3607,269,4,5306,1,109,0
3608,269,4,5339,1,105,0
3609,269,4,5285,1,147,0
3610,269,4,5315,1,103,0
3611,269,4,5447,1,78,0
3612,269,1,1153,0,214,0
3613,269,4,5276,1,109,0
3614,269,4,5565,1,55,0
3615,269,1,1279,0,186,0
3616,269,0,0,0,116,0
3617,269,4,5188,1,167,0
3618,269,4,5539,1,73,0
3619,269,0,0,0,110,0
3620,269,4,5263,1,161,0
3621,269,4,5333,1,118,0
3622,269,4,5615,1,46,0
3623,269,4,4646,1,330,0
3624,269,4,5613,1,48,0
3625,270,2,2222,0,595,0
3626,270,4,5469,1,73,0
3627,270,4,5361,1,101,0
3628,270,4,5486,1,72,0
3629,270,4,5441,1,77,0
3630,270,4,5243,1,127,0
3631,270,4,5263,1,113,0
3632,270,4,5066,1,150,0
3633,270,4,5292,1,109,0
3634,270,4,4888,1,226,0
3635,270,4,4434,1,380,0
3636,270,0,84,0,170,0
3637,270,4,5517,1,68,0
3638,270,3,3032,0,325,0
3639,270,0,0,0,152,0
3640,270,4,5545,1,65,0
3641,270,4,5140,1,141,0
3642,270,4,4692,1,265,0
3643,270,4,5539,1,62,0
3644,270,4,5620,1,48,0
3645,270,4,5515,1,67,0
3646,270,4,5544,1,59,0
3647,270,4,5490,1,75,0
3648,270,4,5312,1,152,0
3649,270,4,5634,1,42,0
3650,271,4,5491,1,110,0
3651,271,4,5598,1,53,0
3652,271,0,281,0,269,0
3653,271,2,2072,0,399,0
3654,271,4,5465,1,82,0
3655,271,4,5399,1,87,0
3656,271,4,5273,1,166,0
3657,271,4,5480,1,72,0
3658,271,4,5256,1,115,0
3659,271,4,5514,1,68,0
3660,271,4,5476,1,75,0
3661,271,4,4676,1,238,0
3662,271,4,5296,1,179,0
3663,271,4,5484,1,70,0
3664,271,1,1085,0,193,0
3665,271,4,5410,1,89,0
3666,271,4,5353,1,100,0
3667,271,4,5521,1,78,0
3668,271,4,5548,1,78,0
3669,271,4,5368,1,124,0
3670,271,1,1269,0,263,0
3671,271,4,5056,1,172,0
3672,271,4,5524,1,81,0
3673,271,4,5595,1,52,0
3674,272,4,5273,1,121,0
3675,272,4,5126,1,141,0
3676,272,4,5556,1,61,0
3677,272,4,5391,1,88,0
3678,272,4,5022,1,169,0
3679,272,4,5116,1,165,0
3680,272,4,5083,1,148,0
3681,272,3,3408,0,131,0
3682,272,4,5411,1,93,0
3683,272,4,5296,1,113,0
3684,272,4,5403,1,89,0
3685,272,4,5511,1,73,0
3686,272,4,5505,1,80,0
3687,272,1,1272,0,244,0
3688,272,0,98,0,250,0
3689,272,4,5572,1,55,0
3690,272,4,5374,1,101,0
3691,272,4,5509,1,72,0
3692,272,4,5593,1,51,0
3693,272,4,5574,1,61,0
3694,272,4,5574,1,56,0
3695,272,4,5100,1,149,0
3696,272,4,4758,1,213,0
3697,272,4,5623,1,45,0
3698,272,4,5507,1,71,0
3699,272,4,5244,1,116,0
3700,272,0,0,0,101,1
3701,272,4,5338,1,109,0
3702,272,4,5149,1,140,0
3703,273,4,5417,1,112,0
3704,273,4,5414,1,138,0
3705,273,4,5571,1,54,0
3706,273,4,5498,1,70,0
3707,273,4,5568,1,56,0
3708,273,4,5435,1,80,0
3709,273,3,2981,0,205,0
3710,273,4,5032,1,200,0
3711,273,4,5484,1,77,0
3712,273,4,5095,1,144,0
3713,273,4,5440,1,81,0
3714,273,4,5114,1,152,0
3715,273,4,5547,1,68,0
3716,273,4,5181,1,126,0
3717,273,4,5161,1,132,0
3718,273,4,5212,1,125,0
3719,273,4,5278,1,117,0
3720,273,4,5626,1,45,0
3721,273,4,5594,1,54,0
3722,273,4,4445,1,396,0
3723,273,4,5258,1,122,0
3724,273,4,5405,1,97,0
3725,273,4,5476,1,73,0
3726,273,2,1932,0,307,0
3727,273,4,5572,1,54,0
3728,273,4,5119,1,141,0
3729,274,2,2126,0,183,0
3730,274,4,5464,1,74,0
3731,274,4,5128,1,143,0
3732,274,4,4843,1,259,0
3733,274,4,5638,1,43,0
3734,274,4,5334,1,135,0
3735,274,3,3371,0,215,0
3736,274,4,5547,1,58,0
3737,274,4,5551,1,70,0
3738,274,4,5435,1,82,0
3739,274,4,5158,1,134,0
3740,274,4,4958,1,208,0
3741,274,4,5556,1,58,0
3742,274,4,5495,1,70,0
3743,274,4,5485,1,77,0
3744,274,3,3259,0,190,0
3745,274,4,5187,1,129,0
3746,274,4,4825,1,252,0
3747,274,0,95,0,292,0
3748,274,4,5613,1,47,0
3749,274,4,5374,1,100,0
3750,275,4,3252,1,928,0
3751,275,2,2280,0,199,0
3752,275,4,5202,1,125,0
3753,275,4,5404,1,91,0
3754,275,4,5579,1,55,0
3755,275,4,5226,1,144,0
3756,275,4,4979,1,196,0
3757,275,4,5437,1,86,0
3758,275,4,4468,1,337,0
3759,275,4,5310,1,107,0
3760,275,4,5422,1,83,0
3761,275,4,5301,1,117,0
3762,275,4,5468,1,77,0
3763,275,4,5313,1,106,0
3764,275,4,5435,1,79,0
3765,275,4,5289,1,107,0
3766,275,4,5443,1,83,0
3767,275,1,1372,0,196,0
3768,275,4,5513,1,76,0
3769,275,4,5433,1,82,0
3770,275,4,5188,1,126,0
3771,275,4,5240,1,116,0
3772,276,1,1347,0,434,0
3773,276,4,5601,1,50,0
3774,276,4,4501,1,382,0
3775,276,4,5504,1,68,0
3776,276,4,5540,1,61,0
3777,276,4,5307,1,103,0
3778,276,4,4989,1,177,0
3779,276,4,5159,1,178,0
3780,276,4,5476,1,81,0
3781,276,4,5560,1,60,0
3782,276,4,5485,1,90,0
3783,276,4,5616,1,46,0
3784,276,4,5460,1,77,0
3785,276,4,5218,1,124,0
3786,276,4,5301,1,110,0
3787,276,4,5282,1,106,0
3788,276,4,5200,1,174,0
3789,276,4,5569,1,57,0
3790,276,4,5219,1,138,0
3791,276,4,5538,1,63,0
3792,276,4,5546,1,62,0
3793,276,4,4994,1,229,0
3794,276,4,5475,1,74,0
3795,276,4,5374,1,92,0
3796,276,4,5376,1,93,0
3797,276,4,5038,1,209,0
3798,276,4,5472,1,78,0
3799,277,1,1257,0,137,0
3800,277,0,0,0,101,1
3801,277,4,5452,1,82,0
3802,277,4,5414,1,85,0
3803,277,4,5383,1,89,0
3804,277,4,5278,1,112,0
3805,277,4,4690,1,236,0
3806,277,4,5129,1,156,0
3807,277,4,5348,1,97,0
3808,277,4,5295,1,108,0
3809,277,4,5584,1,51,0
3810,277,4,5493,1,73,0
3811,277,4,5501,1,77,0
3812,277,4,4512,1,338,0
3813,277,4,5237,1,142,0
3814,277,4,5302,1,110,0
3815,277,4,4908,1,184,0
3816,277,4,4851,1,265,0
3817,277,4,5443,1,78,0
3818,277,4,5581,1,56,0
3819,277,4,4993,1,179,0
3820,277,4,5173,1,136,0
3821,277,4,5160,1,140,0
3822,277,4,5532,1,68,0
3823,277,4,4915,1,196,0
3824,278,4,5577,1,60,0
3825,278,4,5093,1,145,0
3826,278,4,5547,1,62,0
3827,278,2,2090,0,143,0
3828,278,4,5231,1,119,0
3829,278,4,4955,1,173,0
3830,278,4,5411,1,93,0
3831,278,0,181,0,141,0
3832,278,4,5359,1,148,0
3833,278,1,1188,0,171,0
3834,278,4,5086,1,151,0
3835,278,4,4813,1,212,0
3836,278,4,5348,1,95,0
3837,278,4,5007,1,185,0
3838,278,4,4580,1,308,0
3839,278,2,2029,0,180,0
3840,278,0,91,0,192,0
3841,278,4,5259,1,116,0
3842,278,4,5560,1,60,0
3843,278,4,5125,1,175,0
3844,278,3,3162,0,258,0
3845,278,4,5560,1,67,0
3846,279,4,5298,1,109,0
3847,279,4,5428,1,84,0
3848,279,4,5485,1,76,0
3849,279,4,5458,1,80,0
3850,279,4,5504,1,69,0
3851,279,4,5513,1,68,0
3852,279,4,5537,1,64,0
3853,279,4,5054,1,232,0
3854,279,4,5588,1,53,0
3855,279,4,5247,1,124,0
3856,279,4,5596,1,52,0
3857,279,4,4957,1,189,0
3858,279,4,4991,1,206,0
3859,279,4,5265,1,119,0
3860,279,4,5422,1,85,0
3861,279,4,5473,1,74,0
3862,279,4,5165,1,131,0
3863,279,4,5420,1,103,0
3864,279,4,5275,1,122,0
3865,279,1,1121,0,291,0
3866,279,4,5382,1,90,0
3867,279,4,5374,1,100,0
3868,279,4,5162,1,141,0
3869,279,4,5236,1,116,0
3870,279,4,5299,1,114,0
3871,279,4,5189,1,141,0
3872,279,4,5153,1,159,0
3873,280,4,5122,1,146,0
3874,280,4,5464,1,87,0
3875,280,4,5186,1,137,0
3876,280,4,5034,1,171,0
3877,280,4,5182,1,154,0
3878,280,4,5334,1,106,0
3879,280,4,4972,1,176,0
3880,280,4,5597,1,51,0
3881,280,2,2145,0,859,0
3882,280,4,5348,1,97,0
3883,280,4,5207,1,170,0
3884,280,4,5372,1,96,0
3885,280,4,5494,1,69,0
3886,280,4,5364,1,104,0
3887,280,4,5334,1,99,0
3888,280,2,2255,0,205,0
3889,280,1,1106,0,226,0
3890,280,4,5196,1,138,0
3891,280,4,5079,1,154,0
3892,280,4,5584,1,56,0
3893,281,4,5170,1,147,0
3894,281,4,4842,1,224,0
3895,281,4,5105,1,163,0
3896,281,4,5607,1,51,0
3897,281,4,4994,1,199,0
3898,281,1,1088,0,146,0
3899,281,4,5219,1,131,0
3900,281,0,0,0,101,1
3901,281,1,1250,0,215,0
3902,281,4,4817,1,215,0
3903,281,1,1079,0,219,0
3904,281,3,3292,0,169,0
3905,281,4,5116,1,159,0
3906,281,4,5238,1,137,0
3907,281,4,4970,1,203,0
3908,281,4,5382,1,101,0
3909,281,0,0,0,141,0
3910,281,1,1177,0,281,0
3911,281,4,4907,1,249,0
3912,281,4,5471,1,78,0
3913,282,4,5308,1,144,0
3914,282,4,5255,1,119,0
3915,282,4,4829,1,244,0
3916,282,4,4984,1,200,0
3917,282,4,5175,1,135,0
3918,282,4,5462,1,78,0
3919,282,4,5396,1,97,0
3920,282,4,4725,1,227,0
3921,282,4,5221,1,148,0
3922,282,4,5293,1,117,0
3923,282,1,1343,0,262,0
3924,282,4,5214,1,132,0
3925,282,4,4976,1,203,0
3926,282,4,5117,1,169,0
3927,282,4,5094,1,170,0
3928,282,4,5383,1,101,0
3929,282,4,5288,1,115,0
3930,282,4,5563,1,57,0
3931,282,3,3413,0,170,0
3932,282,4,4945,1,201,0
3933,283,1,1178,0,363,0
3934,283,4,5057,1,179,0
3935,283,4,4720,1,301,0
3936,283,4,5443,1,86,0
3937,283,3,2940,0,296,0
3938,283,1,1367,0,204,0
3939,283,4,5181,1,137,0
3940,283,4,4708,1,268,0
3941,283,4,5201,1,127,0
3942,283,4,5216,1,122,0
3943,283,1,1144,0,229,0
3944,283,4,5389,1,97,0
3945,283,4,5234,1,120,0
3946,283,4,5525,1,67,0
3947,283,4,4774,1,221,0
3948,283,4,5538,1,64,0
3949,283,4,4970,1,201,0
3950,283,4,4701,1,264,0
3951,284,4,4899,1,208,0
3952,284,4,5523,1,65,0
3953,284,1,1073,0,213,0
3954,284,4,4862,1,236,0
3955,284,4,5571,1,56,0
3956,284,4,5390,1,91,0
3957,284,4,5025,1,193,0
3958,284,4,4955,1,194,0
3959,284,4,5433,1,86,0
3960,284,4,5364,1,97,0
3961,284,1,1037,0,165,0
3962,284,1,994,0,250,0
3963,284,1,1078,0,249,0
3964,284,4,5207,1,130,0
3965,284,4,5350,1,131,0
3966,284,4,5283,1,139,0
3967,284,4,5098,1,171,0
3968,284,3,3390,0,231,0
3969,285,1,1336,0,591,0
3970,285,4,5222,1,120,0
3971,285,4,4683,1,237,0
3972,285,3,3022,0,202,0
3973,285,4,5417,1,90,0
3974,285,4,4841,1,302,0
3975,285,1,1171,0,221,0
3976,285,4,4684,1,307,0
3977,285,4,5231,1,152,0
3978,285,1,1178,0,215,0
3979,285,4,5566,1,57,0
3980,285,4,4782,1,286,0
3981,285,4,5392,1,90,0
3982,285,4,5168,1,135,0
3983,285,4,5486,1,73,0
3984,285,4,5416,1,84,0
3985,286,1,1357,0,476,0
3986,286,3,3191,0,173,0
3987,286,4,5453,1,85,0
3988,286,4,5241,1,133,0
3989,286,4,5270,1,115,0
3990,286,1,1183,0,278,0
3991,286,4,5468,1,74,0
3992,286,1,1137,0,249,0
3993,286,2,2208,0,293,0
3994,286,4,5314,1,116,0
3995,286,4,5084,1,170,0
3996,286,4,5117,1,164,0
3997,286,4,4962,1,202,0
3998,286,4,4595,1,338,0
3999,286,4,5242,1,133,0
4000,286,0,0,0,101,1
4001,286,4,5277,1,122,0
