1,0,1,1071,0,301,0
2,0,1,1397,0,217,0
3,0,0,99,0,229,0
4,0,0,97,0,213,0
5,1,1,1042,0,243,0
6,1,3,3319,0,343,0
7,1,2,2168,0,222,0
8,1,2,1853,0,493,0
9,1,2,2239,0,174,0
10,1,1,1308,0,164,0
11,1,3,3036,0,379,0
12,1,2,2325,0,245,0
13,1,0,94,0,791,0
14,2,0,270,0,294,0
15,2,1,1403,0,277,0
16,2,1,1036,0,351,0
17,2,0,93,0,157,0
18,2,1,1166,0,305,0
19,2,2,2122,0,260,0
20,2,1,1142,0,159,0
21,2,1,1387,0,325,0
22,2,0,98,0,324,0
23,2,0,96,0,244,0
24,2,0,96,0,171,0
25,3,0,171,0,449,0
26,3,2,2071,0,269,0
27,3,2,2469,0,220,0
28,3,2,2323,0,226,0
29,3,1,916,0,406,0
30,3,2,2229,0,221,0
31,3,0,277,0,214,0
32,3,2,2019,0,313,0
33,3,2,1946,0,466,0
34,3,2,2362,0,407,0
35,4,2,2046,0,217,0
36,4,0,189,0,180,0
37,4,2,2161,0,372,0
38,4,0,190,0,175,0
39,4,2,2143,0,186,0
40,4,2,1934,0,279,0
41,4,2,2260,0,321,0
42,4,0,76,0,407,0
43,4,0,272,0,266,0
44,4,0,93,0,196,0
45,4,0,183,0,195,0
46,4,2,2189,0,431,0
47,5,2,1857,0,397,0
48,5,1,1053,0,229,0
49,5,2,2292,0,374,0
50,5,2,1813,0,655,0
51,5,0,163,0,368,0
52,5,2,2133,0,317,0
53,5,1,1032,0,274,0
54,5,2,1780,0,426,0
55,6,2,2225,0,205,0
56,6,2,2114,0,250,0
57,6,3,2893,0,401,0
58,6,4,5292,1,135,0
59,6,0,98,0,556,0
60,6,4,3311,1,628,0
61,6,2,2076,0,302,0
62,6,4,4641,1,327,0
63,7,3,2673,0,468,0
64,7,2,2195,0,336,0
65,7,2,2115,0,301,0
66,7,4,4700,1,293,0
67,7,3,2834,0,541,0
68,7,3,3312,0,310,0
69,7,3,3216,0,388,0
70,7,4,4496,1,357,0
71,7,3,3218,0,260,0
72,8,2,2287,0,356,0
73,8,2,2018,0,200,0
74,8,2,1850,0,362,0
75,8,2,2118,0,190,0
76,8,3,3282,0,267,0
77,8,3,2920,0,432,0
78,8,2,1946,0,306,0
79,8,3,3036,0,376,0
80,8,3,3039,0,487,0
81,9,3,2673,0,709,0
82,9,2,2226,0,350,0
83,9,3,2641,0,448,0
84,9,2,2350,0,442,0
85,9,4,4497,1,392,0
86,9,2,2212,0,347,0
87,9,2,2056,0,352,0
88,10,2,1969,0,308,0
89,10,0,87,0,159,0
90,10,3,2833,0,526,0
91,10,0,83,0,234,0
92,10,2,2103,0,282,0
93,10,3,3336,0,358,0
94,10,3,2354,0,524,0
95,10,3,3134,0,498,0
96,10,1,951,0,281,0
97,11,2,2094,0,260,0
98,11,1,1070,0,205,0
99,11,3,3158,0,325,0
100,11,0,0,0,102,1
101,11,3,2884,0,532,0
102,11,2,2267,0,338,0
103,11,2,2071,0,304,0
104,11,1,963,0,245,0
105,11,1,1296,0,289,0
106,11,1,1224,0,196,0
107,12,2,2042,0,372,0
108,12,4,3734,1,743,0
109,12,3,2778,0,708,0
110,12,3,3185,0,393,0
111,12,2,2115,0,283,0
112,12,3,3072,0,604,0
113,12,0,87,0,220,0
114,13,2,2032,0,327,0
115,13,3,3117,0,358,0
116,13,3,2753,0,443,0
117,13,3,3375,0,245,0
118,13,0,96,0,216,0
119,13,3,2725,0,475,0
120,13,3,3211,0,405,0
121,13,1,1203,0,193,0
122,13,1,1046,0,191,0
123,14,2,2006,0,252,0
124,14,2,1797,0,351,0
125,14,3,3066,0,548,0
126,14,4,4632,1,322,0
127,14,3,3374,0,256,0
128,14,3,2878,0,474,0
129,14,2,1781,0,475,0
130,15,2,1819,0,418,0
131,15,3,3144,0,447,0
132,15,3,3187,0,377,0
133,15,4,4365,1,391,0
134,15,3,2827,0,463,0
135,15,3,3082,0,424,0
136,15,4,4776,1,245,0
137,15,3,3175,0,485,0
138,16,4,4499,1,318,0
139,16,0,85,0,162,0
140,16,4,4889,1,263,0
141,16,4,5092,1,204,0
142,16,1,1282,0,199,0
143,16,3,2986,0,330,0
144,16,3,2970,0,522,0
145,16,4,5033,1,244,0
146,16,4,4211,1,489,0
147,16,4,5023,1,257,0
148,16,4,5071,1,258,0
149,17,4,4332,1,391,0
150,17,4,4987,1,260,0
151,17,4,5003,1,207,0
152,17,2,2121,0,371,0
153,17,4,4858,1,251,0
154,17,0,81,0,226,0
155,17,4,5268,1,187,0
156,17,4,5168,1,186,0
157,17,1,1239,0,257,0
158,17,4,4915,1,230,0
159,17,3,3084,0,334,0
160,18,4,5057,1,241,0
161,18,4,4655,1,373,0
162,18,1,1161,0,193,0
163,18,2,1734,0,401,0
164,18,4,4681,1,301,0
165,18,3,3039,0,353,0
166,18,3,3446,0,217,0
167,18,1,1131,0,624,0
168,19,3,3078,0,500,0
169,19,4,4568,1,335,0
170,19,4,4851,1,250,0
171,19,4,4864,1,260,0
172,19,1,1066,0,314,0
173,19,3,2963,0,377,0
174,19,1,1064,0,371,0
175,19,3,2775,0,392,0
176,19,4,4727,1,347,0
177,19,4,5105,1,202,0
178,20,3,3275,0,204,0
179,20,4,4842,1,275,0
180,20,3,2656,0,565,0
181,20,0,180,0,373,0
182,20,4,4180,1,437,0
183,20,2,2219,0,192,0
184,20,3,2944,0,308,0
185,20,4,4614,1,287,0
186,20,4,4981,1,204,0
187,20,0,0,0,223,0
188,20,4,5117,1,177,0
189,21,4,4982,1,231,0
190,21,3,3156,0,306,0
191,21,4,3779,1,560,0
192,21,4,4147,1,458,0
193,21,4,4079,1,462,0
194,21,4,4359,1,416,0
195,21,4,4205,1,405,0
196,22,4,4446,1,333,0
197,22,4,5080,1,241,0
198,22,2,2116,0,451,0
199,22,4,4064,1,410,0
200,22,0,99,0,1001,1
201,22,3,2631,0,521,0
202,23,4,4389,1,383,0
203,23,3,2991,0,470,0
204,23,3,2926,0,390,0
205,23,4,5322,1,125,0
206,23,4,4809,1,220,0
207,23,4,4364,1,329,0
208,23,4,5128,1,164,0
209,23,4,4509,1,303,0
210,23,1,1167,0,236,0
211,23,4,3057,1,721,0
212,24,4,5090,1,186,0
213,24,2,1474,0,640,0
214,24,4,4216,1,367,0
215,24,4,4727,1,234,0
216,24,4,4753,1,275,0
217,24,4,4819,1,212,0
218,24,4,5438,1,89,0
219,24,4,4982,1,198,0
220,24,4,4836,1,216,0
221,24,4,5224,1,144,0
222,24,4,4930,1,194,0
223,24,4,4665,1,275,0
224,24,4,5539,1,64,0
225,25,4,4378,1,363,0
226,25,4,4130,1,487,0
227,25,1,1132,0,250,0
228,25,4,5372,1,110,0
229,25,4,4934,1,210,0
230,25,2,2395,0,329,0
231,25,4,5362,1,118,0
232,25,4,5288,1,125,0
233,25,4,5343,1,128,0
234,25,4,5427,1,110,0
235,25,1,1121,0,217,0
236,25,4,5300,1,140,0
237,25,4,5555,1,71,0
238,25,3,3319,0,337,0
239,26,4,5444,1,125,0
240,26,4,5626,1,49,0
241,26,4,5034,1,171,0
242,26,4,5061,1,200,0
243,26,4,5593,1,55,0
244,26,2,2464,0,219,0
245,26,3,3258,0,333,0
246,26,4,4955,1,233,0
247,26,4,4704,1,329,0
248,26,4,4788,1,330,0
249,26,1,1262,0,538,0
250,26,4,5234,1,153,0
251,26,4,4913,1,290,0
252,26,4,5625,1,46,0
253,26,4,5408,1,110,0
254,27,4,5528,1,68,0
255,27,4,5320,1,126,0
256,27,4,5287,1,154,0
257,27,4,5271,1,152,0
258,27,4,5500,1,83,0
259,27,4,5446,1,91,0
260,27,4,5283,1,133,0
261,27,4,5608,1,53,0
262,27,4,5300,1,147,0
263,27,4,5532,1,69,0
264,27,4,5470,1,110,0
265,27,4,5434,1,119,0
266,27,4,5177,1,176,0
267,27,4,5351,1,125,0
268,27,4,5115,1,182,0
269,27,4,5516,1,82,0
270,27,4,4535,1,353,0
271,27,2,2444,0,485,0
272,27,4,5409,1,105,0
273,27,4,5184,1,170,0
274,27,4,5515,1,73,0
275,28,4,5444,1,113,0
276,28,4,5056,1,219,0
277,28,4,5244,1,150,0
278,28,4,5512,1,88,0
279,28,4,5331,1,148,0
280,28,4,5308,1,122,0
281,28,1,1189,0,138,0
282,28,4,5202,1,171,0
283,28,4,5437,1,133,0
284,28,4,5416,1,103,0
285,28,0,99,0,132,0
286,28,4,5081,1,162,0
287,28,3,3406,0,261,0
288,28,4,5010,1,187,0
289,28,4,5291,1,125,0
290,28,2,2390,0,474,0
291,29,4,4509,1,316,0
292,29,4,5165,1,171,0
293,29,4,5299,1,116,0
294,29,4,5514,1,73,0
295,29,4,5375,1,121,0
296,29,2,2284,0,217,0
297,29,4,5347,1,113,0
298,29,4,5016,1,199,0
299,29,4,5294,1,109,0
300,29,0,99,0,1001,1
301,29,4,4915,1,249,0
302,29,4,4861,1,257,0
303,29,4,5399,1,96,0
304,29,4,5109,1,160,0
305,30,4,4762,1,237,0
306,30,4,4950,1,213,0
307,30,4,5310,1,127,0
308,30,4,5388,1,111,0
309,30,4,5084,1,160,0
310,30,4,5042,1,184,0
311,30,4,5202,1,161,0
312,30,4,5467,1,90,0
313,30,4,5451,1,86,0
314,30,1,1156,0,222,0
315,30,4,4926,1,228,0
316,30,4,4836,1,217,0
317,30,4,5510,1,69,0
318,30,4,5589,1,60,0
319,30,4,5148,1,191,0
320,30,4,4720,1,280,0
321,30,4,4508,1,281,0
322,31,4,4513,1,303,0
323,31,4,5018,1,193,0
324,31,4,4904,1,266,0
325,31,4,5308,1,111,0
326,31,4,5430,1,92,0
327,31,4,4889,1,205,0
328,31,4,5064,1,239,0
329,31,4,4795,1,219,0
330,31,4,4649,1,458,0
331,31,4,5168,1,178,0
332,31,4,4941,1,212,0
333,31,4,5238,1,124,0
334,31,4,4936,1,208,0
335,31,4,5259,1,148,0
336,31,4,5319,1,124,0
337,31,4,4822,1,222,0
338,32,4,5280,1,118,0
339,32,4,5229,1,136,0
340,32,4,5562,1,63,0
341,32,4,5473,1,76,0
342,32,4,5240,1,147,0
343,32,4,5382,1,122,0
344,32,4,4761,1,280,0
345,32,4,5202,1,145,0
346,32,4,5451,1,99,0
347,32,2,2239,0,249,0
348,32,4,5046,1,195,0
349,32,3,3130,0,250,0
350,32,4,5430,1,98,0
351,32,4,5510,1,78,0
352,32,4,5314,1,138,0
353,32,4,5542,1,66,0
354,32,4,5228,1,154,0
355,32,4,4695,1,319,0
356,32,4,4585,1,301,0
357,32,4,5302,1,121,0
358,33,4,5017,1,306,0
359,33,0,198,0,234,0
360,33,4,5076,1,205,0
361,33,1,1284,0,268,0
362,33,4,5430,1,85,0
363,33,4,4357,1,455,0
364,33,4,4506,1,284,0
365,33,2,2305,0,326,0
366,33,1,1261,0,418,0
367,33,4,5321,1,143,0
368,33,4,5425,1,100,0
369,34,4,5328,1,123,0
370,34,4,5398,1,112,0
371,34,4,5070,1,176,0
372,34,1,1208,0,234,0
373,34,4,4809,1,269,0
374,34,3,3276,0,437,0
375,34,4,5132,1,193,0
376,34,4,4140,1,379,0
377,34,4,5254,1,139,0
378,34,0,94,0,202,0
379,34,2,2218,0,640,0
380,35,4,5049,1,266,0
381,35,4,4784,1,266,0
382,35,4,5026,1,232,0
383,35,4,4351,1,418,0
384,35,4,4354,1,384,0
385,35,2,2296,0,351,0
386,35,4,5206,1,152,0
387,35,4,4774,1,252,0
388,35,4,5079,1,223,0
389,35,4,5473,1,84,0
390,35,4,5191,1,143,0
391,35,4,4626,1,271,0
392,36,4,4667,1,243,0
393,36,2,2374,0,493,0
394,36,3,3043,0,311,0
395,36,4,5252,1,143,0
396,36,4,5044,1,205,0
397,36,4,5150,1,189,0
398,36,4,5262,1,186,0
399,36,4,5199,1,140,0
400,36,0,99,0,1001,1
401,36,4,5471,1,87,0
402,37,1,1202,0,321,0
403,37,4,5558,1,65,0
404,37,4,4931,1,224,0
405,37,4,5253,1,119,0
406,37,4,4574,1,501,0
407,37,4,4300,1,370,0
408,37,4,5061,1,180,0
409,37,4,4678,1,317,0
410,37,3,3393,0,305,0
411,37,2,2309,0,394,0
412,38,3,3121,0,593,0
413,38,0,91,0,259,0
414,38,4,4531,1,327,0
415,38,4,5153,1,258,0
416,38,4,5416,1,96,0
417,38,4,4905,1,194,0
418,38,4,5169,1,150,0
419,38,4,4752,1,230,0
420,38,4,5508,1,76,0
421,38,4,5060,1,173,0
422,38,4,4487,1,433,0
423,38,4,5041,1,176,0
424,38,2,2459,0,318,0
425,39,4,5010,1,185,0
426,39,4,4398,1,405,0
427,39,4,5274,1,148,0
428,39,4,4814,1,238,0
429,39,4,4829,1,297,0
430,39,4,4717,1,271,0
431,39,4,5339,1,122,0
432,39,3,3434,0,334,0
433,39,4,4955,1,214,0
434,39,4,4942,1,216,0
435,39,4,5013,1,182,0
436,39,4,4663,1,405,0
437,40,4,5079,1,173,0
438,40,4,4903,1,248,0
439,40,4,5339,1,138,0
440,40,3,2776,0,321,0
441,40,4,5008,1,180,0
442,40,4,4987,1,220,0
443,40,4,3899,1,489,0
444,40,4,5406,1,117,0
445,40,4,5210,1,153,0
446,40,4,4817,1,279,0
447,40,4,5163,1,155,0
448,40,3,2804,0,369,0
449,40,4,5104,1,173,0
450,41,4,4935,1,224,0
451,41,4,4721,1,267,0
452,41,4,4897,1,236,0
453,41,4,5419,1,103,0
454,41,4,4391,1,359,0
455,41,4,4867,1,232,0
456,41,4,4201,1,381,0
457,41,4,4609,1,334,0
458,41,4,5078,1,167,0
459,41,4,5303,1,151,0
460,41,4,4352,1,429,0
461,41,4,5265,1,151,0
462,42,4,4966,1,261,0
463,42,4,5190,1,167,0
464,42,4,4759,1,324,0
465,42,1,1280,0,257,0
466,42,4,5275,1,118,0
467,42,4,4204,1,435,0
468,42,4,4759,1,435,0
469,42,2,2401,0,432,0
470,42,4,5187,1,177,0
471,42,3,3039,0,313,0
472,42,4,4834,1,239,0
473,43,4,5193,1,168,0
474,43,4,4912,1,229,0
475,43,4,4271,1,427,0
476,43,4,5415,1,111,0
477,43,4,4290,1,443,0
478,43,4,4127,1,592,0
479,43,4,4483,1,330,0
480,43,4,5323,1,137,0
481,44,4,4441,1,352,0
482,44,4,5434,1,109,0
483,44,4,4732,1,263,0
484,44,1,1303,0,173,0
485,44,4,5260,1,128,0
486,44,4,4968,1,209,0
487,44,4,4916,1,235,0
488,44,4,4949,1,192,0
489,44,4,4517,1,319,0
490,44,4,4591,1,375,0
491,44,0,88,0,171,0
492,44,4,5455,1,89,0
493,44,4,5377,1,111,0
494,45,4,4372,1,429,0
495,45,4,4381,1,351,0
496,45,4,4608,1,282,0
497,45,4,5025,1,288,0
498,45,4,5172,1,172,0
499,45,4,5286,1,127,0
500,45,0,99,0,1001,1
501,45,4,5164,1,149,0
502,45,4,4327,1,363,0
503,45,4,5269,1,123,0
504,46,4,5111,1,152,0
505,46,4,4855,1,230,0
506,46,4,5083,1,187,0
507,46,4,5124,1,152,0
508,46,4,4801,1,299,0
509,46,4,4815,1,230,0
510,46,4,5225,1,198,0
511,46,4,5399,1,109,0
512,46,4,4962,1,192,0
513,46,4,5030,1,200,0
514,46,4,4701,1,288,0
515,46,4,5323,1,130,0
516,46,1,1042,0,237,0
517,46,4,4742,1,388,0
518,46,4,5105,1,197,0
519,47,4,5070,1,227,0
520,47,4,4985,1,204,0
521,47,4,4944,1,263,0
522,47,4,4136,1,389,0
523,47,4,5473,1,99,0
524,47,4,5174,1,292,0
525,47,4,4769,1,315,0
526,47,4,5254,1,131,0
527,47,4,5323,1,142,0
528,47,4,4828,1,299,0
529,47,4,5423,1,95,0
530,47,4,5262,1,119,0
531,47,4,4878,1,274,0
532,48,4,4776,1,297,0
533,48,4,4987,1,256,0
534,48,4,4653,1,262,0
535,48,4,4769,1,255,0
536,48,4,5456,1,94,0
537,48,4,5309,1,113,0
538,48,4,5035,1,189,0
539,48,4,4971,1,198,0
540,48,4,4613,1,350,0
541,48,4,4813,1,285,0
542,48,4,4683,1,307,0
543,48,4,5374,1,95,0
544,48,4,4939,1,230,0
545,48,4,4995,1,182,0
546,48,4,5254,1,152,0
547,49,3,3000,0,292,0
548,49,4,4968,1,186,0
549,49,4,4849,1,214,0
550,49,4,5175,1,145,0
551,49,4,4916,1,210,0
552,49,4,5229,1,155,0
553,49,4,5139,1,150,0
554,49,4,5101,1,183,0
555,49,4,5110,1,196,0
556,49,4,5132,1,202,0
557,49,4,5313,1,145,0
558,49,4,5508,1,83,0
559,49,4,5294,1,142,0
560,49,4,5336,1,111,0
561,49,4,5238,1,175,0
562,49,4,4784,1,288,0
563,49,4,4785,1,383,0
564,49,4,5336,1,130,0
565,50,4,5167,1,160,0
566,50,4,4451,1,363,0
567,50,4,4635,1,321,0
568,50,4,5196,1,160,0
569,50,4,5177,1,178,0
570,50,4,4988,1,204,0
571,50,4,4670,1,254,0
572,50,4,5207,1,136,0
573,50,4,5325,1,132,0
574,50,3,3313,0,432,0
575,50,4,5137,1,211,0
576,50,4,5102,1,181,0
577,50,4,4933,1,193,0
578,50,4,4924,1,218,0
579,51,2,2000,0,424,0
580,51,4,5114,1,157,0
581,51,4,5188,1,142,0
582,51,4,5159,1,186,0
583,51,4,4423,1,367,0
584,51,4,5259,1,130,0
585,51,4,5276,1,119,0
586,51,4,4969,1,220,0
587,51,4,4332,1,400,0
588,51,4,4706,1,291,0
589,51,4,4581,1,394,0
590,51,4,5239,1,129,0
591,51,4,4746,1,281,0
592,52,4,5432,1,89,0
593,52,3,3483,0,468,0
594,52,4,5458,1,91,0
595,52,4,4852,1,263,0
596,52,4,5376,1,99,0
597,52,4,5174,1,204,0
598,52,4,4721,1,294,0
599,52,4,5238,1,158,0
600,52,0,99,0,1001,1
601,52,4,5513,1,76,0
602,52,4,5124,1,210,0
603,52,4,5578,1,62,0
604,52,4,5618,1,53,0
605,52,4,5116,1,167,0
606,52,4,5599,1,55,0
607,53,4,5263,1,167,0
608,53,4,5612,1,51,0
609,53,4,5332,1,152,0
610,53,4,5575,1,66,0
611,53,4,5044,1,199,0
612,53,4,5639,1,45,0
613,53,4,5367,1,129,0
614,53,4,5547,1,72,0
615,53,4,4801,1,318,0
616,53,4,5276,1,226,0
617,53,4,5383,1,133,0
618,53,4,4945,1,264,0
619,53,4,5529,1,78,0
620,53,4,5600,1,58,0
621,53,4,5648,1,43,0
622,53,4,5520,1,84,0
623,53,4,5089,1,196,0
624,53,4,4998,1,229,0
625,53,4,4940,1,328,0
626,53,4,5505,1,77,0
627,53,4,5359,1,126,0
628,54,4,4678,1,383,0
629,54,4,5299,1,161,0
630,54,4,5120,1,225,0
631,54,4,5413,1,125,0
632,54,4,5513,1,87,0
633,54,4,5519,1,69,0
634,54,4,5402,1,125,0
635,54,4,5158,1,178,0
636,54,4,5284,1,151,0
637,54,4,5025,1,260,0
638,54,4,4622,1,414,0
639,54,4,5565,1,63,0
640,54,4,5546,1,79,0
641,54,4,5401,1,153,0
642,54,4,5286,1,155,0
643,54,4,4934,1,295,0
644,54,4,4893,1,229,0
645,54,4,5473,1,94,0
646,54,4,5580,1,65,0
647,55,4,5357,1,156,0
648,55,0,0,0,311,0
649,55,4,5443,1,149,0
650,55,4,5414,1,94,0
651,55,4,5398,1,167,0
652,55,4,5594,1,59,0
653,55,4,5514,1,92,0
654,55,4,5222,1,191,0
655,55,4,5585,1,61,0
656,55,4,5646,1,45,0
657,55,4,5503,1,98,0
658,55,4,5300,1,182,0
659,55,4,4830,1,447,0
660,55,4,5411,1,160,0
661,55,4,5190,1,195,0
662,55,4,4952,1,213,0
663,55,4,5523,1,156,0
664,55,4,5406,1,122,0
665,55,4,5414,1,129,0
666,55,4,5411,1,120,0
667,55,4,5594,1,61,0
668,56,4,5308,1,127,0
669,56,4,5420,1,94,0
670,56,4,5311,1,110,0
671,56,4,5537,1,80,0
672,56,4,5320,1,154,0
673,56,4,5745,1,43,0
674,56,1,1233,0,341,0
675,56,4,5563,1,68,0
676,56,4,5493,1,80,0
677,56,4,4992,1,256,0
678,56,0,98,0,169,0
679,56,4,5397,1,106,0
680,56,4,5154,1,198,0
681,56,4,5634,1,45,0
682,56,4,5531,1,82,0
683,56,4,5552,1,71,0
684,56,1,1192,0,298,0
685,56,4,4944,1,336,0
686,56,4,5201,1,160,0
687,56,4,5067,1,237,0
688,56,4,5553,1,87,0
689,57,4,5183,1,161,0
690,57,4,5409,1,107,0
691,57,4,5436,1,99,0
692,57,4,5561,1,71,0
693,57,4,5647,1,43,0
694,57,4,5564,1,64,0
695,57,3,3564,0,186,0
696,57,4,5591,1,63,0
697,57,4,4829,1,366,0
698,57,4,5615,1,51,0
699,57,4,5509,1,115,0
700,57,2,2474,0,1001,1
701,57,4,5562,1,69,0
702,57,4,5427,1,113,0
703,57,4,4948,1,344,0
704,57,4,5571,1,66,0
705,57,4,5213,1,175,0
706,57,4,5492,1,118,0
707,57,4,5491,1,88,0
708,58,4,5328,1,168,0
709,58,4,5172,1,242,0
710,58,4,5706,1,52,0
711,58,4,5355,1,186,0
712,58,4,5407,1,116,0
713,58,4,5534,1,112,0
714,58,4,5076,1,306,0
715,58,4,5616,1,53,0
716,58,4,5526,1,92,0
717,58,4,5086,1,286,0
718,58,4,5254,1,177,0
719,58,4,4874,1,282,0
720,58,2,2408,0,248,0
721,58,4,5202,1,192,0
722,58,4,4777,1,237,0
723,58,4,5567,1,67,0
724,58,4,5494,1,91,0
725,58,4,5679,1,60,0
726,58,4,5446,1,108,0
727,58,4,5295,1,180,0
728,59,4,5542,1,76,0
729,59,4,5349,1,134,0
730,59,4,5450,1,109,0
731,59,4,5517,1,72,0
732,59,4,5567,1,68,0
733,59,4,5408,1,154,0
734,59,4,5068,1,254,0
735,59,4,5338,1,135,0
736,59,4,5247,1,190,0
737,59,4,5289,1,158,0
738,59,4,5528,1,82,0
739,59,4,5619,1,49,0
740,59,4,5621,1,52,0
741,59,4,5495,1,96,0
742,59,4,4677,1,475,0
743,59,4,5231,1,149,0
744,59,4,5434,1,109,0
745,59,4,5498,1,104,0
746,59,4,4915,1,293,0
747,59,4,5525,1,76,0
748,59,4,5571,1,65,0
749,59,4,5537,1,62,0
750,59,4,5619,1,49,0
751,59,4,5585,1,60,0
752,59,4,5546,1,79,0
753,60,4,5353,1,167,0
754,60,4,5439,1,108,0
755,60,4,5533,1,83,0
756,60,4,5634,1,45,0
757,60,4,5392,1,133,0
758,60,4,5495,1,103,0
759,60,4,5286,1,159,0
760,60,4,5493,1,93,0
761,60,4,5370,1,134,0
762,60,4,5421,1,123,0
763,60,4,5014,1,263,0
764,60,4,5243,1,141,0
765,60,4,5616,1,51,0
766,60,4,5506,1,82,0
767,60,4,5501,1,99,0
768,60,4,5591,1,62,0
769,60,4,5417,1,113,0
770,60,4,5221,1,170,0
771,60,4,5536,1,81,0
772,60,4,5552,1,70,0
773,60,4,5451,1,105,0
774,60,4,5449,1,115,0
775,60,4,5409,1,157,0
776,60,4,5429,1,115,0
777,60,4,4847,1,208,0
778,60,4,5631,1,50,0
779,60,4,5442,1,108,0
780,61,4,5538,1,63,0
781,61,4,5139,1,167,0
782,61,4,5171,1,191,0
783,61,4,5426,1,114,0
784,61,4,5178,1,201,0
785,61,4,5579,1,58,0
786,61,4,5626,1,51,0
787,61,4,5501,1,88,0
788,61,4,5564,1,71,0
789,61,4,5558,1,71,0
790,61,4,4893,1,316,0
791,61,4,5538,1,71,0
792,61,4,5373,1,137,0
793,61,4,5387,1,109,0
794,61,4,5115,1,179,0
795,61,4,5628,1,49,0
796,61,4,5360,1,109,0
797,61,4,5547,1,72,0
798,61,4,5490,1,99,0
799,61,4,5104,1,176,0
800,62,2,2474,0,1001,1
801,62,0,99,0,132,0
802,62,4,5609,1,51,0
803,62,4,5188,1,195,0
804,62,4,4795,1,271,0
805,62,4,5638,1,47,0
806,62,4,4813,1,354,0
807,62,4,5162,1,172,0
808,62,4,5427,1,145,0
809,62,1,1183,0,143,0
810,62,4,5165,1,169,0
811,62,4,5385,1,116,0
812,62,4,5583,1,63,0
813,62,4,5512,1,87,0
814,62,4,5478,1,119,0
815,62,4,5546,1,78,0
816,62,4,5422,1,117,0
817,62,4,5453,1,107,0
818,62,4,5499,1,72,0
819,62,4,5561,1,66,0
820,62,4,5271,1,157,0
821,63,4,5073,1,325,0
822,63,4,5368,1,165,0
823,63,4,5318,1,204,0
824,63,4,5400,1,121,0
825,63,4,5294,1,170,0
826,63,4,5356,1,130,0
827,63,4,5527,1,77,0
828,63,4,5477,1,96,0
829,63,4,5390,1,123,0
830,63,4,5365,1,129,0
831,63,4,5307,1,156,0
832,63,1,1287,0,180,0
833,63,4,5130,1,189,0
834,63,4,4846,1,265,0
835,63,4,5572,1,60,0
836,63,4,5477,1,95,0
837,63,4,5405,1,123,0
838,63,4,5528,1,70,0
839,63,3,3115,0,387,0
840,63,4,5241,1,180,0
841,63,4,5248,1,147,0
842,64,4,5366,1,136,0
843,64,4,5291,1,164,0
844,64,4,5578,1,56,0
845,64,4,5120,1,239,0
846,64,4,4518,1,589,0
847,64,4,5529,1,82,0
848,64,4,5479,1,119,0
849,64,4,5323,1,127,0
850,64,4,5651,1,42,0
851,64,4,5550,1,74,0
852,64,4,5553,1,66,0
853,64,4,5133,1,195,0
854,64,4,5548,1,79,0
855,64,4,5027,1,207,0
856,64,4,5466,1,97,0
857,64,4,5550,1,65,0
858,64,4,4966,1,259,0
859,64,4,5598,1,53,0
860,64,4,5576,1,66,0
861,64,4,5318,1,152,0
862,64,4,5232,1,182,0
863,64,4,5393,1,121,0
864,65,4,5636,1,46,0
865,65,4,5188,1,237,0
866,65,4,5422,1,109,0
867,65,4,5566,1,69,0
868,65,4,5526,1,82,0
869,65,4,4893,1,310,0
870,65,4,5268,1,138,0
871,65,4,5032,1,234,0
872,65,4,5450,1,100,0
873,65,4,5069,1,252,0
874,65,4,5506,1,70,0
875,65,4,5308,1,155,0
876,65,4,5349,1,145,0
877,65,4,5534,1,64,0
878,65,0,89,0,217,0
879,65,4,5448,1,107,0
880,65,4,5377,1,115,0
881,65,4,5447,1,112,0
882,65,4,5427,1,97,0
883,65,4,4933,1,283,0
884,65,4,5493,1,90,0
885,65,1,1176,0,166,0
886,66,4,5605,1,57,0
887,66,4,5584,1,64,0
888,66,4,5557,1,71,0
889,66,2,2535,0,238,0
890,66,4,5454,1,101,0
891,66,4,5575,1,65,0
892,66,4,5512,1,76,0
893,66,4,5611,1,58,0
894,66,4,5104,1,186,0
895,66,4,5601,1,55,0
896,66,4,5527,1,80,0
897,66,4,5554,1,72,0
898,66,4,5616,1,51,0
899,66,4,5430,1,92,0
900,66,2,2474,0,1001,1
901,66,4,5154,1,178,0
902,66,4,5643,1,73,0
903,66,4,5434,1,109,0
904,66,4,5379,1,147,0
905,66,4,5190,1,198,0
906,66,4,5284,1,163,0
907,67,4,5620,1,51,0
908,67,4,5441,1,110,0
909,67,4,5484,1,95,0
910,67,4,5452,1,106,0
911,67,4,5059,1,234,0
912,67,4,5324,1,131,0
913,67,4,5643,1,44,0
914,67,4,5289,1,129,0
915,67,4,5633,1,45,0
916,67,4,5553,1,82,0
917,67,4,5514,1,69,0
918,67,4,5466,1,90,0
919,67,4,5221,1,257,0
920,67,4,5563,1,71,0
921,67,4,5184,1,183,0
922,67,4,5491,1,95,0
923,67,4,5536,1,78,0
924,67,4,5102,1,186,0
925,67,4,5142,1,224,0
926,67,4,5340,1,154,0
927,67,4,5592,1,58,0
928,67,4,5654,1,41,0
929,67,4,5455,1,97,0
930,67,4,5158,1,188,0
931,67,4,5636,1,47,0
932,67,4,5518,1,84,0
933,67,4,5508,1,89,0
934,67,4,5312,1,151,0
935,68,1,1142,0,250,0
936,68,4,5661,1,67,0
937,68,4,5561,1,70,0
938,68,4,5520,1,101,0
939,68,4,5411,1,125,0
940,68,4,5365,1,118,0
941,68,4,4833,1,300,0
942,68,4,5562,1,66,0
943,68,4,5409,1,143,0
944,68,4,5479,1,97,0
945,68,4,5265,1,162,0
946,68,4,5322,1,113,0
947,68,4,5435,1,109,0
948,68,4,5353,1,141,0
949,68,4,5479,1,85,0
950,68,4,5548,1,83,0
951,68,4,5496,1,91,0
952,68,4,5470,1,106,0
953,68,4,5573,1,63,0
954,68,4,5353,1,161,0
955,68,2,2321,0,167,0
956,68,4,5521,1,81,0
957,68,4,5240,1,203,0
958,68,4,5630,1,80,0
959,68,4,5201,1,178,0
960,69,4,5595,1,57,0
961,69,4,5389,1,102,0
962,69,4,5524,1,80,0
963,69,4,5311,1,139,0
964,69,4,5420,1,105,0
965,69,4,5618,1,51,0
966,69,4,5169,1,205,0
967,69,4,5356,1,142,0
968,69,4,4947,1,271,0
969,69,4,5426,1,115,0
970,69,4,5510,1,88,0
971,69,4,5551,1,72,0
972,69,4,5606,1,55,0
973,69,4,4956,1,288,0
974,69,4,5385,1,101,0
975,69,4,5102,1,259,0
976,69,4,5475,1,95,0
977,69,4,5357,1,138,0
978,69,4,5435,1,101,0
979,69,3,2963,0,350,0
980,69,4,5244,1,193,0
981,70,4,5171,1,198,0
982,70,4,5653,1,42,0
983,70,4,5510,1,81,0
984,70,4,5631,1,49,0
985,70,4,5254,1,176,0
986,70,4,5541,1,82,0
987,70,4,5486,1,100,0
988,70,4,5462,1,137,0
989,70,4,5594,1,61,0
990,70,4,5558,1,66,0
991,70,4,5510,1,89,0
992,70,4,5596,1,55,0
993,70,4,5191,1,266,0
994,70,4,5545,1,103,0
995,70,4,5245,1,169,0
996,70,4,5439,1,119,0
997,70,4,5466,1,77,0
998,70,4,5529,1,87,0
999,70,4,5432,1,107,0
1000,70,2,2474,0,1001,1
1001,70,4,5449,1,101,0
1002,70,4,5610,1,55,0
1003,71,4,5514,1,98,0
1004,71,4,5320,1,174,0
1005,71,4,5511,1,73,0
1006,71,4,5576,1,69,0
1007,71,4,5535,1,81,0
1008,71,4,5404,1,115,0
1009,71,4,5613,1,56,0
1010,71,4,5011,1,209,0
1011,71,4,5235,1,178,0
1012,71,4,5539,1,79,0
1013,71,4,5530,1,91,0
1014,71,4,5088,1,231,0
1015,71,4,5615,1,51,0
1016,71,4,5512,1,82,0
1017,71,4,5551,1,78,0
1018,71,4,5432,1,104,0
1019,71,0,277,0,233,0
1020,71,4,5508,1,80,0
1021,71,4,5479,1,86,0
1022,71,4,5462,1,103,0
1023,71,4,5332,1,118,0
1024,71,4,5517,1,104,0
1025,71,4,5582,1,70,0
1026,71,4,5352,1,133,0
1027,71,4,5368,1,128,0
1028,71,4,5435,1,82,0
1029,71,4,5567,1,62,0
1030,71,4,5573,1,64,0
1031,71,4,5406,1,113,0
1032,72,0,99,0,147,0
1033,72,4,5439,1,105,0
1034,72,4,5467,1,100,0
1035,72,4,5507,1,87,0
1036,72,4,5400,1,123,0
1037,72,4,5368,1,179,0
1038,72,4,5397,1,138,0
1039,72,4,5065,1,233,0
1040,72,2,2434,0,189,0
1041,72,4,5476,1,98,0
1042,72,1,1190,0,176,0
1043,72,4,5592,1,58,0
1044,72,2,2331,0,183,0
1045,72,2,2370,0,164,0
1046,72,4,5269,1,142,0
1047,72,4,5422,1,135,0
1048,72,4,5566,1,58,0
1049,72,4,5163,1,139,0
1050,72,4,5326,1,166,0
1051,72,4,5594,1,64,0
1052,72,4,5451,1,107,0
1053,72,0,81,0,228,0
1054,72,4,5612,1,52,0
1055,73,4,5427,1,128,0
1056,73,4,5439,1,105,0
1057,73,4,5602,1,52,0
1058,73,4,5124,1,181,0
1059,73,4,5351,1,114,0
1060,73,4,5370,1,119,0
1061,73,4,4923,1,300,0
1062,73,4,5599,1,51,0
1063,73,4,5335,1,190,0
1064,73,4,5454,1,105,0
1065,73,4,5622,1,53,0
1066,73,4,5293,1,154,0
1067,73,4,5517,1,79,0
1068,73,4,5547,1,66,0
1069,73,4,5338,1,171,0
1070,73,4,5608,1,51,0
1071,73,4,5380,1,139,0
1072,73,4,5529,1,83,0
1073,73,4,5631,1,46,0
1074,73,4,5549,1,75,0
1075,73,4,5210,1,196,0
1076,73,4,5502,1,85,0
1077,73,4,5623,1,48,0
1078,73,4,5324,1,117,0
1079,73,4,5467,1,113,0
1080,73,4,5105,1,273,0
1081,73,4,5655,1,41,0
1082,74,4,5387,1,168,0
1083,74,4,5462,1,104,0
1084,74,4,5316,1,163,0
1085,74,4,5299,1,110,0
1086,74,4,5458,1,97,0
1087,74,4,5513,1,87,0
1088,74,4,5574,1,72,0
1089,74,4,5532,1,72,0
1090,74,4,5552,1,68,0
1091,74,4,5351,1,106,0
1092,74,4,5651,1,43,0
1093,74,4,5549,1,67,0
1094,74,4,5316,1,158,0
1095,74,4,5586,1,53,0
1096,74,4,5214,1,226,0
1097,74,4,5589,1,60,0
1098,74,2,2420,0,182,0
1099,74,4,4984,1,252,0
1100,75,2,2474,0,1001,1
1101,75,4,5444,1,114,0
1102,75,4,5535,1,74,0
1103,75,4,5365,1,129,0
1104,75,4,5336,1,131,0
1105,75,4,5373,1,111,0
1106,75,4,5286,1,163,0
1107,75,4,5521,1,80,0
1108,75,4,5547,1,80,0
1109,75,4,5300,1,151,0
1110,75,4,5499,1,89,0
1111,75,4,5536,1,69,0
1112,75,4,4951,1,196,0
1113,75,4,5551,1,65,0
1114,75,4,5195,1,169,0
1115,75,4,5198,1,259,0
1116,75,4,5435,1,102,0
1117,75,4,5269,1,225,0
1118,75,4,5131,1,216,0
1119,75,4,5429,1,97,0
1120,75,4,5477,1,93,0
1121,75,4,5511,1,85,0
1122,75,4,5624,1,52,0
1123,76,4,5497,1,98,0
1124,76,4,5641,1,44,0
1125,76,4,5375,1,131,0
1126,76,4,5554,1,68,0
1127,76,4,5395,1,105,0
1128,76,4,5456,1,101,0
1129,76,4,5442,1,96,0
1130,76,4,5571,1,75,0
1131,76,4,5626,1,49,0
1132,76,4,5085,1,181,0
1133,76,4,5030,1,242,0
1134,76,4,5137,1,181,0
1135,76,4,5484,1,94,0
1136,76,4,5529,1,80,0
1137,76,4,5353,1,138,0
1138,76,4,5511,1,92,0
1139,76,4,5428,1,114,0
1140,76,4,5338,1,131,0
1141,76,4,5265,1,179,0
1142,76,4,5573,1,66,0
1143,76,4,5474,1,94,0
1144,76,4,5594,1,62,0
1145,76,4,5369,1,127,0
1146,76,4,5544,1,70,0
1147,76,4,5299,1,151,0
1148,76,4,5357,1,159,0
1149,77,4,4959,1,384,0
1150,77,4,5409,1,109,0
1151,77,4,5548,1,72,0
1152,77,4,5320,1,131,0
1153,77,4,5382,1,135,0
1154,77,1,1187,0,136,0
1155,77,4,5426,1,113,0
1156,77,4,5567,1,67,0
1157,77,4,5603,1,58,0
1158,77,4,4775,1,339,0
1159,77,3,2957,0,345,0
1160,77,4,5478,1,94,0
1161,77,4,5392,1,124,0
1162,77,4,5557,1,71,0
1163,77,4,5319,1,144,0
1164,77,4,5444,1,103,0
1165,77,4,5361,1,146,0
1166,77,4,5550,1,73,0
1167,77,4,5631,1,51,0
1168,77,4,5562,1,68,0
1169,77,4,5619,1,55,0
1170,77,4,5312,1,161,0
1171,77,4,5536,1,71,0
1172,77,4,5514,1,88,0
1173,78,4,5460,1,100,0
1174,78,4,4563,1,460,0
1175,78,4,5340,1,145,0
1176,78,4,5467,1,102,0
1177,78,4,5548,1,73,0
1178,78,4,5520,1,83,0
1179,78,4,5599,1,55,0
1180,78,4,5243,1,177,0
1181,78,4,5596,1,54,0
1182,78,4,5494,1,92,0
1183,78,4,5213,1,180,0
1184,78,4,5007,1,314,0
1185,78,4,5479,1,107,0
1186,78,4,5514,1,83,0
1187,78,4,5499,1,99,0
1188,78,4,5307,1,155,0
1189,78,4,5522,1,83,0
1190,78,4,5294,1,165,0
1191,78,4,5478,1,107,0
1192,78,4,5646,1,42,0
1193,78,4,5445,1,107,0
1194,78,4,5282,1,164,0
1195,78,4,5390,1,131,0
1196,79,4,5279,1,149,0
1197,79,4,5559,1,71,0
1198,79,4,4687,1,453,0
1199,79,4,5616,1,50,0
1200,79,2,2474,0,1001,1
1201,79,3,3409,0,485,0
1202,79,4,5556,1,80,0
1203,79,4,4157,1,517,0
1204,79,4,5525,1,80,0
1205,79,4,5525,1,82,0
1206,79,4,5541,1,65,0
1207,79,4,5472,1,90,0
1208,79,4,5655,1,40,0
1209,79,4,5567,1,63,0
1210,79,4,5623,1,50,0
1211,80,4,5505,1,83,0
1212,80,4,5476,1,119,0
1213,80,4,5596,1,58,0
1214,80,4,5598,1,66,0
1215,80,4,5563,1,71,0
1216,80,4,5576,1,66,0
1217,80,4,5350,1,141,0
1218,80,4,5518,1,83,0
1219,80,4,5208,1,189,0
1220,80,4,5328,1,157,0
1221,80,4,5586,1,59,0
1222,80,4,5521,1,81,0
1223,80,4,5555,1,75,0
1224,80,4,5456,1,133,0
1225,80,4,5569,1,66,0
1226,80,4,5342,1,112,0
1227,80,4,5370,1,127,0
1228,80,4,5480,1,125,0
1229,80,4,5470,1,99,0
1230,80,4,5304,1,158,0
1231,80,4,5561,1,71,0
1232,80,4,5576,1,68,0
1233,80,4,5268,1,148,0
1234,80,4,5557,1,69,0
1235,80,4,5441,1,104,0
1236,80,4,5617,1,54,0
1237,80,4,5455,1,83,0
1238,80,4,5432,1,108,0
1239,80,4,5642,1,44,0
1240,80,4,5620,1,47,0
1241,80,4,5181,1,218,0
1242,80,4,5615,1,53,0
1243,81,4,5618,1,48,0
1244,81,4,5406,1,105,0
1245,81,4,5651,1,42,0
1246,81,4,5492,1,119,0
1247,81,4,5679,1,60,0
1248,81,3,3446,0,390,0
1249,81,4,5421,1,147,0
1250,81,4,5432,1,133,0
1251,81,4,5603,1,53,0
1252,81,4,5601,1,53,0
1253,81,4,5640,1,46,0
1254,81,4,5643,1,47,0
1255,81,4,5356,1,188,0
1256,81,4,5622,1,48,0
1257,81,4,5591,1,70,0
1258,81,4,5551,1,63,0
1259,81,4,4916,1,188,0
1260,81,4,5635,1,47,0
1261,81,4,5665,1,38,0
1262,81,4,5639,1,45,0
1263,81,4,5485,1,91,0
1264,81,4,5613,1,49,0
1265,81,4,5688,1,58,0
1266,81,4,5598,1,56,0
1267,81,4,5468,1,74,0
1268,81,4,5593,1,53,0
1269,81,4,5567,1,59,0
1270,81,4,5644,1,43,0
1271,81,4,5444,1,80,0
1272,81,4,5568,1,66,0
1273,81,4,5534,1,79,0
1274,81,4,5448,1,78,0
1275,81,4,5589,1,61,0
1276,81,4,5604,1,53,0
1277,81,4,5558,1,61,0
1278,81,4,5624,1,49,0
1279,81,4,5608,1,56,0
1280,81,4,5640,1,47,0
1281,81,4,5518,1,65,0
1282,82,4,5417,1,98,0
1283,82,4,5626,1,50,0
1284,82,4,5620,1,50,0
1285,82,4,5630,1,45,0
1286,82,4,5655,1,42,0
1287,82,4,5624,1,52,0
1288,82,4,5592,1,55,0
1289,82,3,3583,0,225,0
1290,82,4,5428,1,87,0
1291,82,4,5397,1,137,0
1292,82,4,5610,1,53,0
1293,82,4,5639,1,45,0
1294,82,4,5504,1,67,0
1295,82,4,5661,1,38,0
1296,82,4,5623,1,48,0
1297,82,4,5649,1,41,0
1298,82,4,5612,1,49,0
1299,82,4,5625,1,47,0
1300,82,4,5667,1,37,1
1301,82,4,5641,1,46,0
1302,82,4,5424,1,99,0
1303,82,2,2450,0,191,0
1304,82,4,5096,1,236,0
1305,82,4,5341,1,143,0
1306,82,4,5529,1,70,0
1307,82,4,5353,1,139,0
1308,82,4,5581,1,65,0
1309,82,4,5273,1,128,0
1310,82,4,5605,1,55,0
1311,82,4,5475,1,98,0
1312,82,4,5443,1,101,0
1313,82,4,5510,1,82,0
1314,82,4,5586,1,60,0
1315,82,4,5413,1,117,0
1316,82,4,5454,1,83,0
1317,82,4,5408,1,101,0
1318,82,4,5499,1,89,0
1319,83,4,5072,1,241,0
1320,83,4,5642,1,46,0
1321,83,4,5484,1,81,0
1322,83,4,5493,1,96,0
1323,83,1,1192,0,136,0
1324,83,4,5317,1,157,0
1325,83,4,4732,1,339,0
1326,83,4,5571,1,77,0
1327,83,4,4650,1,360,0
1328,83,4,5520,1,84,0
1329,83,4,5373,1,176,0
1330,83,4,5358,1,125,0
1331,83,4,5426,1,119,0
1332,83,4,5522,1,84,0
1333,83,4,5530,1,80,0
1334,83,4,5642,1,44,0
1335,83,4,5548,1,74,0
1336,83,4,5383,1,133,0
1337,83,4,5088,1,300,0
1338,83,4,5441,1,110,0
1339,83,4,5131,1,215,0
1340,83,4,5479,1,105,0
1341,84,4,5184,1,181,0
1342,84,4,4612,1,402,0
1343,84,4,5472,1,113,0
1344,84,4,5588,1,61,0
1345,84,2,2361,0,146,0
1346,84,2,2205,0,212,0
1347,84,4,5419,1,114,0
1348,84,4,5555,1,71,0
1349,84,4,5414,1,154,0
1350,84,4,5592,1,59,0
1351,84,4,5176,1,205,0
1352,84,4,5395,1,94,0
1353,84,4,5487,1,94,0
1354,84,4,5566,1,57,0
1355,84,4,5487,1,93,0
1356,84,4,5341,1,152,0
1357,84,4,4956,1,288,0
1358,84,4,5639,1,45,0
1359,84,4,5504,1,80,0
1360,84,4,5144,1,222,0
1361,84,4,5204,1,190,0
1362,84,4,5467,1,99,0
1363,84,4,5600,1,60,0
1364,84,4,5539,1,73,0
1365,85,4,5204,1,152,0
1366,85,4,5525,1,76,0
1367,85,4,5517,1,84,0
1368,85,4,5409,1,122,0
1369,85,4,5602,1,56,0
1370,85,4,5241,1,176,0
1371,85,4,5515,1,81,0
1372,85,4,5628,1,49,0
1373,85,4,5617,1,50,0
1374,85,4,5177,1,132,0
1375,85,4,5338,1,145,0
1376,85,4,5555,1,70,0
1377,85,4,5269,1,169,0
1378,85,4,5591,1,61,0
1379,85,4,5469,1,86,0
1380,85,4,5608,1,51,0
1381,85,4,5323,1,111,0
1382,85,4,5415,1,89,0
1383,85,4,5462,1,101,0
1384,85,4,5486,1,92,0
1385,85,4,5568,1,68,0
1386,85,4,4441,1,427,0
1387,85,4,5497,1,89,0
1388,85,4,5299,1,154,0
1389,85,4,5020,1,228,0
1390,85,4,5560,1,67,0
1391,85,4,5587,1,60,0
1392,85,4,5639,1,45,0
1393,85,4,5555,1,81,0
1394,86,4,5360,1,109,0
1395,86,4,5535,1,88,0
1396,86,4,5609,1,56,0
1397,86,4,5460,1,115,0
1398,86,4,5514,1,84,0
1399,86,4,5269,1,165,0
1400,86,2,2474,0,1001,1
1401,86,4,5538,1,77,0
1402,86,4,5575,1,77,0
1403,86,4,5229,1,182,0
1404,86,4,5089,1,232,0
1405,86,4,5579,1,59,0
1406,86,4,5610,1,55,0
1407,86,4,5610,1,63,0
1408,86,4,5452,1,99,0
1409,86,4,5342,1,120,0
1410,86,4,5419,1,107,0
1411,86,4,5079,1,233,0
1412,86,4,5426,1,138,0
1413,86,2,2462,0,130,0
1414,87,4,5549,1,72,0
1415,87,4,5498,1,74,0
1416,87,4,5434,1,109,0
1417,87,4,4769,1,367,0
1418,87,4,5608,1,54,0
1419,87,4,5656,1,41,0
1420,87,4,5573,1,68,0
1421,87,4,5282,1,161,0
1422,87,4,5404,1,109,0
1423,87,4,4881,1,250,0
1424,87,4,5299,1,157,0
1425,87,4,5511,1,85,0
1426,87,4,5499,1,116,0
1427,87,4,4857,1,292,0
1428,87,4,5567,1,68,0
1429,87,3,3589,0,322,0
1430,87,4,5520,1,81,0
1431,87,4,5604,1,56,0
1432,87,4,4936,1,313,0
1433,87,4,5532,1,82,0
1434,87,4,5478,1,97,0
1435,87,4,5422,1,141,0
1436,87,4,5613,1,56,0
1437,88,4,5371,1,129,0
1438,88,4,5306,1,177,0
1439,88,4,5412,1,142,0
1440,88,2,2551,0,316,0
1441,88,4,5532,1,80,0
1442,88,4,4973,1,318,0
1443,88,4,5357,1,138,0
1444,88,4,5588,1,62,0
1445,88,4,5048,1,367,0
1446,88,4,5527,1,79,0
1447,88,4,4996,1,262,0
1448,88,4,5498,1,88,0
1449,88,4,5410,1,123,0
1450,88,4,5453,1,88,0
1451,88,4,5258,1,208,0
1452,88,4,5484,1,93,0
1453,88,4,5086,1,218,0
1454,88,4,5272,1,169,0
1455,88,4,5575,1,62,0
1456,88,4,5619,1,51,0
1457,89,4,5272,1,144,0
1458,89,4,5514,1,73,0
1459,89,4,5607,1,52,0
1460,89,4,5592,1,61,0
1461,89,4,4933,1,294,0
1462,89,4,5576,1,68,0
1463,89,4,5165,1,175,0
1464,89,4,5609,1,51,0
1465,89,0,99,0,154,0
1466,89,4,5359,1,113,0
1467,89,4,5288,1,158,0
1468,89,4,5283,1,159,0
1469,89,4,5516,1,84,0
1470,89,4,5544,1,74,0
1471,89,4,5517,1,67,0
1472,89,4,5563,1,65,0
1473,89,4,5580,1,62,0
1474,89,4,5622,1,51,0
1475,89,4,5540,1,79,0
1476,89,4,4940,1,333,0
1477,89,4,5480,1,104,0
1478,89,4,5512,1,90,0
1479,89,4,5203,1,182,0
1480,89,4,5349,1,176,0
1481,89,4,5287,1,163,0
1482,89,4,5517,1,84,0
1483,89,4,5485,1,94,0
1484,90,3,3443,0,298,0
1485,90,3,3176,0,294,0
1486,90,4,5557,1,77,0
1487,90,4,5484,1,79,0
1488,90,4,5391,1,156,0
1489,90,4,5468,1,94,0
1490,90,4,5359,1,127,0
1491,90,4,5502,1,83,0
1492,90,4,5587,1,62,0
1493,90,4,5468,1,89,0
1494,90,4,5565,1,79,0
1495,90,4,4951,1,288,0
1496,90,4,5094,1,226,0
1497,90,4,5499,1,92,0
1498,90,4,5339,1,145,0
1499,90,4,5317,1,150,0
1500,91,2,2474,0,1001,1
1501,91,4,5478,1,87,0
1502,91,4,5624,1,48,0
1503,91,4,5496,1,95,0
1504,91,4,5546,1,71,0
1505,91,4,5524,1,90,0
1506,91,4,5549,1,74,0
1507,91,4,5309,1,143,0
1508,91,4,5025,1,246,0
1509,91,4,5571,1,75,0
1510,91,4,5629,1,45,0
1511,91,4,5395,1,124,0
1512,91,4,5566,1,64,0
1513,91,4,5458,1,134,0
1514,91,4,5434,1,113,0
1515,91,4,5580,1,67,0
1516,91,4,5584,1,71,0
1517,91,4,5638,1,47,0
1518,91,4,5324,1,159,0
1519,91,4,5039,1,232,0
1520,91,4,5549,1,75,0
1521,91,4,5451,1,107,0
1522,91,4,5513,1,86,0
1523,91,4,5404,1,156,0
1524,91,4,5191,1,215,0
1525,91,4,5635,1,46,0
1526,91,4,5462,1,134,0
1527,91,4,5478,1,96,0
1528,91,4,5473,1,115,0
1529,92,4,5631,1,51,0
1530,92,4,5420,1,126,0
1531,92,4,5550,1,73,0
1532,92,4,5601,1,57,0
1533,92,4,5306,1,166,0
1534,92,4,5339,1,149,0
1535,92,4,5560,1,72,0
1536,92,4,5225,1,193,0
1537,92,0,90,0,129,0
1538,92,2,2257,0,213,0
1539,92,4,5603,1,57,0
1540,92,4,5442,1,109,0
1541,92,4,5052,1,238,0
1542,92,4,5322,1,143,0
1543,92,4,5633,1,45,0
1544,92,4,5399,1,124,0
1545,92,4,5468,1,92,0
1546,92,4,5346,1,133,0
1547,92,4,5097,1,228,0
1548,92,4,5247,1,201,0
1549,92,4,5324,1,131,0
1550,92,4,5545,1,78,0
1551,92,4,5548,1,74,0
1552,92,4,4995,1,209,0
1553,93,4,5300,1,115,0
1554,93,4,5271,1,170,0
1555,93,4,5612,1,54,0
1556,93,4,5542,1,77,0
1557,93,4,5384,1,157,0
1558,93,4,5336,1,111,0
1559,93,4,5419,1,133,0
1560,93,4,5558,1,70,0
1561,93,4,5228,1,185,0
1562,93,4,5394,1,126,0
1563,93,4,5539,1,70,0
1564,93,4,5579,1,64,0
1565,93,4,5611,1,53,0
1566,93,3,3523,0,409,0
1567,93,4,5458,1,85,0
1568,93,4,5215,1,220,0
1569,93,4,5335,1,145,0
1570,93,4,5562,1,63,0
1571,93,4,4790,1,352,0
1572,93,4,5469,1,101,0
1573,93,4,5499,1,88,0
1574,93,4,5341,1,144,0
1575,93,4,5371,1,132,0
1576,94,4,5152,1,216,0
1577,94,4,5306,1,185,0
1578,94,4,5488,1,89,0
1579,94,4,5570,1,64,0
1580,94,4,5499,1,95,0
1581,94,4,5262,1,191,0
1582,94,4,5209,1,186,0
1583,94,4,5375,1,103,0
1584,94,4,5039,1,190,0
1585,94,4,5523,1,81,0
1586,94,4,5545,1,72,0
1587,94,4,5562,1,68,0
1588,94,4,5508,1,80,0
1589,94,4,5366,1,153,0
1590,94,4,5634,1,51,0
1591,94,4,5514,1,70,0
1592,94,4,5150,1,209,0
1593,94,4,5415,1,118,0
1594,94,4,5504,1,92,0
1595,94,4,5280,1,135,0
1596,94,4,5347,1,158,0
1597,94,4,5592,1,66,0
1598,94,4,5627,1,47,0
1599,94,4,5256,1,172,0
1600,95,2,2474,0,1001,1
1601,95,4,5569,1,72,0
1602,95,4,5516,1,76,0
1603,95,4,5536,1,75,0
1604,95,4,5544,1,80,0
1605,95,4,4988,1,276,0
1606,95,4,5128,1,220,0
1607,95,4,5492,1,93,0
1608,95,4,5578,1,68,0
1609,95,1,1288,0,210,0
1610,95,4,5582,1,69,0
1611,95,4,5131,1,253,0
1612,95,4,5409,1,120,0
1613,95,4,5497,1,100,0
1614,95,4,5634,1,48,0
1615,95,4,5639,1,43,0
1616,95,4,5583,1,63,0
1617,95,4,5180,1,139,0
1618,95,4,5601,1,56,0
1619,95,4,5520,1,93,0
1620,95,4,5660,1,40,0
1621,95,4,5626,1,52,0
1622,95,4,5579,1,59,0
1623,95,4,5642,1,44,0
1624,95,4,5577,1,66,0
1625,95,4,5636,1,48,0
1626,95,4,5583,1,53,0
1627,95,4,5511,1,109,0
1628,95,4,5585,1,65,0
1629,96,4,5584,1,65,0
1630,96,4,5546,1,71,0
1631,96,4,5600,1,68,0
1632,96,4,5416,1,163,0
1633,96,4,5656,1,40,0
1634,96,4,5628,1,51,0
1635,96,4,5266,1,241,0
1636,96,4,5609,1,61,0
1637,96,4,5641,1,43,0
1638,96,4,5618,1,52,0
1639,96,4,5423,1,117,0
1640,96,4,5657,1,40,0
1641,96,4,5556,1,80,0
1642,96,4,5522,1,82,0
1643,96,4,5543,1,100,0
1644,96,3,3290,0,195,0
1645,96,4,5639,1,45,0
1646,96,4,5645,1,44,0
1647,96,4,5535,1,71,0
1648,96,4,5648,1,41,0
1649,96,4,5635,1,44,0
1650,96,4,5416,1,115,0
1651,96,4,5609,1,52,0
1652,96,4,5619,1,53,0
1653,96,4,5496,1,97,0
1654,96,4,5508,1,71,0
1655,96,4,5459,1,84,0
1656,96,4,5479,1,126,0
1657,96,4,5220,1,165,0
1658,96,4,5478,1,124,0
1659,96,4,5547,1,84,0
1660,96,4,5656,1,39,0
1661,96,4,5289,1,115,0
1662,96,4,5393,1,167,0
1663,96,4,5594,1,72,0
1664,96,4,5530,1,83,0
1665,97,4,5525,1,75,0
1666,97,4,5529,1,97,0
1667,97,4,5560,1,57,0
1668,97,4,5623,1,48,0
1669,97,4,5233,1,144,0
1670,97,4,5486,1,124,0
1671,97,4,5653,1,41,0
1672,97,3,3334,0,224,0
1673,97,4,5572,1,57,0
1674,97,4,5430,1,99,0
1675,97,4,5544,1,84,0
1676,97,4,5607,1,54,0
1677,97,4,5369,1,127,0
1678,97,4,5542,1,90,0
1679,97,4,4942,1,314,0
1680,97,4,5574,1,67,0
1681,97,4,5419,1,118,0
1682,97,4,5058,1,221,0
1683,97,4,5435,1,123,0
1684,97,4,5165,1,193,0
1685,97,4,5440,1,119,0
1686,97,4,5419,1,120,0
1687,97,4,5572,1,68,0
1688,97,4,5653,1,43,0
1689,97,4,5484,1,95,0
1690,97,4,5153,1,210,0
1691,97,4,5260,1,189,0
1692,97,4,5610,1,54,0
1693,98,4,5477,1,97,0
1694,98,4,5596,1,60,0
1695,98,4,5316,1,143,0
1696,98,4,5206,1,193,0
1697,98,4,5207,1,184,0
1698,98,4,5547,1,75,0
1699,98,4,5539,1,80,0
1700,98,2,2474,0,1001,1
1701,98,0,99,0,145,0
1702,98,4,5545,1,81,0
1703,98,4,5311,1,135,0
1704,98,4,5527,1,81,0
1705,98,4,5420,1,100,0
1706,98,4,5325,1,145,0
1707,98,2,2341,0,146,0
1708,98,4,4776,1,370,0
1709,99,4,5604,1,55,0
1710,99,4,5630,1,47,0
1711,99,4,5584,1,63,0
1712,99,4,5602,1,57,0
1713,99,4,5513,1,90,0
1714,99,4,5337,1,144,0
1715,99,4,5531,1,80,0
1716,99,4,5527,1,73,0
1717,99,4,5355,1,142,0
1718,99,4,5509,1,84,0
1719,99,4,5455,1,105,0
1720,99,4,5463,1,103,0
1721,99,4,5426,1,97,0
1722,99,4,4952,1,265,0
1723,99,4,5572,1,58,0
1724,99,4,5426,1,133,0
1725,99,4,5497,1,74,0
1726,99,4,5408,1,119,0
1727,99,4,5561,1,69,0
1728,99,4,5581,1,69,0
1729,99,4,5548,1,71,0
1730,99,4,5562,1,59,0
1731,99,4,5218,1,144,0
1732,99,4,5265,1,171,0
1733,99,4,5609,1,53,0
1734,99,4,5589,1,57,0
1735,99,4,5211,1,196,0
1736,99,4,4903,1,204,0
1737,99,4,5616,1,52,0
1738,99,4,5575,1,64,0
1739,99,4,5559,1,69,0
1740,99,4,5512,1,83,0
1741,100,4,5147,1,211,0
1742,100,4,5442,1,139,0
1743,100,4,5359,1,140,0
1744,100,4,5537,1,78,0
1745,100,4,5319,1,165,0
1746,100,4,5306,1,184,0
1747,100,4,5279,1,164,0
1748,100,4,5424,1,92,0
1749,100,4,5595,1,68,0
1750,100,4,5572,1,64,0
1751,100,4,5531,1,72,0
1752,100,4,5599,1,56,0
1753,100,4,5492,1,102,0
1754,100,4,5627,1,49,0
1755,100,4,5463,1,103,0
1756,100,4,5515,1,81,0
1757,100,4,5463,1,115,0
1758,100,4,5351,1,123,0
1759,100,4,5317,1,144,0
1760,100,4,5469,1,114,0
1761,100,4,5148,1,182,0
1762,100,4,5462,1,87,0
1763,100,4,5367,1,136,0
1764,100,4,5398,1,126,0
1765,100,4,5361,1,135,0
1766,100,4,5248,1,189,0
1767,100,4,5466,1,112,0
1768,101,4,5436,1,105,0
1769,101,4,5548,1,70,0
1770,101,4,5396,1,125,0
1771,101,4,5471,1,100,0
1772,101,4,5569,1,74,0
1773,101,4,5192,1,191,0
1774,101,4,5584,1,62,0
1775,101,1,1167,0,128,0
1776,101,4,5356,1,136,0
1777,101,4,5094,1,168,0
1778,101,4,5355,1,124,0
1779,101,4,5391,1,126,0
1780,101,4,5228,1,197,0
1781,101,4,5566,1,64,0
1782,101,4,5452,1,107,0
1783,101,4,5447,1,97,0
1784,101,0,0,0,132,0
1785,101,4,5487,1,89,0
1786,101,4,5647,1,42,0
1787,101,4,5353,1,127,0
1788,101,4,5625,1,50,0
1789,101,4,5540,1,78,0
1790,101,4,5386,1,119,0
1791,101,4,5487,1,92,0
1792,101,4,5447,1,112,0
1793,101,4,5520,1,70,0
1794,101,4,5458,1,103,0
1795,101,4,5638,1,45,0
1796,101,4,5494,1,84,0
1797,101,4,5543,1,67,0
1798,101,4,5540,1,77,0
1799,101,4,5448,1,84,0
1800,102,2,2474,0,1001,1
1801,102,4,5238,1,174,0
1802,102,4,5359,1,160,0
1803,102,4,5543,1,76,0
1804,102,4,5613,1,53,0
1805,102,3,3519,0,224,0
1806,102,4,5541,1,65,0
1807,102,4,5578,1,74,0
1808,102,4,5311,1,157,0
1809,102,4,5427,1,125,0
1810,102,4,5558,1,70,0
1811,102,1,1291,0,139,0
1812,102,4,5274,1,144,0
1813,102,4,5207,1,197,0
1814,102,4,5537,1,77,0
1815,102,4,5553,1,82,0
1816,102,4,5563,1,78,0
1817,102,4,5331,1,135,0
1818,102,4,5549,1,63,0
1819,102,4,5601,1,59,0
1820,103,4,5282,1,160,0
1821,103,4,4992,1,320,0
1822,103,4,5545,1,84,0
1823,103,4,5536,1,77,0
1824,103,4,5479,1,85,0
1825,103,4,5548,1,86,0
1826,103,4,5263,1,173,0
1827,103,4,5627,1,51,0
1828,103,4,5515,1,86,0
1829,103,4,5341,1,143,0
1830,103,4,5639,1,50,0
1831,103,4,5327,1,148,0
1832,103,4,5300,1,155,0
1833,103,4,5592,1,62,0
1834,103,4,5164,1,162,0
1835,103,4,5287,1,117,0
1836,103,4,5625,1,49,0
1837,103,4,5408,1,121,0
1838,103,4,5632,1,49,0
1839,103,4,5577,1,65,0
1840,103,4,5190,1,214,0
1841,103,4,5526,1,85,0
1842,103,4,5507,1,85,0
1843,103,4,5574,1,62,0
1844,103,4,5648,1,43,0
1845,103,4,5447,1,109,0
1846,103,4,5543,1,73,0
1847,104,4,5415,1,113,0
1848,104,4,5129,1,243,0
1849,104,4,5627,1,49,0
1850,104,4,5570,1,59,0
1851,104,4,5590,1,55,0
1852,104,4,5450,1,104,0
1853,104,4,5600,1,57,0
1854,104,4,5105,1,226,0
1855,104,4,5629,1,52,0
1856,104,4,5374,1,103,0
1857,104,4,5459,1,86,0
1858,104,4,5387,1,149,0
1859,104,4,4919,1,277,0
1860,104,4,5483,1,107,0
1861,104,4,5237,1,188,0
1862,104,4,4681,1,428,0
1863,104,0,98,0,152,0
1864,104,4,5436,1,113,0
1865,104,4,5594,1,58,0
1866,104,4,5510,1,81,0
1867,104,4,5083,1,197,0
1868,104,4,5141,1,250,0
1869,105,4,5542,1,77,0
1870,105,4,5536,1,70,0
1871,105,4,5549,1,66,0
1872,105,4,5355,1,135,0
1873,105,3,3293,0,270,0
1874,105,4,5651,1,42,0
1875,105,4,5496,1,91,0
1876,105,4,5579,1,61,0
1877,105,4,5337,1,130,0
1878,105,4,5332,1,146,0
1879,105,4,5575,1,56,0
1880,105,4,5416,1,119,0
1881,105,4,5444,1,107,0
1882,105,4,5188,1,147,0
1883,105,4,5599,1,59,0
1884,105,4,5303,1,157,0
1885,105,4,5313,1,154,0
1886,105,4,5170,1,210,0
1887,105,4,5395,1,114,0
1888,105,4,5588,1,61,0
1889,105,4,5326,1,145,0
1890,105,4,5436,1,112,0
1891,105,4,5456,1,108,0
1892,105,4,5019,1,264,0
1893,105,4,5226,1,179,0
1894,106,4,5478,1,104,0
1895,106,4,5471,1,100,0
1896,106,4,5443,1,108,0
1897,106,4,5646,1,42,0
1898,106,4,5520,1,86,0
1899,106,4,5482,1,96,0
1900,106,2,2474,0,1001,1
1901,106,4,5519,1,84,0
1902,106,4,5236,1,178,0
1903,106,4,5574,1,64,0
1904,106,4,5100,1,230,0
1905,106,4,5634,1,50,0
1906,106,4,5049,1,222,0
1907,106,4,5525,1,76,0
1908,106,4,5614,1,54,0
1909,106,4,5271,1,136,0
1910,106,4,5518,1,95,0
1911,106,4,5502,1,109,0
1912,106,4,5648,1,43,0
1913,106,4,5585,1,66,0
1914,106,4,5637,1,46,0
1915,106,4,5473,1,98,0
1916,106,4,5624,1,49,0
1917,106,4,5619,1,53,0
1918,107,4,5407,1,111,0
1919,107,4,5375,1,137,0
1920,107,4,5558,1,77,0
1921,107,4,5544,1,78,0
1922,107,4,5552,1,60,0
1923,107,4,5414,1,116,0
1924,107,4,5539,1,82,0
1925,107,4,5430,1,108,0
1926,107,4,5475,1,126,0
1927,107,4,5481,1,99,0
1928,107,4,5194,1,212,0
1929,107,4,5128,1,226,0
1930,107,1,1290,0,134,0
1931,107,3,3291,0,242,0
1932,107,3,3253,0,188,0
1933,107,4,5264,1,209,0
1934,107,4,5130,1,233,0
1935,107,4,5206,1,158,0
1936,107,4,5551,1,76,0
1937,107,4,5581,1,62,0
1938,107,4,5343,1,112,0
1939,107,4,5510,1,93,0
1940,107,4,5147,1,140,0
1941,108,4,5405,1,130,0
1942,108,4,5609,1,56,0
1943,108,4,5419,1,93,0
1944,108,4,5010,1,269,0
1945,108,4,5416,1,107,0
1946,108,4,5527,1,84,0
1947,108,4,5557,1,71,0
1948,108,4,5628,1,51,0
1949,108,4,5413,1,115,0
1950,108,4,5513,1,69,0
1951,108,4,5520,1,80,0
1952,108,4,5377,1,128,0
1953,108,4,5620,1,50,0
1954,108,4,5442,1,107,0
1955,108,4,5277,1,198,0
1956,108,4,5426,1,113,0
1957,108,4,5546,1,75,0
1958,108,4,5541,1,63,0
1959,108,4,5014,1,265,0
1960,108,4,5550,1,82,0
1961,108,4,5447,1,106,0
1962,108,4,5319,1,161,0
1963,108,4,5029,1,211,0
1964,108,4,5544,1,91,0
1965,108,4,5447,1,90,0
1966,108,4,5193,1,201,0
1967,108,4,5480,1,128,0
1968,109,4,5374,1,133,0
1969,109,4,5449,1,99,0
1970,109,4,5121,1,183,0
1971,109,4,5594,1,58,0
1972,109,4,5455,1,119,0
1973,109,4,5133,1,193,0
1974,109,4,5446,1,108,0
1975,109,4,5417,1,117,0
1976,109,4,5484,1,106,0
1977,109,4,5177,1,170,0
1978,109,4,5552,1,72,0
1979,109,4,5579,1,64,0
1980,109,4,5632,1,50,0
1981,109,4,5439,1,111,0
1982,109,4,5485,1,87,0
1983,109,4,5605,1,54,0
1984,109,4,5583,1,63,0
1985,109,4,5654,1,41,0
1986,109,4,5327,1,140,0
1987,109,4,5078,1,226,0
1988,109,4,4948,1,311,0
1989,109,4,5447,1,106,0
1990,109,4,5426,1,113,0
1991,109,4,5467,1,104,0
1992,109,4,5324,1,147,0
1993,109,4,5334,1,128,0
1994,109,4,5521,1,80,0
1995,110,4,5106,1,244,0
1996,110,4,5554,1,75,0
1997,110,4,5381,1,130,0
1998,110,4,5526,1,81,0
1999,110,4,5530,1,80,0
2000,110,2,2474,0,1001,1
2001,110,4,5523,1,82,0
2002,110,4,5456,1,107,0
2003,110,4,5608,1,53,0
2004,110,4,5445,1,143,0
2005,110,4,5412,1,119,0
2006,110,4,5374,1,132,0
2007,110,4,5530,1,79,0
2008,110,4,5213,1,191,0
2009,110,4,5505,1,94,0
2010,110,4,5570,1,72,0
2011,110,4,5184,1,154,0
2012,110,4,5490,1,95,0
2013,110,4,5604,1,52,0
2014,111,4,5174,1,188,0
2015,111,4,5451,1,98,0
2016,111,4,5609,1,54,0
2017,111,4,5497,1,78,0
2018,111,4,4572,1,383,0
2019,111,4,5336,1,141,0
2020,111,4,5579,1,67,0
2021,111,4,5573,1,73,0
2022,111,4,5284,1,127,0
2023,111,4,5174,1,203,0
2024,111,4,5254,1,187,0
2025,111,4,5349,1,109,0
2026,111,4,5474,1,97,0
2027,111,4,5623,1,47,0
2028,111,4,5141,1,156,0
2029,111,4,5434,1,134,0
2030,111,4,5378,1,139,0
2031,111,4,5159,1,202,0
2032,111,4,5275,1,138,0
2033,111,4,5531,1,82,0
2034,111,4,5520,1,96,0
2035,111,4,5449,1,91,0
2036,111,4,5501,1,91,0
2037,111,4,5549,1,76,0
2038,111,4,5597,1,62,0
2039,111,4,5560,1,74,0
2040,112,2,2362,0,179,0
2041,112,4,5611,1,53,0
2042,112,4,5467,1,101,0
2043,112,4,5427,1,115,0
2044,112,4,4934,1,330,0
2045,112,4,5422,1,116,0
2046,112,4,5528,1,82,0
2047,112,4,5431,1,100,0
2048,112,4,5481,1,94,0
2049,112,4,5518,1,84,0
2050,112,4,5613,1,55,0
2051,112,4,5441,1,128,0
2052,112,4,5363,1,134,0
2053,112,4,5237,1,162,0
2054,112,4,5210,1,194,0
2055,112,4,5619,1,50,0
2056,112,4,5106,1,179,0
2057,112,4,5347,1,136,0
2058,112,4,5567,1,66,0
2059,112,4,5503,1,88,0
2060,112,0,290,0,387,0
2061,112,4,4763,1,374,0
2062,113,4,5608,1,54,0
2063,113,4,5565,1,66,0
2064,113,4,5509,1,74,0
2065,113,4,5377,1,156,0
2066,113,4,4814,1,274,0
2067,113,4,5213,1,159,0
2068,113,4,5644,1,43,0
2069,113,4,5024,1,253,0
2070,113,4,5406,1,138,0
2071,113,4,5538,1,82,0
2072,113,4,5408,1,119,0
2073,113,4,5529,1,85,0
2074,113,4,5549,1,77,0
2075,113,4,5436,1,122,0
2076,113,4,4984,1,322,0
2077,113,4,5474,1,98,0
2078,113,4,5462,1,101,0
2079,113,4,5475,1,126,0
2080,113,4,5482,1,96,0
2081,113,4,5546,1,77,0
2082,113,4,5197,1,211,0
2083,113,4,5608,1,55,0
2084,113,4,5490,1,108,0
2085,114,4,5006,1,208,0
2086,114,4,5369,1,130,0
2087,114,4,3421,1,574,0
2088,114,4,5505,1,84,0
2089,114,4,4526,1,296,0
2090,114,4,5508,1,89,0
2091,114,4,5475,1,97,0
2092,114,4,5031,1,259,0
2093,114,4,5387,1,122,0
2094,114,4,5408,1,115,0
2095,114,4,5541,1,65,0
2096,114,4,5515,1,85,0
2097,114,4,5602,1,57,0
2098,114,4,5431,1,86,0
2099,114,4,5041,1,254,0
2100,114,4,5667,1,37,1
2101,114,4,5631,1,46,0
2102,114,4,5430,1,99,0
2103,114,4,4411,1,289,0
2104,115,4,5354,1,136,0
2105,115,4,5541,1,78,0
2106,115,4,5630,1,48,0
2107,115,4,5615,1,50,0
2108,115,4,5524,1,67,0
2109,115,4,5447,1,119,0
2110,115,4,5658,1,41,0
2111,115,4,5581,1,59,0
2112,115,4,5297,1,193,0
2113,115,4,5447,1,93,0
2114,115,4,5585,1,65,0
2115,115,4,5222,1,207,0
2116,115,4,5652,1,40,0
2117,115,4,5579,1,70,0
2118,115,4,5645,1,44,0
2119,115,4,5555,1,74,0
2120,115,4,5656,1,39,0
2121,115,4,5643,1,43,0
2122,115,4,5558,1,78,0
2123,115,4,5422,1,84,0
2124,115,4,5567,1,60,0
2125,115,4,5590,1,65,0
2126,115,4,5507,1,85,0
2127,115,4,5639,1,43,0
2128,115,4,5567,1,56,0
2129,115,4,5539,1,63,0
2130,115,4,5629,1,48,0
2131,115,4,5519,1,101,0
2132,115,4,5635,1,46,0
2133,115,4,5470,1,103,0
2134,115,4,5588,1,59,0
2135,115,4,5349,1,129,0
2136,115,4,5533,1,77,0
2137,115,4,5410,1,107,0
2138,115,4,5609,1,49,0
2139,115,4,5639,1,43,0
2140,115,4,5637,1,44,0
2141,115,4,5472,1,87,0
2142,115,4,5464,1,94,0
2143,115,4,5642,1,44,0
2144,116,4,5204,1,187,0
2145,116,4,5419,1,121,0
2146,116,4,5613,1,51,0
2147,116,4,5505,1,78,0
2148,116,4,5423,1,137,0
2149,116,4,5501,1,102,0
2150,116,4,5595,1,70,0
2151,116,4,5491,1,81,0
2152,116,4,5556,1,62,0
2153,116,0,99,0,189,0
2154,116,4,5433,1,111,0
2155,116,4,5588,1,57,0
2156,116,4,5602,1,57,0
2157,116,4,5648,1,42,0
2158,116,4,5598,1,57,0
2159,116,4,5607,1,54,0
2160,116,4,5600,1,54,0
2161,116,4,5435,1,94,0
2162,116,4,5628,1,49,0
2163,116,4,5505,1,77,0
2164,116,4,4701,1,226,0
2165,116,4,5594,1,58,0
2166,116,4,5409,1,167,0
2167,116,4,5505,1,69,0
2168,116,4,5629,1,48,0
2169,116,4,5612,1,51,0
2170,116,4,5658,1,40,0
2171,116,4,5418,1,101,0
2172,116,4,5624,1,47,0
2173,116,4,5561,1,75,0
2174,116,4,5338,1,119,0
2175,116,4,5627,1,47,0
2176,116,4,5518,1,78,0
2177,116,4,5495,1,89,0
2178,116,4,5533,1,66,0
2179,116,4,5216,1,143,0
2180,116,4,5638,1,49,0
2181,117,4,5547,1,90,0
2182,117,4,5611,1,56,0
2183,117,4,5528,1,90,0
2184,117,4,5638,1,46,0
2185,117,4,5632,1,46,0
2186,117,4,5557,1,62,0
2187,117,4,5344,1,123,0
2188,117,4,5492,1,76,0
2189,117,4,5428,1,85,0
2190,117,4,5639,1,44,0
2191,117,4,5558,1,69,0
2192,117,4,5561,1,75,0
2193,117,4,5571,1,68,0
2194,117,4,5398,1,92,0
2195,117,4,5608,1,51,0
2196,117,4,5615,1,51,0
2197,117,4,5629,1,51,0
2198,117,4,5595,1,52,0
2199,117,4,4855,1,202,0
2200,117,4,5667,1,37,1
2201,117,4,5621,1,56,0
2202,117,4,5625,1,49,0
2203,117,4,5643,1,45,0
2204,117,4,4973,1,188,0
2205,117,4,5607,1,58,0
2206,117,4,5521,1,101,0
2207,117,4,5019,1,208,0
2208,117,4,5488,1,95,0
2209,117,4,5610,1,51,0
2210,117,4,5441,1,90,0
2211,117,4,5553,1,72,0
2212,117,4,5498,1,86,0
2213,117,4,5506,1,86,0
2214,117,4,5527,1,90,0
2215,117,4,5639,1,43,0
2216,117,4,5657,1,41,0
2217,117,3,3630,0,203,0
2218,117,4,5637,1,50,0
2219,117,4,5611,1,59,0
2220,118,4,5518,1,67,0
2221,118,4,5660,1,40,0
2222,118,4,5588,1,60,0
2223,118,4,5656,1,40,0
2224,118,4,5642,1,43,0
2225,118,4,5647,1,43,0
2226,118,4,5667,1,37,0
2227,118,4,5569,1,79,0
2228,118,1,1090,0,127,0
2229,118,4,5517,1,108,0
2230,118,4,5628,1,48,0
2231,118,4,5491,1,75,0
2232,118,4,5579,1,79,0
2233,118,4,5478,1,72,0
2234,118,4,5411,1,113,0
2235,118,4,5605,1,55,0
2236,118,4,5470,1,103,0
2237,118,4,5508,1,90,0
2238,118,4,5547,1,67,0
2239,118,4,5637,1,44,0
2240,118,4,5352,1,122,0
2241,118,4,5560,1,70,0
2242,118,4,5632,1,50,0
2243,118,4,5592,1,68,0
2244,118,4,5576,1,65,0
2245,118,4,5524,1,69,0
2246,118,4,5646,1,43,0
2247,118,4,5633,1,50,0
2248,118,4,5416,1,136,0
2249,118,4,5580,1,68,0
2250,118,4,5240,1,145,0
2251,118,4,5386,1,135,0
2252,118,4,5523,1,75,0
2253,118,4,5479,1,75,0
2254,118,4,5598,1,59,0
2255,118,4,5515,1,101,0
2256,119,4,5000,1,239,0
2257,119,4,5637,1,48,0
2258,119,4,5637,1,49,0
2259,119,4,5627,1,47,0
2260,119,4,5597,1,53,0
2261,119,4,5598,1,51,0
2262,119,4,5574,1,82,0
2263,119,4,5281,1,130,0
2264,119,4,5537,1,63,0
2265,119,4,5631,1,45,0
2266,119,4,5547,1,66,0
2267,119,4,5638,1,43,0
2268,119,4,5576,1,56,0
2269,119,4,5625,1,47,0
2270,119,4,5576,1,74,0
2271,119,4,5615,1,57,0
2272,119,2,2222,0,244,0
2273,119,4,5118,1,158,0
2274,119,4,5614,1,54,0
2275,119,4,5600,1,50,0
2276,119,4,5458,1,138,0
2277,119,4,5426,1,94,0
2278,119,4,5550,1,69,0
2279,119,4,5628,1,49,0
2280,119,4,5597,1,63,0
2281,119,4,5602,1,59,0
2282,119,4,5550,1,83,0
2283,119,4,5647,1,45,0
2284,119,4,5559,1,61,0
2285,119,4,5430,1,108,0
2286,119,4,5612,1,51,0
2287,119,4,5649,1,42,0
2288,119,4,5601,1,57,0
2289,119,4,5623,1,59,0
2290,119,4,5578,1,65,0
2291,119,4,5587,1,57,0
2292,119,4,5627,1,46,0
2293,119,4,5608,1,54,0
2294,119,4,5565,1,58,0
2295,119,4,5632,1,47,0
2296,119,2,2540,0,140,0
2297,120,4,5640,1,45,0
2298,120,4,5508,1,74,0
2299,120,4,5524,1,67,0
2300,120,4,5667,1,37,1
2301,120,4,5511,1,67,0
2302,120,4,5417,1,89,0
2303,120,4,5584,1,59,0
2304,120,4,5638,1,50,0
2305,120,4,5638,1,45,0
2306,120,4,5622,1,52,0
2307,120,4,5581,1,78,0
2308,120,4,5365,1,141,0
2309,120,4,5632,1,49,0
2310,120,4,5334,1,112,0
2311,120,4,5605,1,53,0
2312,120,4,5580,1,58,0
2313,120,4,5255,1,161,0
2314,120,4,5553,1,62,0
2315,120,4,5642,1,43,0
2316,120,4,5517,1,102,0
2317,120,4,5576,1,62,0
2318,120,4,5588,1,56,0
2319,120,4,4951,1,176,0
2320,120,4,5605,1,56,0
2321,120,4,5546,1,83,0
2322,120,4,5626,1,46,0
2323,120,4,5549,1,83,0
2324,120,4,5597,1,52,0
2325,120,4,5596,1,57,0
2326,120,4,5556,1,71,0
2327,120,4,5628,1,47,0
2328,120,4,5627,1,46,0
2329,120,4,5587,1,68,0
2330,120,4,5618,1,54,0
2331,120,4,5593,1,60,0
2332,120,4,5642,1,44,0
2333,120,4,5627,1,45,0
2334,120,4,5544,1,96,0
2335,120,4,5635,1,44,0
2336,120,4,5566,1,61,0
2337,120,4,5633,1,45,0
2338,121,0,98,0,204,0
2339,121,4,5632,1,48,0
2340,121,4,5613,1,55,0
2341,121,4,5552,1,68,0
2342,121,4,5643,1,43,0
2343,121,4,5248,1,153,0
2344,121,4,5371,1,129,0
2345,121,4,5616,1,53,0
2346,121,4,5655,1,41,0
2347,121,4,5524,1,65,0
2348,121,4,5632,1,46,0
2349,121,4,5590,1,53,0
2350,121,4,5588,1,62,0
2351,121,4,5522,1,86,0
2352,121,4,5385,1,167,0
2353,121,4,5583,1,64,0
2354,121,4,5621,1,55,0
2355,121,4,5590,1,54,0
2356,121,4,5631,1,47,0
2357,121,4,5537,1,94,0
2358,121,4,5547,1,69,0
2359,121,4,5148,1,179,0
2360,121,4,5563,1,79,0
2361,121,4,5523,1,64,0
2362,121,4,5618,1,49,0
2363,121,4,5658,1,40,0
2364,121,4,5372,1,121,0
2365,121,4,5646,1,43,0
2366,121,4,5628,1,48,0
2367,121,4,5625,1,50,0
2368,121,4,5626,1,47,0
2369,121,4,5616,1,50,0
2370,121,4,5501,1,71,0
2371,121,4,5593,1,66,0
2372,121,4,4774,1,216,0
2373,121,4,5575,1,64,0
2374,121,4,5549,1,81,0
2375,121,4,5661,1,40,0
2376,121,4,5628,1,47,0
2377,121,4,5484,1,83,0
2378,121,4,5629,1,51,0
2379,121,4,5612,1,57,0
2380,122,4,5376,1,116,0
2381,122,4,5574,1,82,0
2382,122,4,5648,1,41,0
2383,122,4,5598,1,59,0
2384,122,4,5626,1,48,0
2385,122,4,5502,1,74,0
2386,122,4,5131,1,175,0
2387,122,4,5609,1,50,0
2388,122,4,5514,1,93,0
2389,122,4,5647,1,42,0
2390,122,4,5586,1,63,0
2391,122,4,5300,1,168,0
2392,122,4,5545,1,78,0
2393,122,4,5576,1,73,0
2394,122,4,5576,1,55,0
2395,122,4,5597,1,58,0
2396,122,4,5547,1,76,0
2397,122,4,5635,1,45,0
2398,122,4,5631,1,46,0
2399,122,4,5529,1,64,0
2400,122,4,5667,1,37,1
2401,122,4,5350,1,106,0
2402,122,4,5583,1,65,0
2403,122,2,2401,0,185,0
2404,122,4,5512,1,73,0
2405,122,4,5541,1,65,0
2406,122,4,5639,1,44,0
2407,122,4,4070,1,374,0
2408,122,4,5637,1,49,0
2409,122,4,5646,1,42,0
2410,122,4,5636,1,46,0
2411,122,4,5491,1,72,0
2412,122,4,5393,1,94,0
2413,122,4,5501,1,86,0
2414,122,4,5613,1,60,0
2415,123,4,5569,1,69,0
2416,123,4,5217,1,125,0
2417,123,4,5503,1,73,0
2418,123,4,5602,1,60,0
2419,123,4,5635,1,45,0
2420,123,4,5414,1,109,0
2421,123,4,5650,1,42,0
2422,123,3,3630,0,158,0
2423,123,4,5584,1,53,0
2424,123,4,5388,1,129,0
2425,123,4,5613,1,48,0
2426,123,4,5412,1,144,0
2427,123,1,1119,0,168,0
2428,123,4,5635,1,46,0
2429,123,4,5639,1,45,0
2430,123,4,5566,1,71,0
2431,123,4,5554,1,68,0
2432,123,4,5571,1,60,0
2433,123,4,5617,1,49,0
2434,123,4,5287,1,191,0
2435,123,4,5162,1,165,0
2436,123,2,2360,0,152,0
2437,123,4,5404,1,120,0
2438,123,4,5642,1,47,0
2439,123,4,5443,1,97,0
2440,123,4,5599,1,53,0
2441,123,4,5453,1,102,0
2442,123,4,5468,1,97,0
2443,123,4,5571,1,64,0
2444,123,4,5531,1,77,0
2445,123,4,5601,1,57,0
2446,123,3,3622,0,246,0
2447,123,4,5607,1,50,0
2448,123,4,5640,1,50,0
2449,124,3,3456,0,301,0
2450,124,4,5603,1,63,0
2451,124,4,5388,1,103,0
2452,124,4,5577,1,75,0
2453,124,4,5460,1,104,0
2454,124,4,5643,1,44,0
2455,124,4,5616,1,50,0
2456,124,4,5472,1,85,0
2457,124,4,5553,1,64,0
2458,124,4,5642,1,45,0
2459,124,4,5566,1,67,0
2460,124,4,5515,1,75,0
2461,124,4,5616,1,57,0
2462,124,4,5654,1,41,0
2463,124,4,5604,1,50,0
2464,124,4,5594,1,71,0
2465,124,4,5581,1,56,0
2466,124,4,5617,1,53,0
2467,124,4,5509,1,85,0
2468,124,4,5630,1,49,0
2469,124,4,5544,1,95,0
2470,124,4,5417,1,114,0
2471,124,4,5400,1,103,0
2472,124,4,5633,1,46,0
2473,124,4,5566,1,61,0
2474,124,4,5616,1,55,0
2475,124,4,5640,1,45,0
2476,124,4,5613,1,50,0
2477,124,4,5159,1,139,0
2478,124,4,5477,1,89,0
2479,124,3,3433,0,245,0
2480,124,4,5610,1,56,0
2481,124,4,5575,1,63,0
2482,124,4,5650,1,43,0
2483,124,4,5652,1,41,0
2484,124,4,5523,1,101,0
2485,124,4,5568,1,69,0
2486,124,4,5652,1,42,0
2487,124,4,5483,1,101,0
2488,124,4,5333,1,177,0
2489,125,4,5579,1,56,0
2490,125,4,5541,1,80,0
2491,125,4,5203,1,128,0
2492,125,4,5616,1,50,0
2493,125,4,5448,1,99,0
2494,125,4,5510,1,72,0
2495,125,4,5624,1,51,0
2496,125,4,5606,1,53,0
2497,125,4,5638,1,43,0
2498,125,4,5610,1,61,0
2499,125,4,5342,1,113,0
2500,125,4,5667,1,37,1
2501,125,4,5631,1,48,0
2502,125,2,2549,0,250,0
2503,125,4,5650,1,42,0
2504,125,4,5615,1,50,0
2505,125,4,5657,1,40,0
2506,125,4,5543,1,66,0
2507,125,4,5463,1,80,0
2508,125,4,5606,1,50,0
2509,125,4,5662,1,39,0
2510,125,4,5625,1,46,0
2511,125,4,5412,1,176,0
2512,125,4,5344,1,152,0
2513,125,4,5592,1,71,0
2514,125,4,5591,1,60,0
2515,125,2,1713,0,422,0
2516,125,4,5637,1,45,0
2517,125,4,5344,1,158,0
2518,125,4,5633,1,45,0
2519,125,4,5608,1,49,0
2520,125,4,5651,1,41,0
2521,125,4,5643,1,43,0
2522,125,4,4867,1,190,0
2523,125,4,5374,1,96,0
2524,126,4,5320,1,160,0
2525,126,4,5438,1,124,0
2526,126,4,5500,1,90,0
2527,126,4,5643,1,44,0
2528,126,4,5528,1,97,0
2529,126,4,5619,1,48,0
2530,126,4,5532,1,73,0
2531,126,2,2343,0,152,0
2532,126,4,5522,1,78,0
2533,126,4,5576,1,75,0
2534,126,4,5553,1,81,0
2535,126,4,5610,1,53,0
2536,126,4,5632,1,53,0
2537,126,4,5567,1,58,0
2538,126,4,5460,1,137,0
2539,126,4,5330,1,111,0
2540,126,4,5518,1,65,0
2541,126,4,5598,1,62,0
2542,126,3,3466,0,165,0
2543,126,4,5551,1,74,0
2544,126,4,5400,1,162,0
2545,126,4,5390,1,170,0
2546,126,4,5658,1,40,0
2547,126,4,5497,1,108,0
2548,126,4,5270,1,118,0
2549,126,4,5511,1,78,0
2550,126,4,5591,1,52,0
2551,126,4,5574,1,59,0
2552,126,4,5612,1,50,0
2553,126,4,5637,1,47,0
2554,126,4,5468,1,130,0
2555,126,4,5634,1,44,0
2556,126,4,5638,1,49,0
2557,126,4,5617,1,49,0
2558,126,4,5309,1,114,0
2559,126,4,5478,1,79,0
2560,126,4,5481,1,93,0
2561,126,4,5654,1,40,0
2562,126,4,5616,1,52,0
2563,127,4,5550,1,75,0
2564,127,4,5632,1,46,0
2565,127,4,5502,1,100,0
2566,127,4,5628,1,48,0
2567,127,4,5138,1,142,0
2568,127,4,5537,1,78,0
2569,127,4,5602,1,52,0
2570,127,4,5622,1,46,0
2571,127,4,5637,1,45,0
2572,127,4,5572,1,64,0
2573,127,4,5335,1,116,0
2574,127,4,5376,1,114,0
2575,127,4,5616,1,53,0
2576,127,4,5550,1,76,0
2577,127,4,5535,1,64,0
2578,127,4,5645,1,46,0
2579,127,4,5668,1,36,0
2580,127,4,5621,1,48,0
2581,127,4,5585,1,58,0
2582,127,4,5614,1,52,0
2583,127,4,5644,1,46,0
2584,127,4,5462,1,124,0
2585,127,4,5564,1,58,0
2586,127,4,5465,1,104,0
2587,127,4,5610,1,58,0
2588,127,4,5539,1,71,0
2589,127,4,5551,1,63,0
2590,127,4,5617,1,48,0
2591,127,4,5476,1,116,0
2592,127,4,5652,1,40,0
2593,127,4,5630,1,47,0
2594,127,4,5620,1,49,0
2595,127,4,5594,1,52,0
2596,127,4,5619,1,49,0
2597,127,4,5625,1,48,0
2598,127,4,5596,1,54,0
2599,127,4,5620,1,52,0
2600,127,4,5667,1,37,1
2601,127,4,5482,1,79,0
2602,127,4,5638,1,47,0
2603,127,4,5182,1,223,0
2604,127,4,5635,1,47,0
2605,127,4,5639,1,47,0
2606,127,4,5670,1,36,0
2607,127,4,5642,1,45,0
2608,127,4,5272,1,131,0
2609,127,4,5581,1,58,0
2610,128,4,5567,1,75,0
2611,128,4,5376,1,167,0
2612,128,4,5614,1,52,0
2613,128,4,5622,1,50,0
2614,128,4,5640,1,44,0
2615,128,4,5335,1,99,0
2616,128,4,5337,1,101,0
2617,128,4,5506,1,68,0
2618,128,3,3479,0,287,0
2619,128,4,5657,1,40,0
2620,128,4,5656,1,40,0
2621,128,4,5300,1,169,0
2622,128,4,5621,1,51,0
2623,128,3,3262,0,164,0
2624,128,4,5519,1,64,0
2625,128,4,5593,1,63,0
2626,128,4,5529,1,70,0
2627,128,4,5265,1,124,0
2628,128,4,5546,1,61,0
2629,128,4,5706,1,56,0
2630,128,4,5581,1,68,0
2631,128,4,5050,1,180,0
2632,128,4,5395,1,97,0
2633,128,4,5396,1,110,0
2634,128,4,5636,1,47,0
2635,128,4,5571,1,64,0
2636,128,4,5574,1,80,0
2637,128,4,5605,1,50,0
2638,128,4,5368,1,189,0
2639,128,4,5617,1,56,0
2640,128,4,5601,1,54,0
2641,128,4,5459,1,142,0
2642,128,4,5630,1,44,0
2643,128,4,5653,1,41,0
2644,129,4,5177,1,155,0
2645,129,4,5311,1,124,0
2646,129,4,5221,1,175,0
2647,129,4,5452,1,101,0
2648,129,4,5405,1,165,0
2649,129,4,5565,1,62,0
2650,129,4,5409,1,105,0
2651,129,4,5541,1,68,0
2652,129,4,5281,1,129,0
2653,129,4,5637,1,49,0
2654,129,4,5644,1,42,0
2655,129,4,5607,1,61,0
2656,129,4,5611,1,59,0
2657,129,4,5537,1,82,0
2658,129,4,5465,1,110,0
2659,129,4,5595,1,55,0
2660,129,4,5553,1,65,0
2661,129,4,5557,1,60,0
2662,129,4,5610,1,51,0
2663,129,4,5403,1,154,0
2664,129,4,5454,1,118,0
2665,129,4,5553,1,59,0
2666,129,4,5624,1,53,0
2667,129,4,5648,1,42,0
2668,129,4,5558,1,83,0
2669,129,4,5636,1,46,0
2670,129,4,5543,1,67,0
2671,129,4,5585,1,61,0
2672,129,4,5579,1,56,0
2673,129,4,5638,1,44,0
2674,129,4,5523,1,78,0
2675,129,4,5631,1,49,0
2676,129,4,5651,1,42,0
2677,129,4,5243,1,128,0
2678,129,4,5616,1,50,0
2679,129,4,5558,1,64,0
2680,129,4,5607,1,49,0
2681,129,4,5621,1,50,0
2682,129,4,5417,1,139,0
2683,129,4,5625,1,48,0
2684,130,4,5630,1,49,0
2685,130,4,5567,1,56,0
2686,130,4,5377,1,137,0
2687,130,4,5231,1,207,0
2688,130,4,5629,1,49,0
2689,130,4,5465,1,99,0
2690,130,4,5550,1,61,0
2691,130,4,5569,1,61,0
2692,130,4,5447,1,124,0
2693,130,4,5612,1,50,0
2694,130,4,5467,1,79,0
2695,130,4,5609,1,50,0
2696,130,4,5392,1,127,0
2697,130,4,5395,1,175,0
2698,130,4,5620,1,54,0
2699,130,4,5309,1,111,0
2700,130,4,5667,1,37,1
2701,130,4,5629,1,48,0
2702,130,4,5195,1,133,0
2703,130,4,5509,1,86,0
2704,130,4,5486,1,111,0
2705,130,4,5402,1,98,0
2706,130,4,5479,1,119,0
2707,130,4,5608,1,63,0
2708,130,4,5594,1,55,0
2709,130,4,5633,1,49,0
2710,130,4,5622,1,50,0
2711,130,4,5523,1,64,0
2712,130,4,5576,1,59,0
2713,130,4,5522,1,71,0
2714,130,4,5653,1,41,0
2715,130,4,5637,1,47,0
2716,130,4,5632,1,47,0
2717,130,4,5525,1,104,0
2718,130,4,5622,1,52,0
2719,130,4,5254,1,123,0
2720,130,4,5115,1,172,0
2721,130,4,5621,1,47,0
2722,131,4,5561,1,73,0
2723,131,4,5541,1,64,0
2724,131,4,5547,1,62,0
2725,131,4,5485,1,94,0
2726,131,4,5556,1,62,0
2727,131,0,99,0,157,0
2728,131,4,5586,1,55,0
2729,131,4,5614,1,53,0
2730,131,4,5617,1,47,0
2731,131,4,5607,1,60,0
2732,131,4,5624,1,54,0
2733,131,4,5509,1,67,0
2734,131,4,5477,1,83,0
2735,131,4,5574,1,62,0
2736,131,4,5523,1,67,0
2737,131,4,5643,1,44,0
2738,131,4,5622,1,47,0
2739,131,4,5501,1,79,0
2740,131,4,5536,1,95,0
2741,131,4,5533,1,69,0
2742,131,4,5655,1,41,0
2743,131,4,5641,1,43,0
2744,131,4,5436,1,81,0
2745,131,4,5640,1,47,0
2746,131,4,5628,1,49,0
2747,131,4,5656,1,39,0
2748,131,4,5604,1,51,0
2749,131,4,5413,1,91,0
2750,131,4,5595,1,52,0
2751,131,4,5605,1,54,0
2752,131,4,5317,1,224,0
2753,131,4,5554,1,76,0
2754,131,4,5599,1,55,0
2755,131,4,5545,1,78,0
2756,131,4,5512,1,110,0
2757,131,4,5609,1,53,0
2758,131,4,5535,1,76,0
2759,131,4,5638,1,46,0
2760,131,4,5602,1,60,0
2761,131,4,5585,1,52,0
2762,131,4,5606,1,49,0
2763,131,4,5637,1,46,0
2764,131,4,5546,1,87,0
2765,131,4,5598,1,66,0
2766,131,4,5619,1,48,0
2767,132,4,5520,1,109,0
2768,132,4,5486,1,124,0
2769,132,4,5545,1,74,0
2770,132,4,5551,1,66,0
2771,132,4,5400,1,138,0
2772,132,4,5598,1,58,0
2773,132,4,5616,1,51,0
2774,132,4,5609,1,51,0
2775,132,4,5653,1,42,0
2776,132,4,5561,1,65,0
2777,132,4,5639,1,46,0
2778,132,4,5503,1,98,0
2779,132,4,5482,1,116,0
2780,132,4,5368,1,95,0
2781,132,4,5619,1,52,0
2782,132,4,5618,1,48,0
2783,132,4,5420,1,86,0
2784,132,4,5638,1,50,0
2785,132,4,5591,1,54,0
2786,132,4,5546,1,95,0
2787,132,4,5571,1,59,0
2788,132,4,5390,1,156,0
2789,132,4,5370,1,142,0
2790,132,4,5585,1,55,0
2791,132,4,5565,1,80,0
2792,132,4,5609,1,52,0
2793,132,4,5356,1,125,0
2794,132,4,5526,1,81,0
2795,132,4,5596,1,57,0
2796,132,4,5496,1,75,0
2797,132,3,3391,0,145,0
2798,132,4,5584,1,52,0
2799,132,4,5593,1,54,0
2800,132,4,5667,1,37,1
2801,132,4,5590,1,53,0
2802,132,4,5477,1,91,0
2803,132,4,5603,1,56,0
2804,132,4,5532,1,78,0
2805,132,4,5479,1,99,0
2806,132,4,5641,1,45,0
2807,132,4,5624,1,48,0
2808,133,4,5585,1,66,0
2809,133,4,5509,1,87,0
2810,133,4,5572,1,75,0
2811,133,4,5605,1,52,0
2812,133,4,5618,1,52,0
2813,133,4,3836,1,436,0
2814,133,4,5215,1,145,0
2815,133,4,5641,1,46,0
2816,133,4,5641,1,45,0
2817,133,4,5431,1,108,0
2818,133,4,5460,1,91,0
2819,133,4,5555,1,65,0
2820,133,4,5636,1,45,0
2821,133,4,5406,1,121,0
2822,133,4,5576,1,58,0
2823,133,4,5646,1,44,0
2824,133,4,5573,1,58,0
2825,133,4,5549,1,129,0
2826,133,4,5631,1,49,0
2827,133,3,3590,0,179,0
2828,133,4,5650,1,43,0
2829,133,4,5644,1,47,0
2830,133,4,5450,1,136,0
2831,133,4,5543,1,82,0
2832,133,4,5441,1,122,0
2833,133,4,5536,1,89,0
2834,133,4,5656,1,40,0
2835,133,4,5511,1,84,0
2836,133,4,5490,1,98,0
2837,133,4,5328,1,175,0
2838,133,3,3479,0,155,0
2839,133,4,5618,1,48,0
2840,133,4,5575,1,76,0
2841,134,4,5605,1,61,0
2842,134,4,5600,1,58,0
2843,134,4,5506,1,75,0
2844,134,4,5639,1,46,0
2845,134,4,5509,1,74,0
2846,134,4,5624,1,53,0
2847,134,4,5575,1,80,0
2848,134,4,5520,1,70,0
2849,134,4,5554,1,64,0
2850,134,4,5400,1,121,0
2851,134,4,5611,1,55,0
2852,134,4,5562,1,62,0
2853,134,4,5573,1,78,0
2854,134,4,5613,1,52,0
2855,134,4,5627,1,47,0
2856,134,4,5645,1,46,0
2857,134,4,5586,1,71,0
2858,134,4,5654,1,40,0
2859,134,4,5607,1,49,0
2860,134,4,5324,1,148,0
2861,134,4,5270,1,112,0
2862,134,4,5043,1,160,0
2863,134,4,5634,1,44,0
2864,134,4,5646,1,42,0
2865,134,4,5613,1,48,0
2866,134,4,5624,1,48,0
2867,134,4,5632,1,44,0
2868,134,4,5646,1,41,0
2869,134,4,5570,1,65,0
2870,134,4,5300,1,158,0
2871,134,4,5246,1,148,0
2872,134,4,5608,1,53,0
2873,134,4,5639,1,45,0
2874,134,4,5588,1,71,0
2875,134,4,5382,1,103,0
2876,134,4,5448,1,86,0
2877,134,4,5631,1,47,0
2878,134,4,5628,1,47,0
2879,134,4,5640,1,45,0
2880,134,4,5402,1,128,0
2881,134,4,5617,1,54,0
2882,134,4,5640,1,44,0
2883,134,4,5526,1,89,0
2884,134,4,5628,1,50,0
2885,134,4,5582,1,57,0
2886,135,4,5415,1,111,0
2887,135,4,5499,1,73,0
2888,135,4,5618,1,51,0
2889,135,4,5613,1,53,0
2890,135,4,5604,1,59,0
2891,135,4,5512,1,76,0
2892,135,4,5554,1,66,0
2893,135,4,5144,1,146,0
2894,135,4,5661,1,38,0
2895,135,4,5525,1,66,0
2896,135,4,5415,1,99,0
2897,135,4,5467,1,81,0
2898,135,4,5651,1,42,0
2899,135,4,5621,1,46,0
2900,135,4,5667,1,37,1
2901,135,4,5544,1,91,0
2902,135,4,5445,1,81,0
2903,135,4,5246,1,171,0
2904,135,4,5665,1,38,0
2905,135,4,5538,1,62,0
2906,135,4,5611,1,50,0
2907,135,4,5416,1,136,0
2908,135,4,5390,1,93,0
2909,135,4,5302,1,157,0
2910,135,4,5367,1,98,0
2911,135,4,5641,1,44,0
2912,135,4,5419,1,115,0
2913,135,4,5622,1,54,0
2914,135,4,5450,1,80,0
2915,135,4,5561,1,69,0
2916,135,4,5568,1,76,0
2917,135,4,5429,1,110,0
2918,135,4,5603,1,53,0
2919,135,4,5190,1,144,0
2920,135,4,5378,1,108,0
2921,135,4,5621,1,49,0
2922,135,4,5596,1,51,0
2923,135,4,5512,1,87,0
2924,135,4,5398,1,165,0
2925,136,4,5412,1,96,0
2926,136,4,5610,1,57,0
2927,136,4,5555,1,69,0
2928,136,4,5607,1,52,0
2929,136,4,5551,1,65,0
2930,136,4,5603,1,53,0
2931,136,4,5576,1,75,0
2932,136,4,5607,1,54,0
2933,136,4,5519,1,65,0
2934,136,4,5264,1,124,0
2935,136,4,5565,1,71,0
2936,136,4,5643,1,43,0
2937,136,4,5652,1,41,0
2938,136,4,5350,1,153,0
2939,136,4,5557,1,62,0
2940,136,4,5273,1,200,0
2941,136,4,5553,1,86,0
2942,136,4,5567,1,81,0
2943,136,4,5645,1,43,0
2944,136,4,5277,1,165,0
2945,136,4,5548,1,69,0
2946,136,4,5561,1,72,0
2947,136,4,5209,1,141,0
2948,136,4,5137,1,161,0
2949,136,4,5656,1,39,0
2950,136,4,5270,1,177,0
2951,136,4,5634,1,49,0
2952,136,4,5591,1,58,0
2953,136,4,5644,1,45,0
2954,136,4,5487,1,79,0
2955,136,4,5467,1,81,0
2956,136,4,5588,1,64,0
2957,136,4,5661,1,39,0
2958,136,4,5632,1,45,0
2959,136,4,5600,1,55,0
2960,136,4,5571,1,69,0
2961,136,4,5579,1,57,0
2962,136,4,5640,1,42,0
2963,136,4,5605,1,66,0
2964,136,4,5479,1,131,0
2965,137,4,5360,1,141,0
2966,137,4,5562,1,72,0
2967,137,4,5622,1,47,0
2968,137,4,5548,1,82,0
2969,137,4,5651,1,42,0
2970,137,0,99,0,126,0
2971,137,4,5459,1,86,0
2972,137,4,5629,1,51,0
2973,137,4,5608,1,49,0
2974,137,4,5572,1,66,0
2975,137,4,5584,1,75,0
2976,137,4,5501,1,119,0
2977,137,4,5301,1,149,0
2978,137,4,5579,1,62,0
2979,137,4,5617,1,49,0
2980,137,4,5606,1,50,0
2981,137,4,5628,1,47,0
2982,137,4,5522,1,70,0
2983,137,4,5587,1,60,0
2984,137,4,5599,1,66,0
2985,137,4,5233,1,122,0
2986,137,4,5598,1,65,0
2987,137,4,5614,1,51,0
2988,137,4,5621,1,50,0
2989,137,4,5640,1,44,0
2990,137,4,5638,1,43,0
2991,137,4,5580,1,53,0
2992,137,4,5642,1,44,0
2993,137,4,5543,1,71,0
2994,137,4,5588,1,62,0
2995,137,4,5640,1,44,0
2996,137,4,5614,1,50,0
2997,137,4,5598,1,69,0
2998,137,4,5530,1,64,0
2999,137,4,5553,1,63,0
3000,137,4,5667,1,37,1
3001,137,4,5300,1,159,0
3002,137,4,5451,1,142,0
3003,137,4,5602,1,63,0
3004,137,4,5591,1,56,0
3005,137,4,5555,1,68,0
3006,137,4,5588,1,56,0
3007,137,4,5617,1,48,0
3008,137,4,5584,1,63,0
3009,137,4,5645,1,43,0
3010,137,4,5225,1,142,0
3011,138,4,5513,1,104,0
3012,138,4,5375,1,132,0
3013,138,4,5416,1,111,0
3014,138,4,5619,1,49,0
3015,138,4,5577,1,72,0
3016,138,4,5454,1,121,0
3017,138,2,2347,0,165,0
3018,138,4,5661,1,39,0
3019,138,4,5476,1,121,0
3020,138,4,5364,1,97,0
3021,138,4,5563,1,64,0
3022,138,4,5507,1,80,0
3023,138,4,5643,1,44,0
3024,138,4,5391,1,122,0
3025,138,4,5313,1,107,0
3026,138,4,5316,1,165,0
3027,138,4,5630,1,46,0
3028,138,4,5614,1,61,0
3029,138,4,5646,1,42,0
3030,138,4,5581,1,74,0
3031,138,4,5428,1,87,0
3032,138,4,5429,1,90,0
3033,138,4,5536,1,79,0
3034,138,4,5570,1,59,0
3035,138,4,5510,1,86,0
3036,138,4,5317,1,155,0
3037,138,4,5583,1,74,0
3038,138,4,5641,1,44,0
3039,138,4,5555,1,83,0
3040,138,4,5542,1,71,0
3041,138,4,5634,1,48,0
3042,138,4,5526,1,88,0
3043,138,4,5632,1,45,0
3044,138,4,5639,1,43,0
3045,138,4,5553,1,58,0
3046,138,4,5651,1,40,0
3047,138,4,5373,1,94,0
3048,138,4,5557,1,80,0
3049,138,4,5625,1,50,0
3050,138,4,5660,1,40,0
3051,139,4,5501,1,89,0
3052,139,3,3650,0,287,0
3053,139,4,5637,1,45,0
3054,139,4,5642,1,44,0
3055,139,4,4557,1,293,0
3056,139,4,5627,1,45,0
3057,139,4,5661,1,38,0
3058,139,4,5426,1,113,0
3059,139,4,5348,1,140,0
3060,139,4,5583,1,62,0
3061,139,4,5616,1,50,0
3062,139,4,5071,1,149,0
3063,139,4,5613,1,51,0
3064,139,4,5317,1,150,0
3065,139,4,5398,1,105,0
3066,139,4,5288,1,120,0
3067,139,4,5665,1,38,0
3068,139,4,5564,1,60,0
3069,139,4,5577,1,80,0
3070,139,4,5597,1,53,0
3071,139,4,5531,1,94,0
3072,139,4,5594,1,55,0
3073,139,4,5376,1,176,0
3074,139,4,5578,1,54,0
3075,139,4,5043,1,187,0
3076,139,4,5640,1,47,0
3077,139,4,5605,1,62,0
3078,139,4,5629,1,49,0
3079,139,4,5493,1,70,0
3080,139,4,5533,1,85,0
3081,139,4,5630,1,50,0
3082,139,4,5237,1,201,0
3083,140,2,2258,0,202,0
3084,140,4,5540,1,69,0
3085,140,4,5602,1,50,0
3086,140,4,5633,1,46,0
3087,140,4,5636,1,44,0
3088,140,4,5560,1,83,0
3089,140,4,5305,1,142,0
3090,140,4,5624,1,47,0
3091,140,4,5549,1,67,0
3092,140,4,5630,1,46,0
3093,140,4,5468,1,103,0
3094,140,4,5663,1,39,0
3095,140,4,5329,1,133,0
3096,140,4,5523,1,68,0
3097,140,4,5521,1,94,0
3098,140,4,5588,1,56,0
3099,140,4,5647,1,42,0
3100,140,4,5667,1,37,1
3101,140,4,5659,1,39,0
3102,140,4,5464,1,102,0
3103,140,0,99,0,132,0
3104,140,4,5605,1,56,0
3105,140,4,5405,1,117,0
3106,140,4,5588,1,57,0
3107,140,4,5635,1,45,0
3108,140,4,5512,1,107,0
3109,140,4,5452,1,134,0
3110,140,4,5578,1,57,0
3111,140,4,5622,1,48,0
3112,140,4,5552,1,60,0
3113,140,4,5472,1,128,0
3114,140,4,5604,1,50,0
3115,140,4,5397,1,104,0
3116,140,4,5624,1,48,0
3117,140,4,5219,1,129,0
3118,140,4,5232,1,182,0
3119,140,4,5592,1,54,0
3120,140,4,5545,1,78,0
3121,140,4,5658,1,39,0
3122,140,4,5616,1,51,0
3123,140,4,5631,1,46,0
3124,141,4,5176,1,157,0
3125,141,4,5593,1,68,0
3126,141,4,5527,1,83,0
3127,141,4,5599,1,68,0
3128,141,3,3623,0,253,0
3129,141,4,5607,1,59,0
3130,141,4,5583,1,69,0
3131,141,4,5428,1,148,0
3132,141,4,5567,1,71,0
3133,141,4,5629,1,50,0
3134,141,4,5503,1,68,0
3135,141,3,3474,0,172,0
3136,141,4,5544,1,72,0
3137,141,4,5659,1,39,0
3138,141,4,5604,1,54,0
3139,141,4,5568,1,67,0
3140,141,4,5575,1,69,0
3141,141,4,5462,1,95,0
3142,141,4,5636,1,46,0
3143,141,4,5372,1,113,0
3144,141,4,5661,1,39,0
3145,141,4,5618,1,51,0
3146,141,4,5599,1,55,0
3147,141,4,5619,1,58,0
3148,141,4,5583,1,63,0
3149,141,4,5546,1,81,0
3150,141,4,5614,1,49,0
3151,141,4,5630,1,47,0
3152,141,4,5530,1,103,0
3153,141,4,5468,1,89,0
3154,141,0,99,0,152,0
3155,141,4,5621,1,50,0
3156,141,4,5636,1,46,0
3157,141,4,5645,1,43,0
3158,141,4,5584,1,56,0
3159,141,4,5579,1,78,0
3160,141,4,5645,1,42,0
3161,141,4,5427,1,109,0
3162,141,4,5640,1,43,0
3163,141,4,5626,1,48,0
3164,141,4,5608,1,49,0
3165,141,4,5604,1,65,0
3166,141,4,5655,1,42,0
3167,141,4,5630,1,49,0
3168,142,4,5576,1,63,0
3169,142,4,5615,1,59,0
3170,142,0,99,0,186,0
3171,142,4,5559,1,73,0
3172,142,4,5547,1,65,0
3173,142,4,5578,1,54,0
3174,142,4,5559,1,61,0
3175,142,4,5595,1,53,0
3176,142,4,5550,1,72,0
3177,142,4,5572,1,56,0
3178,142,4,5528,1,66,0
3179,142,4,5517,1,68,0
3180,142,4,5648,1,45,0
3181,142,4,5640,1,45,0
3182,142,4,5522,1,83,0
3183,142,4,5606,1,53,0
3184,142,4,5634,1,43,0
3185,142,4,5662,1,39,0
3186,142,4,5619,1,54,0
3187,142,4,5628,1,54,0
3188,142,4,5564,1,85,0
3189,142,4,5652,1,39,0
3190,142,4,5609,1,55,0
3191,142,4,5576,1,58,0
3192,142,3,3641,0,263,0
3193,142,4,5547,1,90,0
3194,142,4,5635,1,44,0
3195,142,4,5506,1,74,0
3196,142,4,5630,1,52,0
3197,142,0,197,0,156,0
3198,142,4,5312,1,189,0
3199,142,4,5499,1,107,0
3200,142,4,5667,1,37,1
3201,142,4,5590,1,70,0
3202,142,4,5607,1,50,0
3203,142,4,5503,1,87,0
3204,142,4,5162,1,192,0
3205,142,4,5655,1,42,0
3206,142,4,5598,1,52,0
3207,142,4,5533,1,88,0
3208,142,4,5566,1,59,0
3209,143,4,5572,1,60,0
3210,143,4,5596,1,52,0
3211,143,4,5515,1,81,0
3212,143,4,5419,1,93,0
3213,143,4,5521,1,78,0
3214,143,4,5578,1,64,0
3215,143,4,5608,1,49,0
3216,143,4,5597,1,57,0
3217,143,4,5644,1,43,0
3218,143,4,5647,1,41,0
3219,143,4,5640,1,47,0
3220,143,4,5561,1,67,0
3221,143,4,5623,1,53,0
3222,143,4,5248,1,178,0
3223,143,4,5258,1,164,0
3224,143,4,5515,1,92,0
3225,143,4,5486,1,90,0
3226,143,4,5498,1,74,0
3227,143,4,5519,1,75,0
3228,143,4,5616,1,53,0
3229,143,4,5551,1,68,0
3230,143,4,5596,1,59,0
3231,143,4,5591,1,55,0
3232,143,4,5633,1,44,0
3233,143,4,5595,1,56,0
3234,143,4,5588,1,60,0
3235,143,4,5523,1,76,0
3236,143,4,5627,1,48,0
3237,143,4,5546,1,75,0
3238,143,4,5463,1,100,0
3239,143,4,5635,1,47,0
3240,143,4,5632,1,45,0
3241,143,4,5658,1,39,0
3242,143,4,5570,1,55,0
3243,143,4,5612,1,49,0
3244,143,0,193,0,144,0
3245,143,4,5564,1,67,0
3246,143,4,5365,1,96,0
3247,143,4,5615,1,50,0
3248,143,4,5339,1,145,0
3249,143,4,5608,1,59,0
3250,144,4,4855,1,368,0
3251,144,4,5600,1,53,0
3252,144,4,5475,1,83,0
3253,144,4,5495,1,98,0
3254,144,4,5458,1,88,0
3255,144,4,5496,1,119,0
3256,144,4,5613,1,54,0
3257,144,4,5593,1,63,0
3258,144,4,5481,1,79,0
3259,144,4,5632,1,46,0
3260,144,4,5584,1,71,0
3261,144,4,5486,1,122,0
3262,144,4,5595,1,52,0
3263,144,4,5420,1,114,0
3264,144,4,5580,1,59,0
3265,144,4,5587,1,61,0
3266,144,4,5628,1,47,0
3267,144,4,5569,1,58,0
3268,144,4,5592,1,70,0
3269,144,4,5488,1,118,0
3270,144,4,5566,1,68,0
3271,144,1,1288,0,135,0
3272,144,4,5590,1,55,0
3273,144,4,5563,1,76,0
3274,144,4,5570,1,71,0
3275,144,4,5636,1,45,0
3276,144,4,5606,1,52,0
3277,144,4,5621,1,49,0
3278,144,4,5600,1,52,0
3279,144,4,5657,1,40,0
3280,144,4,5591,1,58,0
3281,144,4,5646,1,45,0
3282,144,4,5567,1,61,0
3283,144,4,5513,1,83,0
3284,144,4,5494,1,120,0
3285,144,4,5660,1,39,0
3286,144,4,5391,1,128,0
3287,144,4,5477,1,79,0
3288,144,4,5598,1,52,0
3289,144,4,5630,1,54,0
3290,144,4,5620,1,51,0
3291,144,4,5616,1,48,0
3292,144,4,5520,1,70,0
3293,144,4,5561,1,63,0
3294,145,4,5618,1,48,0
3295,145,4,5610,1,52,0
3296,145,2,2192,0,163,0
3297,145,4,5616,1,52,0
3298,145,4,5620,1,48,0
3299,145,4,5646,1,42,0
3300,145,4,5667,1,37,1
3301,145,4,5479,1,98,0
3302,145,4,5640,1,44,0
3303,145,4,5502,1,80,0
3304,145,4,5602,1,55,0
3305,145,4,5560,1,77,0
3306,145,4,5625,1,49,0
3307,145,4,5580,1,60,0
3308,145,4,5466,1,80,0
3309,145,4,5495,1,69,0
3310,145,4,5649,1,44,0
3311,145,4,5596,1,54,0
3312,145,4,5380,1,126,0
3313,145,4,5654,1,41,0
3314,145,4,5627,1,47,0
3315,145,4,5617,1,53,0
3316,145,4,5616,1,51,0
3317,145,4,5506,1,95,0
3318,145,4,5627,1,51,0
3319,145,4,5526,1,67,0
3320,145,4,5586,1,61,0
3321,145,2,2186,0,198,0
3322,145,4,5643,1,45,0
3323,145,4,5568,1,78,0
3324,145,4,5170,1,163,0
3325,145,4,5621,1,52,0
3326,145,4,5647,1,44,0
3327,145,4,5543,1,66,0
3328,145,4,5551,1,83,0
3329,145,4,5520,1,82,0
3330,145,4,5337,1,118,0
3331,145,4,5654,1,40,0
3332,145,4,5587,1,61,0
3333,145,4,5573,1,56,0
3334,145,4,5245,1,173,0
3335,145,4,5468,1,97,0
3336,145,4,5616,1,53,0
3337,145,4,5629,1,49,0
3338,146,4,5492,1,78,0
3339,146,4,4994,1,179,0
3340,146,4,5438,1,101,0
3341,146,3,3552,0,180,0
3342,146,4,5636,1,45,0
3343,146,4,5639,1,46,0
3344,146,4,5511,1,112,0
3345,146,4,5380,1,116,0
3346,146,4,5565,1,61,0
3347,146,4,5551,1,74,0
3348,146,4,5654,1,40,0
3349,146,4,5524,1,79,0
3350,146,4,5380,1,105,0
3351,146,4,5519,1,85,0
3352,146,4,5581,1,61,0
3353,146,4,5630,1,45,0
3354,146,4,5452,1,106,0
3355,146,4,5521,1,97,0
3356,146,4,5532,1,62,0
3357,146,4,5204,1,186,0
3358,146,4,5587,1,63,0
3359,146,4,5526,1,66,0
3360,146,4,5527,1,97,0
3361,146,4,5389,1,168,0
3362,146,4,5631,1,49,0
3363,146,4,5647,1,41,0
3364,146,4,5647,1,43,0
3365,146,4,5654,1,40,0
3366,146,4,5558,1,66,0
3367,146,4,5425,1,113,0
3368,146,4,5620,1,48,0
3369,146,4,5609,1,54,0
3370,146,4,5644,1,46,0
3371,146,4,5637,1,48,0
3372,146,4,5491,1,70,0
3373,146,4,5371,1,96,0
3374,146,4,5563,1,63,0
3375,146,4,5559,1,84,0
3376,147,4,5285,1,160,0
3377,147,4,5451,1,86,0
3378,147,4,5580,1,56,0
3379,147,4,5644,1,44,0
3380,147,4,5553,1,61,0
3381,147,4,5655,1,41,0
3382,147,4,5443,1,107,0
3383,147,4,5541,1,93,0
3384,147,4,5641,1,46,0
3385,147,4,5460,1,101,0
3386,147,4,5653,1,41,0
3387,147,0,99,0,130,0
3388,147,4,5549,1,85,0
3389,147,4,5511,1,71,0
3390,147,4,5645,1,46,0
3391,147,4,5564,1,70,0
3392,147,4,5652,1,44,0
3393,147,4,5551,1,65,0
3394,147,4,5439,1,106,0
3395,147,4,5653,1,42,0
3396,147,4,5519,1,84,0
3397,147,4,5490,1,98,0
3398,147,4,5609,1,54,0
3399,147,4,5602,1,65,0
3400,147,4,5667,1,37,1
3401,147,4,5622,1,51,0
3402,147,4,5562,1,70,0
3403,147,4,5633,1,47,0
3404,147,4,5618,1,56,0
3405,147,4,5586,1,56,0
3406,147,4,5644,1,43,0
3407,147,4,5597,1,54,0
3408,147,4,5616,1,51,0
3409,147,4,5644,1,45,0
3410,147,4,5597,1,59,0
3411,147,4,5362,1,118,0
3412,147,4,5463,1,91,0
3413,147,4,5633,1,45,0
3414,147,4,5652,1,42,0
3415,147,4,5484,1,85,0
3416,147,4,5309,1,106,0
3417,147,4,5647,1,45,0
3418,147,4,5627,1,45,0
3419,147,4,5627,1,51,0
3420,147,4,5592,1,56,0
3421,147,4,5611,1,64,0
3422,147,4,5610,1,58,0
3423,147,4,5569,1,58,0
3424,147,4,5485,1,78,0
3425,148,4,5465,1,100,0
3426,148,4,5454,1,87,0
3427,148,4,5527,1,79,0
3428,148,4,5446,1,80,0
3429,148,4,5624,1,46,0
3430,148,4,5635,1,51,0
3431,148,4,5628,1,44,0
3432,148,4,5620,1,54,0
3433,148,4,5512,1,68,0
3434,148,4,5629,1,54,0
3435,148,4,5649,1,44,0
3436,148,4,5632,1,45,0
3437,148,4,5503,1,78,0
3438,148,4,5612,1,55,0
3439,148,4,5576,1,57,0
3440,148,4,5540,1,74,0
3441,148,4,5641,1,43,0
3442,148,4,5655,1,40,0
3443,148,4,5311,1,135,0
3444,148,4,5617,1,50,0
3445,148,4,5651,1,40,0
3446,148,4,5607,1,51,0
3447,148,4,5219,1,144,0
3448,148,4,5663,1,39,0
3449,148,4,5582,1,60,0
3450,148,4,5610,1,51,0
3451,148,4,5626,1,48,0
3452,148,4,5586,1,56,0
3453,148,4,5536,1,70,0
3454,148,4,5604,1,56,0
3455,148,4,5485,1,127,0
3456,148,4,5642,1,42,0
3457,148,4,5633,1,51,0
3458,148,4,5642,1,42,0
3459,148,4,5635,1,45,0
3460,148,4,5472,1,102,0
3461,148,4,5610,1,52,0
3462,148,4,5436,1,92,0
3463,148,4,5624,1,47,0
3464,148,4,5428,1,148,0
3465,148,4,5574,1,60,0
3466,148,4,5645,1,43,0
3467,148,4,5551,1,68,0
3468,148,4,5606,1,53,0
3469,148,4,5621,1,50,0
3470,148,4,5381,1,120,0
3471,148,4,5525,1,70,0
3472,148,4,5648,1,45,0
3473,148,4,5526,1,63,0
3474,149,4,5476,1,87,0
3475,149,4,5594,1,68,0
3476,149,4,5629,1,46,0
3477,149,4,5602,1,56,0
3478,149,4,5597,1,52,0
3479,149,4,5610,1,56,0
3480,149,4,5525,1,95,0
3481,149,4,5618,1,50,0
3482,149,4,5570,1,67,0
3483,149,4,5615,1,53,0
3484,149,4,5251,1,117,0
3485,149,4,5293,1,232,0
3486,149,4,5619,1,50,0
3487,149,4,5350,1,130,0
3488,149,4,5543,1,96,0
3489,149,4,5614,1,54,0
3490,149,4,4927,1,214,0
3491,149,4,5596,1,52,0
3492,149,4,5642,1,44,0
3493,149,4,5486,1,83,0
3494,149,4,5584,1,52,0
3495,149,4,5608,1,60,0
3496,149,4,5636,1,47,0
3497,149,0,99,0,128,0
3498,149,4,5571,1,65,0
3499,149,4,5664,1,38,0
3500,149,4,5667,1,37,1
3501,149,4,5633,1,45,0
3502,149,4,5483,1,132,0
3503,149,4,5634,1,45,0
3504,149,4,5597,1,51,0
3505,149,4,5600,1,56,0
3506,149,4,5610,1,55,0
3507,149,4,5569,1,57,0
3508,149,4,5235,1,118,0
3509,149,4,5614,1,52,0
3510,149,4,5445,1,89,0
3511,149,4,5619,1,50,0
3512,149,4,5581,1,55,0
3513,149,4,5640,1,45,0
3514,149,4,5661,1,40,0
3515,149,4,5612,1,55,0
3516,149,4,5615,1,49,0
3517,150,4,5386,1,108,0
3518,150,4,5450,1,84,0
3519,150,4,5463,1,92,0
3520,150,4,5459,1,97,0
3521,150,4,5621,1,50,0
3522,150,2,2218,0,148,0
3523,150,4,5630,1,47,0
3524,150,4,5522,1,78,0
3525,150,4,5624,1,46,0
3526,150,4,5634,1,44,0
3527,150,4,5501,1,70,0
3528,150,4,5382,1,95,0
3529,150,3,3605,0,201,0
3530,150,4,5628,1,46,0
3531,150,4,5569,1,62,0
3532,150,0,99,0,143,0
3533,150,4,5563,1,67,0
3534,150,4,5545,1,96,0
3535,150,4,5537,1,69,0
3536,150,4,5495,1,89,0
3537,150,4,5486,1,80,0
3538,150,4,5384,1,114,0
3539,150,4,5366,1,95,0
3540,150,4,5585,1,58,0
3541,150,4,5568,1,59,0
3542,150,4,5314,1,121,0
3543,150,4,5598,1,56,0
3544,150,4,5602,1,56,0
3545,150,4,4982,1,241,0
3546,150,4,5641,1,44,0
3547,150,4,5597,1,55,0
3548,150,4,5647,1,42,0
3549,150,4,5596,1,62,0
3550,150,4,5566,1,59,0
3551,150,4,5567,1,59,0
3552,150,4,5588,1,58,0
3553,150,4,5553,1,70,0
3554,150,4,5654,1,41,0
3555,150,4,5356,1,124,0
3556,150,4,5584,1,59,0
3557,151,4,5605,1,53,0
3558,151,4,5636,1,48,0
3559,151,4,5643,1,44,0
3560,151,4,5654,1,40,0
3561,151,4,5416,1,129,0
3562,151,4,5616,1,59,0
3563,151,4,5660,1,40,0
3564,151,4,5593,1,54,0
3565,151,4,5659,1,39,0
3566,151,1,1192,0,142,0
3567,151,4,5474,1,92,0
3568,151,4,5623,1,49,0
3569,151,4,5611,1,50,0
3570,151,4,5585,1,70,0
3571,151,4,5596,1,57,0
3572,151,4,5623,1,53,0
3573,151,4,5658,1,40,0
3574,151,4,5621,1,49,0
3575,151,4,5659,1,40,0
3576,151,4,5652,1,42,0
3577,151,4,5641,1,44,0
3578,151,4,5237,1,155,0
3579,151,4,5400,1,164,0
3580,151,4,5391,1,104,0
3581,151,4,5519,1,84,0
3582,151,4,5654,1,42,0
3583,151,4,5606,1,53,0
3584,151,4,5430,1,84,0
3585,151,4,5566,1,60,0
3586,151,4,5641,1,43,0
3587,151,4,5533,1,68,0
3588,151,4,5617,1,51,0
3589,151,4,5634,1,46,0
3590,151,4,5505,1,85,0
3591,151,4,5543,1,68,0
3592,151,4,5542,1,67,0
3593,151,4,5651,1,43,0
3594,151,4,5606,1,56,0
3595,151,4,5644,1,44,0
3596,151,4,4691,1,447,0
3597,151,4,5510,1,67,0
3598,151,4,5612,1,53,0
3599,151,4,5567,1,58,0
3600,151,4,5667,1,37,1
3601,152,4,5536,1,67,0
3602,152,4,5244,1,121,0
3603,152,4,4995,1,207,0
3604,152,4,5589,1,57,0
3605,152,4,5555,1,93,0
3606,152,4,5422,1,99,0
3607,152,4,5597,1,52,0
3608,152,4,5558,1,69,0
3609,152,4,5528,1,70,0
3610,152,4,5481,1,94,0
3611,152,4,5609,1,49,0
3612,152,4,5520,1,66,0
3613,152,4,5630,1,45,0
3614,152,4,5490,1,93,0
3615,152,4,5615,1,49,0
3616,152,4,5608,1,55,0
3617,152,4,5596,1,54,0
3618,152,4,5316,1,143,0
3619,152,4,5651,1,42,0
3620,152,4,4631,1,255,0
3621,152,4,5659,1,40,0
3622,152,4,5592,1,55,0
3623,152,4,5371,1,123,0
3624,152,4,5629,1,79,0
3625,152,4,5614,1,53,0
3626,152,4,5592,1,55,0
3627,152,4,5647,1,41,0
3628,152,4,5573,1,68,0
3629,152,4,5616,1,53,0
3630,152,4,5589,1,61,0
3631,152,4,5627,1,49,0
3632,152,4,5636,1,50,0
3633,152,4,5171,1,185,0
3634,152,4,5555,1,61,0
3635,152,4,5441,1,84,0
3636,152,4,5527,1,79,0
3637,152,4,5577,1,73,0
3638,152,4,5579,1,54,0
3639,152,2,2339,0,140,0
3640,152,4,5585,1,69,0
3641,153,4,5616,1,48,0
3642,153,4,5472,1,85,0
3643,153,4,5390,1,92,0
3644,153,4,5239,1,135,0
3645,153,4,5651,1,42,0
3646,153,4,5650,1,42,0
3647,153,4,5556,1,86,0
3648,153,4,5568,1,73,0
3649,153,1,1145,0,183,0
3650,153,4,5577,1,63,0
3651,153,4,5540,1,69,0
3652,153,3,3468,0,189,0
3653,153,4,5347,1,125,0
3654,153,4,5631,1,51,0
3655,153,4,5631,1,49,0
3656,153,4,5652,1,41,0
3657,153,4,5261,1,168,0
3658,153,4,5636,1,45,0
3659,153,4,5589,1,67,0
3660,153,4,5633,1,44,0
3661,153,4,5583,1,60,0
3662,153,4,5585,1,56,0
3663,153,4,5575,1,61,0
3664,153,4,5628,1,47,0
3665,153,4,5664,1,38,0
3666,153,4,5644,1,43,0
3667,153,4,5599,1,65,0
3668,153,2,2185,0,163,0
3669,153,4,5613,1,56,0
3670,153,4,5641,1,44,0
3671,153,4,5456,1,98,0
3672,153,4,5604,1,54,0
3673,153,4,5329,1,106,0
3674,153,4,5552,1,78,0
3675,153,4,5584,1,56,0
3676,153,4,5595,1,55,0
3677,153,4,5605,1,55,0
3678,153,4,5627,1,53,0
3679,153,4,5656,1,41,0
3680,153,4,5617,1,48,0
3681,153,4,5596,1,64,0
3682,153,4,5631,1,44,0
3683,153,4,5636,1,45,0
3684,153,4,5625,1,47,0
3685,154,4,5426,1,94,0
3686,154,4,5419,1,90,0
3687,154,4,5365,1,94,0
3688,154,4,5510,1,67,0
3689,154,4,5507,1,87,0
3690,154,1,1287,0,129,0
3691,154,4,5383,1,166,0
3692,154,4,5586,1,52,0
3693,154,4,5568,1,64,0
3694,154,4,5479,1,94,0
3695,154,4,5644,1,42,0
3696,154,4,5622,1,50,0
3697,154,4,5582,1,84,0
3698,154,4,5492,1,93,0
3699,154,4,5546,1,67,0
3700,154,4,5667,1,37,1
3701,154,4,5605,1,51,0
3702,154,4,5626,1,47,0
3703,154,4,5633,1,45,0
3704,154,4,5441,1,107,0
3705,154,4,5460,1,105,0
3706,154,4,5639,1,44,0
3707,154,4,5569,1,62,0
3708,154,4,5623,1,47,0
3709,154,4,5564,1,59,0
3710,154,4,5485,1,82,0
3711,154,4,5560,1,63,0
3712,154,4,5563,1,62,0
3713,154,4,5644,1,44,0
3714,154,4,5481,1,125,0
3715,154,4,5605,1,51,0
3716,154,4,5640,1,44,0
3717,154,4,5513,1,101,0
3718,154,4,5409,1,171,0
3719,154,4,5400,1,165,0
3720,154,4,5553,1,71,0
3721,154,4,5550,1,71,0
3722,154,4,5629,1,48,0
3723,154,4,5592,1,58,0
3724,154,4,5594,1,55,0
3725,154,4,5517,1,86,0
3726,155,4,5643,1,44,0
3727,155,4,5644,1,47,0
3728,155,4,5633,1,48,0
3729,155,4,5457,1,77,0
3730,155,4,5640,1,46,0
3731,155,4,5597,1,51,0
3732,155,4,5586,1,54,0
3733,155,4,5619,1,56,0
3734,155,4,5543,1,65,0
3735,155,4,5664,1,38,0
3736,155,4,5646,1,44,0
3737,155,4,5593,1,59,0
3738,155,4,5335,1,189,0
3739,155,4,5494,1,86,0
3740,155,4,5501,1,83,0
3741,155,4,5623,1,50,0
3742,155,4,5599,1,53,0
3743,155,4,5646,1,46,0
3744,155,4,5616,1,52,0
3745,155,4,5567,1,85,0
3746,155,4,5599,1,56,0
3747,155,4,5654,1,42,0
3748,155,2,2366,0,148,0
3749,155,4,5415,1,117,0
3750,155,4,5556,1,58,0
3751,155,4,5315,1,141,0
3752,155,4,5607,1,61,0
3753,155,4,5637,1,44,0
3754,155,4,5618,1,55,0
3755,155,2,2456,0,176,0
3756,155,4,5649,1,42,0
3757,155,4,5662,1,39,0
3758,155,4,5394,1,110,0
3759,155,4,5403,1,123,0
3760,155,4,5592,1,54,0
3761,155,4,5544,1,60,0
3762,155,4,5594,1,59,0
3763,155,4,5615,1,49,0
3764,155,4,5611,1,53,0
3765,155,4,5598,1,60,0
3766,155,4,5614,1,59,0
3767,155,4,5439,1,102,0
3768,155,4,5615,1,62,0
3769,155,4,5330,1,118,0
3770,156,4,5557,1,71,0
3771,156,4,5644,1,42,0
3772,156,4,5565,1,59,0
3773,156,4,5631,1,50,0
3774,156,4,5633,1,47,0
3775,156,4,5348,1,118,0
3776,156,4,5607,1,64,0
3777,156,4,5605,1,59,0
3778,156,4,5640,1,49,0
3779,156,4,5623,1,52,0
3780,156,4,5667,1,37,0
3781,156,4,5372,1,122,0
3782,156,4,5642,1,43,0
3783,156,4,5596,1,57,0
3784,156,4,5628,1,47,0
3785,156,4,5563,1,75,0
3786,156,4,5620,1,50,0
3787,156,4,5587,1,55,0
3788,156,4,5498,1,73,0
3789,156,4,5649,1,43,0
3790,156,4,5661,1,39,0
3791,156,4,5613,1,52,0
3792,156,4,5569,1,57,0
3793,156,4,5400,1,87,0
3794,156,4,5609,1,55,0
3795,156,4,5615,1,51,0
3796,156,4,5636,1,48,0
3797,156,4,5375,1,132,0
3798,156,4,5638,1,45,0
3799,156,4,5251,1,142,0
3800,156,4,5667,1,37,1
3801,156,0,99,0,148,0
3802,156,4,5647,1,43,0
3803,156,4,5386,1,104,0
3804,156,4,5561,1,68,0
3805,156,4,5647,1,45,0
3806,156,4,5575,1,61,0
3807,156,4,5622,1,47,0
3808,156,0,99,0,130,0
3809,156,4,5396,1,157,0
3810,156,4,5654,1,40,0
3811,156,4,5657,1,40,0
3812,156,4,5631,1,43,0
3813,156,4,5363,1,129,0
3814,156,4,5526,1,100,0
3815,156,4,5654,1,41,0
3816,156,4,5651,1,41,0
3817,157,4,5555,1,74,0
3818,157,4,5567,1,128,0
3819,157,4,5639,1,43,0
3820,157,4,5625,1,47,0
3821,157,4,5390,1,95,0
3822,157,4,5636,1,49,0
3823,157,4,5578,1,65,0
3824,157,4,5654,1,41,0
3825,157,4,5582,1,60,0
3826,157,4,5635,1,44,0
3827,157,4,5541,1,62,0
3828,157,4,5629,1,47,0
3829,157,2,2448,0,161,0
3830,157,4,5569,1,62,0
3831,157,4,5472,1,97,0
3832,157,4,5193,1,184,0
3833,157,4,5638,1,43,0
3834,157,4,5501,1,77,0
3835,157,4,5393,1,104,0
3836,157,0,99,0,141,0
3837,157,4,5546,1,64,0
3838,157,4,5642,1,45,0
3839,157,4,5533,1,66,0
3840,157,4,5561,1,68,0
3841,157,4,5616,1,47,0
3842,157,4,5648,1,42,0
3843,157,4,5332,1,141,0
3844,157,4,5600,1,53,0
3845,157,4,5575,1,56,0
3846,157,4,5654,1,40,0
3847,157,4,5626,1,50,0
3848,157,4,5514,1,97,0
3849,157,4,5256,1,176,0
3850,157,4,5549,1,64,0
3851,157,4,5614,1,53,0
3852,157,4,5646,1,42,0
3853,157,4,5630,1,46,0
3854,157,4,5635,1,44,0
3855,157,4,5627,1,50,0
3856,157,4,5575,1,59,0
3857,157,4,5566,1,75,0
3858,157,4,5615,1,48,0
3859,157,4,5621,1,49,0
3860,157,4,5161,1,157,0
3861,158,4,5608,1,56,0
3862,158,4,5590,1,72,0
3863,158,4,5631,1,46,0
3864,158,4,5587,1,61,0
3865,158,0,99,0,163,0
3866,158,4,5587,1,60,0
3867,158,4,5583,1,75,0
3868,158,4,5651,1,43,0
3869,158,4,5590,1,58,0
3870,158,4,5550,1,66,0
3871,158,4,5477,1,81,0
3872,158,4,5173,1,160,0
3873,158,4,5508,1,80,0
3874,158,4,5297,1,180,0
3875,158,4,5363,1,128,0
3876,158,4,5525,1,70,0
3877,158,4,5538,1,74,0
3878,158,4,5466,1,90,0
3879,158,4,5654,1,40,0
3880,158,4,5639,1,43,0
3881,158,4,5616,1,53,0
3882,158,4,5619,1,49,0
3883,158,4,5513,1,70,0
3884,158,4,5600,1,57,0
3885,158,4,5497,1,112,0
3886,158,4,5587,1,68,0
3887,158,4,5667,1,37,0
3888,158,4,5610,1,58,0
3889,158,4,5479,1,80,0
3890,158,4,5602,1,58,0
3891,158,4,5591,1,58,0
3892,158,4,5626,1,47,0
3893,158,4,5620,1,47,0
3894,158,4,5516,1,70,0
3895,158,4,5572,1,67,0
3896,158,4,5648,1,44,0
3897,158,4,5413,1,108,0
3898,158,4,5620,1,47,0
3899,158,4,5479,1,74,0
3900,158,4,5667,1,37,1
3901,158,4,5577,1,57,0
3902,158,4,5620,1,53,0
3903,158,4,5607,1,56,0
3904,158,4,5611,1,52,0
3905,158,4,5533,1,74,0
3906,158,4,5611,1,51,0
3907,159,4,5634,1,46,0
3908,159,4,5571,1,60,0
3909,159,3,3578,0,187,0
3910,159,3,3603,0,203,0
3911,159,4,5619,1,49,0
3912,159,4,5565,1,62,0
3913,159,4,5654,1,41,0
3914,159,4,5497,1,81,0
3915,159,4,5586,1,56,0
3916,159,4,5650,1,42,0
3917,159,4,5488,1,105,0
3918,159,4,5599,1,52,0
3919,159,4,5644,1,45,0
3920,159,4,5394,1,165,0
3921,159,4,5510,1,68,0
3922,159,1,1188,0,169,0
3923,159,4,5441,1,82,0
3924,159,4,5630,1,50,0
3925,159,3,3469,0,189,0
3926,159,4,5505,1,77,0
3927,159,4,5426,1,106,0
3928,159,4,5619,1,49,0
3929,159,4,5659,1,39,0
3930,159,3,3540,0,189,0
3931,159,4,5555,1,89,0
3932,159,4,5560,1,65,0
3933,159,4,5583,1,71,0
3934,159,4,5571,1,80,0
3935,159,4,5633,1,45,0
3936,159,4,5036,1,190,0
3937,159,4,5649,1,42,0
3938,159,4,5632,1,46,0
3939,159,4,5647,1,47,0
3940,159,4,5633,1,45,0
3941,159,3,3268,0,175,0
3942,159,4,5619,1,52,0
3943,160,4,5317,1,107,0
3944,160,4,5623,1,49,0
3945,160,4,5585,1,53,0
3946,160,4,5548,1,67,0
3947,160,4,5592,1,59,0
3948,160,4,5558,1,60,0
3949,160,4,5569,1,86,0
3950,160,4,5656,1,40,0
3951,160,4,5623,1,49,0
3952,160,4,5403,1,112,0
3953,160,4,5603,1,58,0
3954,160,4,5592,1,55,0
3955,160,4,5569,1,60,0
3956,160,4,5304,1,119,0
3957,160,4,5475,1,125,0
3958,160,4,5538,1,64,0
3959,160,4,5626,1,46,0
3960,160,4,5374,1,169,0
3961,160,4,5512,1,66,0
3962,160,4,5634,1,46,0
3963,160,4,5577,1,56,0
3964,160,4,5508,1,76,0
3965,160,4,5317,1,123,0
3966,160,4,5565,1,70,0
3967,160,4,5429,1,81,0
3968,160,4,5610,1,56,0
3969,160,4,5629,1,47,0
3970,160,4,5568,1,58,0
3971,160,4,5577,1,73,0
3972,160,4,5396,1,119,0
3973,160,4,5611,1,50,0
3974,160,4,5617,1,50,0
3975,160,4,5208,1,287,0
3976,160,4,5599,1,53,0
3977,160,4,5652,1,42,0
3978,160,4,4828,1,264,0
3979,160,4,5629,1,48,0
3980,160,4,5485,1,77,0
3981,160,4,5552,1,60,0
3982,160,4,5605,1,55,0
3983,160,4,5621,1,53,0
3984,161,4,5583,1,62,0
3985,161,4,5616,1,48,0
3986,161,4,5528,1,71,0
3987,161,4,5605,1,62,0
3988,161,4,5642,1,42,0
3989,161,4,5569,1,60,0
3990,161,4,5625,1,48,0
3991,161,4,5471,1,97,0
3992,161,4,5604,1,57,0
3993,161,4,5235,1,249,0
3994,161,4,5400,1,106,0
3995,161,4,5604,1,56,0
3996,161,4,5602,1,57,0
3997,161,4,5618,1,49,0
3998,161,4,5614,1,49,0
3999,161,4,5663,1,38,0
4000,161,4,5667,1,37,1
4001,161,4,5604,1,51,0
