1,0,1,1060,0,267,0
2,0,0,0,0,278,0
3,0,2,2212,0,316,0
4,1,2,1761,0,365,0
5,1,1,958,0,477,0
6,1,0,0,0,162,0
7,1,0,91,0,530,0
8,1,0,0,0,551,0
9,1,1,1302,0,241,0
10,1,0,79,0,291,0
11,1,0,0,0,239,0
12,2,0,136,0,542,0
13,2,1,1153,0,462,0
14,2,2,2065,0,482,0
15,2,0,96,0,432,0
16,2,0,80,0,295,0
17,2,0,93,0,175,0
18,2,1,1208,0,438,0
19,2,2,2018,0,404,0
20,2,1,993,0,344,0
21,3,0,180,0,223,0
22,3,0,99,0,326,0
23,3,0,99,0,367,0
24,3,0,91,0,198,0
25,3,2,2081,0,351,0
26,3,0,181,0,217,0
27,3,2,2310,0,293,0
28,3,1,981,0,243,0
29,3,0,0,0,181,0
30,3,2,2098,0,336,0
31,3,2,2452,0,282,0
32,4,1,1236,0,189,0
33,4,0,98,0,263,0
34,4,2,2262,0,418,0
35,4,1,1052,0,591,0
36,4,1,840,0,556,0
37,4,0,97,0,303,0
38,4,1,1065,0,546,0
39,4,2,2256,0,194,0
40,4,2,2345,0,231,0
41,5,2,2248,0,207,0
42,5,2,2089,0,540,0
43,5,1,1221,0,236,0
44,5,1,1144,0,161,0
45,5,0,99,0,388,0
46,5,1,1342,0,284,0
47,5,2,2233,0,350,0
48,5,1,966,0,311,0
49,5,1,1229,0,301,0
50,5,1,1229,0,337,0
51,6,1,1113,0,213,0
52,6,1,1270,0,206,0
53,6,0,93,0,212,0
54,6,0,99,0,401,0
55,6,1,1026,0,283,0
56,6,1,1144,0,284,0
57,6,1,1130,0,252,0
58,6,1,1290,0,325,0
59,6,1,1258,0,187,0
60,6,0,99,0,388,0
61,6,1,1086,0,448,0
62,7,2,2339,0,260,0
63,7,1,1332,0,353,0
64,7,0,99,0,163,0
65,7,0,99,0,187,0
66,7,2,2116,0,536,0
67,7,1,952,0,304,0
68,7,1,1273,0,183,0
69,7,1,1325,0,494,0
70,7,1,1230,0,235,0
71,7,1,1345,0,303,0
72,8,1,995,0,358,0
73,8,1,1339,0,247,0
74,8,1,1119,0,263,0
75,8,0,99,0,332,0
76,8,2,2193,0,242,0
77,8,1,1253,0,185,0
78,8,2,2129,0,450,0
79,8,1,1044,0,369,0
80,8,1,1226,0,244,0
81,8,0,363,0,223,0
82,9,1,850,0,716,0
83,9,1,1273,0,316,0
84,9,0,173,0,318,0
85,9,2,2147,0,555,0
86,9,1,1291,0,338,0
87,9,1,947,0,365,0
88,9,2,2067,0,289,0
89,9,1,1143,0,353,0
90,10,1,1097,0,395,0
91,10,2,2223,0,407,0
92,10,2,2168,0,413,0
93,10,2,2080,0,303,0
94,10,3,3410,0,335,0
95,10,2,1884,0,389,0
96,10,1,1124,0,274,0
97,10,2,2452,0,317,0
98,10,0,92,0,313,0
99,11,2,1842,0,413,0
100,11,0,99,0,1001,1
101,11,2,1848,0,408,0
102,11,0,99,0,181,0
103,11,0,98,0,165,0
104,11,3,2952,0,313,0
105,11,0,94,0,507,0
106,12,4,4167,1,463,0
107,12,1,1251,0,448,0
108,12,0,194,0,258,0
109,12,2,2353,0,185,0
110,12,0,189,0,230,0
111,12,1,1110,0,275,0
112,12,0,0,0,142,0
113,12,0,170,0,380,0
114,12,3,3109,0,339,0
115,12,0,163,0,329,0
116,12,4,4929,1,260,0
117,13,2,1892,0,403,0
118,13,0,97,0,216,0
119,13,2,2068,0,339,0
120,13,2,2311,0,253,0
121,13,1,1174,0,349,0
122,13,4,5196,1,287,0
123,13,1,1090,0,374,0
124,13,2,2285,0,329,0
125,13,1,965,0,425,0
126,13,2,1863,0,323,0
127,14,0,177,0,399,0
128,14,0,168,0,295,0
129,14,0,99,0,486,0
130,14,3,3100,0,395,0
131,14,3,3303,0,346,0
132,14,2,2023,0,284,0
133,14,3,3359,0,313,0
134,14,3,3344,0,205,0
135,14,0,90,0,211,0
136,14,2,2370,0,219,0
137,15,2,2292,0,241,0
138,15,2,2128,0,224,0
139,15,2,2452,0,284,0
140,15,2,2293,0,238,0
141,15,2,2322,0,212,0
142,15,3,3274,0,450,0
143,15,2,2269,0,205,0
144,15,2,2018,0,275,0
145,15,0,99,0,429,0
146,15,0,98,0,210,0
147,15,1,1234,0,345,0
148,16,2,2349,0,338,0
149,16,2,2248,0,288,0
150,16,2,2062,0,441,0
151,16,0,99,0,252,0
152,16,1,1182,0,180,0
153,16,2,2539,0,226,0
154,16,1,1348,0,240,0
155,16,2,1885,0,364,0
156,16,0,99,0,312,0
157,16,3,3479,0,322,0
158,16,0,99,0,299,0
159,17,2,2282,0,318,0
160,17,0,98,0,208,0
161,17,3,3004,0,512,0
162,17,0,95,0,181,0
163,17,0,99,0,218,0
164,17,2,2181,0,212,0
165,17,0,96,0,429,0
166,17,2,2493,0,331,0
167,17,2,2108,0,273,0
168,17,0,99,0,174,0
169,18,2,2417,0,434,0
170,18,2,2544,0,260,0
171,18,2,2329,0,429,0
172,18,0,99,0,327,0
173,18,3,2923,0,423,0
174,18,0,99,0,174,0
175,18,1,1252,0,206,0
176,18,0,99,0,246,0
177,18,2,2381,0,605,0
178,18,2,2351,0,277,0
179,19,2,2507,0,441,0
180,19,3,3097,0,388,0
181,19,1,1248,0,252,0
182,19,0,99,0,276,0
183,19,3,3308,0,375,0
184,19,2,2195,0,741,0
185,19,1,1366,0,218,0
186,19,3,3201,0,297,0
187,20,2,2360,0,372,0
188,20,2,2448,0,212,0
189,20,3,3477,0,483,0
190,20,2,2440,0,265,0
191,20,0,99,0,230,0
192,20,2,2413,0,366,0
193,20,0,99,0,147,0
194,20,2,2470,0,329,0
195,20,2,2148,0,273,0
196,20,2,2489,0,286,0
197,21,3,3215,0,592,0
198,21,2,2443,0,743,0
199,21,2,2168,0,280,0
200,21,0,99,0,1001,1
201,21,3,3405,0,329,0
202,21,1,1284,0,188,0
203,21,2,2234,0,290,0
204,22,2,2193,0,219,0
205,22,3,3275,0,361,0
206,22,3,3281,0,483,0
207,22,2,2332,0,345,0
208,22,2,2242,0,337,0
209,22,2,2312,0,323,0
210,22,2,2290,0,174,0
211,22,2,2381,0,661,0
212,23,3,3521,0,539,0
213,23,0,198,0,200,0
214,23,3,2898,0,491,0
215,23,3,3476,0,615,0
216,23,3,3186,0,604,0
217,23,2,2421,0,303,0
218,24,4,4753,1,451,0
219,24,3,2736,0,680,0
220,24,3,3429,0,283,0
221,24,3,3214,0,475,0
222,24,0,192,0,290,0
223,24,3,3226,0,571,0
224,24,3,3427,0,374,0
225,24,2,2306,0,225,0
226,25,3,3366,0,544,0
227,25,3,2677,0,746,0
228,25,2,2290,0,407,0
229,25,3,3152,0,682,0
230,25,3,2779,0,887,0
231,26,2,2034,0,640,0
232,26,2,2273,0,232,0
233,26,3,3384,0,364,0
234,26,3,3039,0,447,0
235,26,2,1809,0,876,0
236,26,0,189,0,404,0
237,27,0,189,0,475,0
238,27,1,1180,0,202,0
239,27,0,361,0,331,0
240,27,4,4068,1,819,0
241,27,3,3021,0,510,0
242,27,3,3287,0,235,0
243,27,0,195,0,194,0
244,27,0,193,0,208,0
245,27,3,3180,0,339,0
246,28,4,5354,1,138,0
247,28,2,2264,0,555,0
248,28,2,1834,0,738,0
249,28,1,1189,0,274,0
250,28,1,961,0,418,0
251,28,4,5194,1,165,0
252,28,4,5434,1,110,0
253,28,4,4865,1,255,0
254,28,3,3279,0,411,0
255,29,2,2224,0,285,0
256,29,3,3514,0,350,0
257,29,3,3370,0,455,0
258,29,3,2989,0,387,0
259,29,2,2491,0,438,0
260,29,4,4743,1,357,0
261,29,3,3392,0,214,0
262,29,3,3402,0,329,0
263,29,4,4885,1,431,0
264,30,2,2247,0,574,0
265,30,4,4881,1,245,0
266,30,4,4953,1,243,0
267,30,3,3274,0,442,0
268,30,4,4516,1,513,0
269,30,3,3094,0,650,0
270,30,4,4474,1,361,0
271,31,4,4897,1,245,0
272,31,4,4661,1,373,0
273,31,4,5010,1,243,0
274,31,3,2708,0,427,0
275,31,4,4804,1,324,0
276,31,4,4986,1,208,0
277,31,3,3095,0,573,0
278,31,3,3179,0,373,0
279,31,4,5290,1,193,0
280,32,4,4212,1,531,0
281,32,2,2124,0,429,0
282,32,3,3309,0,326,0
283,32,4,4986,1,214,0
284,32,4,5223,1,201,0
285,32,2,1860,0,328,0
286,32,3,2873,0,521,0
287,32,4,5243,1,159,0
288,32,0,99,0,231,0
289,32,4,4950,1,237,0
290,33,3,3212,0,281,0
291,33,4,5063,1,263,0
292,33,4,4886,1,325,0
293,33,3,3479,0,387,0
294,33,4,5360,1,130,0
295,33,4,4846,1,265,0
296,33,4,5118,1,333,0
297,33,2,1970,0,373,0
298,33,4,5089,1,228,0
299,33,3,3155,0,332,0
300,34,0,99,0,1001,1
301,34,4,5243,1,180,0
302,34,4,4548,1,313,0
303,34,4,5246,1,170,0
304,34,4,4686,1,284,0
305,34,4,4873,1,374,0
306,34,4,4468,1,360,0
307,34,4,4941,1,276,0
308,34,1,1246,0,286,0
309,34,2,2279,0,230,0
310,35,4,4556,1,384,0
311,35,4,4358,1,588,0
312,35,2,2367,0,178,0
313,35,4,4584,1,404,0
314,35,2,1939,0,539,0
315,35,4,5061,1,224,0
316,35,4,4887,1,328,0
317,35,2,2052,0,410,0
318,36,2,2127,0,312,0
319,36,2,2316,0,366,0
320,36,3,3471,0,200,0
321,36,3,3176,0,262,0
322,36,2,2374,0,193,0
323,36,3,3540,0,341,0
324,36,4,4512,1,443,0
325,36,2,2393,0,204,0
326,36,4,5150,1,180,0
327,36,2,2202,0,194,0
328,36,2,2136,0,265,0
329,37,4,4789,1,412,0
330,37,4,5355,1,142,0
331,37,1,1123,0,255,0
332,37,4,4491,1,423,0
333,37,4,4321,1,464,0
334,37,4,5088,1,201,0
335,37,2,2290,0,664,0
336,37,1,1273,0,155,0
337,37,4,5005,1,242,0
338,37,4,5241,1,219,0
339,38,4,5271,1,184,0
340,38,4,4169,1,415,0
341,38,4,5222,1,185,0
342,38,4,5046,1,227,0
343,38,2,2260,0,189,0
344,38,3,2966,0,596,0
345,38,4,4659,1,290,0
346,38,4,5271,1,160,0
347,38,4,4952,1,252,0
348,38,4,4744,1,347,0
349,38,0,174,0,295,0
350,38,4,5488,1,125,0
351,39,4,5023,1,226,0
352,39,0,179,0,263,0
353,39,4,4759,1,324,0
354,39,4,4175,1,574,0
355,39,1,1341,0,200,0
356,39,2,2082,0,275,0
357,39,4,4750,1,341,0
358,39,4,4266,1,414,0
359,39,4,5234,1,195,0
360,39,4,5189,1,212,0
361,40,4,5121,1,219,0
362,40,4,5281,1,155,0
363,40,4,5365,1,132,0
364,40,1,906,0,426,0
365,40,4,4700,1,297,0
366,40,2,2211,0,319,0
367,40,3,2931,0,309,0
368,40,1,1079,0,391,0
369,40,3,3281,0,574,0
370,40,0,292,0,259,0
371,41,4,5339,1,200,0
372,41,2,2383,0,179,0
373,41,2,2329,0,212,0
374,41,4,4731,1,290,0
375,41,1,1228,0,217,0
376,41,4,5175,1,182,0
377,41,3,3013,0,488,0
378,41,4,5361,1,190,0
379,41,0,178,0,292,0
380,41,1,1205,0,284,0
381,41,4,4810,1,337,0
382,42,4,4644,1,442,0
383,42,1,1196,0,302,0
384,42,2,2073,0,254,0
385,42,3,3019,0,442,0
386,42,4,5088,1,238,0
387,42,4,5465,1,118,0
388,42,4,5129,1,255,0
389,42,1,1261,0,220,0
390,42,4,5188,1,190,0
391,42,4,5441,1,141,0
392,42,4,5151,1,218,0
393,42,2,1901,0,499,0
394,43,4,5083,1,231,0
395,43,4,4843,1,282,0
396,43,3,3249,0,220,0
397,43,2,2007,0,350,0
398,43,2,2368,0,308,0
399,43,2,2446,0,184,0
400,43,0,99,0,108,1
401,43,2,2013,0,573,0
402,43,4,4933,1,296,0
403,43,4,4717,1,350,0
404,43,4,4919,1,295,0
405,44,2,2183,0,175,0
406,44,2,2196,0,370,0
407,44,4,4810,1,333,0
408,44,3,3272,0,310,0
409,44,4,4735,1,275,0
410,44,3,3060,0,384,0
411,44,4,4697,1,330,0
412,44,3,3476,0,297,0
413,44,2,2108,0,204,0
414,44,2,2290,0,209,0
415,44,1,1153,0,268,0
416,45,4,4630,1,390,0
417,45,0,99,0,402,0
418,45,4,5318,1,202,0
419,45,4,5129,1,264,0
420,45,4,5420,1,139,0
421,45,1,1407,0,260,0
422,45,3,3532,0,377,0
423,45,2,2047,0,314,0
424,45,3,3410,0,309,0
425,45,4,4852,1,395,0
426,46,4,5012,1,289,0
427,46,3,3180,0,424,0
428,46,2,2134,0,293,0
429,46,4,4961,1,237,0
430,46,4,5018,1,253,0
431,46,2,2028,0,353,0
432,46,4,5519,1,103,0
433,46,3,3241,0,312,0
434,46,1,1323,0,304,0
435,46,3,3316,0,383,0
436,46,4,5116,1,241,0
437,47,1,1144,0,180,0
438,47,4,4888,1,396,0
439,47,3,3061,0,437,0
440,47,4,4940,1,389,0
441,47,4,4686,1,435,0
442,47,4,5188,1,215,0
443,47,2,2421,0,183,0
444,47,4,5033,1,211,0
445,47,4,4910,1,261,0
446,47,1,1280,0,394,0
447,48,4,5105,1,262,0
448,48,4,4925,1,325,0
449,48,3,3050,0,378,0
450,48,4,4765,1,321,0
451,48,3,2995,0,324,0
452,48,4,5013,1,292,0
453,48,4,4633,1,424,0
454,48,4,5187,1,222,0
455,48,3,3506,0,479,0
456,49,2,2098,0,295,0
457,49,4,5348,1,149,0
458,49,4,4484,1,490,0
459,49,4,5041,1,263,0
460,49,4,4864,1,347,0
461,49,4,5402,1,154,0
462,49,1,1204,0,307,0
463,49,2,1998,0,320,0
464,49,4,5327,1,182,0
465,49,4,4638,1,261,0
466,49,3,3475,0,274,0
467,49,2,2372,0,135,0
468,50,2,2276,0,282,0
469,50,4,4174,1,436,0
470,50,4,4959,1,250,0
471,50,4,4283,1,492,0
472,50,0,189,0,223,0
473,50,2,2178,0,154,0
474,50,4,4591,1,394,0
475,50,4,5142,1,267,0
476,50,4,4841,1,292,0
477,51,4,3900,1,575,0
478,51,3,2744,0,664,0
479,51,4,5430,1,120,0
480,51,3,3447,0,193,0
481,51,1,1204,0,180,0
482,51,2,2198,0,457,0
483,51,4,4707,1,299,0
484,51,4,4882,1,250,0
485,51,4,5022,1,276,0
486,51,2,2097,0,474,0
487,52,1,1081,0,485,0
488,52,4,5268,1,155,0
489,52,2,2327,0,159,0
490,52,4,5024,1,251,0
491,52,2,2255,0,263,0
492,52,4,5146,1,175,0
493,52,4,5488,1,110,0
494,52,4,5279,1,165,0
495,52,4,5242,1,194,0
496,52,4,5268,1,184,0
497,52,2,1947,0,391,0
498,52,1,1006,0,353,0
499,52,4,5374,1,149,0
500,52,0,99,0,108,1
501,52,2,2284,0,153,0
502,53,4,5246,1,183,0
503,53,4,5374,1,138,0
504,53,4,5441,1,114,0
505,53,4,5160,1,230,0
506,53,4,5191,1,210,0
507,53,4,5320,1,172,0
508,53,4,5329,1,176,0
509,53,0,197,0,133,0
510,53,4,4666,1,418,0
511,53,2,2385,0,189,0
512,53,1,1158,0,412,0
513,53,4,4416,1,354,0
514,53,4,5563,1,89,0
515,53,3,3192,0,316,0
516,54,4,5405,1,139,0
517,54,0,88,0,129,0
518,54,4,5488,1,109,0
519,54,4,4619,1,288,0
520,54,4,5306,1,198,0
521,54,4,5418,1,176,0
522,54,1,1125,0,271,0
523,54,0,179,0,350,0
524,54,1,1374,0,197,0
525,54,4,5332,1,221,0
526,54,4,5078,1,291,0
527,54,2,2224,0,206,0
528,54,1,1102,0,356,0
529,55,4,5205,1,180,0
530,55,4,5159,1,194,0
531,55,4,4716,1,413,0
532,55,4,5198,1,184,0
533,55,4,5517,1,111,0
534,55,4,4924,1,255,0
535,55,4,5647,1,61,0
536,55,2,2005,0,353,0
537,55,3,3306,0,437,0
538,55,3,3148,0,390,0
539,55,4,4693,1,384,0
540,55,4,5250,1,172,0
541,56,4,4979,1,205,0
542,56,0,193,0,185,0
543,56,4,4660,1,293,0
544,56,4,5432,1,124,0
545,56,3,3094,0,275,0
546,56,4,4889,1,374,0
547,56,2,2157,0,268,0
548,56,2,2398,0,343,0
549,56,4,5554,1,93,0
550,56,4,5032,1,209,0
551,56,4,4756,1,248,0
552,56,4,4594,1,428,0
553,56,4,5416,1,129,0
554,57,4,4691,1,280,0
555,57,2,1746,0,436,0
556,57,0,193,0,248,0
557,57,0,98,0,160,0
558,57,4,5116,1,204,0
559,57,4,5284,1,159,0
560,57,4,5070,1,189,0
561,57,2,1843,0,456,0
562,57,4,5580,1,95,0
563,57,4,5434,1,120,0
564,57,2,2320,0,194,0
565,57,4,5233,1,165,0
566,57,2,1948,0,344,0
567,57,4,5309,1,142,0
568,58,4,5038,1,191,0
569,58,2,2391,0,247,0
570,58,4,5341,1,148,0
571,58,2,2478,0,379,0
572,58,4,5403,1,91,0
573,58,3,3402,0,303,0
574,58,4,5484,1,109,0
575,58,4,4879,1,255,0
576,58,4,4821,1,230,0
577,58,4,5112,1,195,0
578,58,3,3197,0,325,0
579,58,2,2264,0,311,0
580,59,0,192,0,164,0
581,59,3,3281,0,459,0
582,59,2,2333,0,307,0
583,59,0,173,0,315,0
584,59,4,5337,1,165,0
585,59,4,5522,1,111,0
586,59,3,3274,0,326,0
587,59,4,4550,1,415,0
588,59,3,3276,0,259,0
589,59,0,187,0,301,0
590,59,4,5379,1,129,0
591,60,4,5357,1,121,0
592,60,2,1958,0,365,0
593,60,2,2202,0,164,0
594,60,4,4672,1,279,0
595,60,4,5249,1,139,0
596,60,3,3216,0,298,0
597,60,1,1076,0,299,0
598,60,1,1158,0,235,0
599,60,0,180,0,435,0
600,60,0,99,0,108,1
601,60,2,2104,0,266,0
602,60,4,5059,1,165,0
603,60,2,2033,0,277,0
604,61,4,5269,1,147,0
605,61,3,2663,0,416,0
606,61,2,2221,0,212,0
607,61,2,2390,0,201,0
608,61,4,4781,1,248,0
609,61,0,99,0,221,0
610,61,4,5116,1,191,0
611,61,4,5227,1,156,0
612,61,2,2344,0,157,0
613,61,2,1969,0,273,0
614,61,4,4869,1,291,0
615,61,4,5023,1,175,0
616,61,2,2154,0,209,0
617,62,4,4369,1,338,0
618,62,4,4805,1,260,0
619,62,3,3486,0,340,0
620,62,2,2195,0,425,0
621,62,4,5477,1,122,0
622,62,4,5044,1,172,0
623,62,2,2189,0,235,0
624,62,4,5079,1,203,0
625,62,0,196,0,443,0
626,62,4,5217,1,180,0
627,62,4,5301,1,131,0
628,62,4,5254,1,171,0
629,62,2,2256,0,218,0
630,63,4,4867,1,248,0
631,63,4,5285,1,117,0
632,63,4,5471,1,100,0
633,63,4,4940,1,298,0
634,63,4,5302,1,109,0
635,63,4,5169,1,159,0
636,63,4,5102,1,183,0
637,63,0,181,0,246,0
638,63,4,5451,1,99,0
639,63,4,5295,1,125,0
640,63,4,5468,1,116,0
641,63,4,4833,1,226,0
642,63,4,5042,1,189,0
643,63,4,5094,1,186,0
644,63,3,2643,0,460,0
645,63,4,5361,1,197,0
646,63,4,5222,1,147,0
647,64,2,2093,0,346,0
648,64,4,5122,1,155,0
649,64,4,4050,1,461,0
650,64,4,5340,1,147,0
651,64,3,3494,0,376,0
652,64,4,5221,1,163,0
653,64,3,3493,0,349,0
654,64,4,4337,1,471,0
655,64,4,5492,1,95,0
656,64,4,5317,1,131,0
657,64,3,2788,0,335,0
658,64,4,5440,1,86,0
659,65,0,194,0,154,0
660,65,4,5192,1,192,0
661,65,3,3334,0,378,0
662,65,4,4882,1,200,0
663,65,4,5497,1,103,0
664,65,4,5091,1,201,0
665,65,4,5221,1,167,0
666,65,4,4712,1,296,0
667,65,4,5016,1,186,0
668,65,4,4927,1,182,0
669,65,2,2351,0,502,0
670,65,3,2794,0,367,0
671,65,2,2204,0,200,0
672,65,4,5431,1,102,0
673,66,4,5146,1,183,0
674,66,4,5181,1,166,0
675,66,4,4944,1,185,0
676,66,4,5362,1,149,0
677,66,4,4721,1,241,0
678,66,2,2080,0,339,0
679,66,4,5157,1,187,0
680,66,4,5416,1,109,0
681,66,4,5635,1,65,0
682,66,2,2143,0,178,0
683,66,4,5062,1,201,0
684,66,4,5526,1,96,0
685,66,2,2023,0,597,0
686,66,4,5393,1,120,0
687,66,4,5271,1,193,0
688,66,4,5211,1,148,0
689,67,4,4975,1,223,0
690,67,4,5182,1,155,0
691,67,4,5162,1,151,0
692,67,4,5540,1,84,0
693,67,4,4649,1,359,0
694,67,4,5492,1,101,0
695,67,4,4472,1,332,0
696,67,4,5008,1,187,0
697,67,4,5320,1,117,0
698,67,4,5124,1,188,0
699,67,4,5083,1,223,0
700,67,0,99,0,108,1
701,67,4,5226,1,162,0
702,67,4,5027,1,197,0
703,67,4,5001,1,215,0
704,67,4,5498,1,90,0
705,67,1,1298,0,232,0
706,68,3,3236,0,501,0
707,68,4,4753,1,249,0
708,68,4,5262,1,155,0
709,68,4,5037,1,185,0
710,68,4,3791,1,662,0
711,68,4,5213,1,126,0
712,68,1,1379,0,354,0
713,68,0,194,0,146,0
714,68,4,5113,1,173,0
715,68,4,5449,1,150,0
716,68,4,5452,1,82,0
717,68,1,1256,0,164,0
718,68,4,5040,1,215,0
719,68,4,5336,1,108,0
720,68,4,5408,1,108,0
721,69,3,2668,0,535,0
722,69,4,5296,1,108,0
723,69,4,5260,1,122,0
724,69,4,4104,1,412,0
725,69,4,4617,1,249,0
726,69,4,4695,1,333,0
727,69,4,4705,1,267,0
728,69,4,4510,1,277,0
729,69,4,4618,1,252,0
730,69,4,4676,1,287,0
731,69,4,5133,1,157,0
732,70,4,4038,1,388,0
733,70,0,93,0,225,0
734,70,4,5418,1,110,0
735,70,1,1136,0,301,0
736,70,2,2113,0,232,0
737,70,2,1978,0,400,0
738,70,4,5183,1,172,0
739,70,4,4604,1,261,0
740,70,4,5227,1,125,0
741,70,2,2334,0,291,0
742,70,4,4750,1,294,0
743,70,4,4107,1,372,0
744,71,2,1952,0,260,0
745,71,4,3638,1,523,0
746,71,4,5202,1,148,0
747,71,4,4945,1,182,0
748,71,4,5320,1,158,0
749,71,4,4677,1,247,0
750,71,4,4929,1,193,0
751,71,1,1226,0,404,0
752,71,0,179,0,280,0
753,71,4,4996,1,201,0
754,71,4,5065,1,232,0
755,71,4,4103,1,374,0
756,72,4,5025,1,197,0
757,72,4,3767,1,454,0
758,72,0,161,0,526,0
759,72,4,4981,1,193,0
760,72,4,5155,1,162,0
761,72,4,4972,1,220,0
762,72,4,5313,1,134,0
763,72,2,2196,0,239,0
764,72,4,5161,1,173,0
765,72,4,5225,1,131,0
766,72,2,2053,0,401,0
767,72,4,4849,1,204,0
768,73,4,4256,1,339,0
769,73,4,4315,1,328,0
770,73,4,5440,1,110,0
771,73,4,5120,1,178,0
772,73,4,5531,1,64,0
773,73,4,5463,1,87,0
774,73,4,5160,1,159,0
775,73,4,4970,1,173,0
776,73,1,1276,0,165,0
777,73,3,3256,0,249,0
778,73,0,185,0,242,0
779,73,4,5374,1,103,0
780,73,0,294,0,241,0
781,73,4,5107,1,237,0
782,73,2,2308,0,236,0
783,73,0,175,0,147,0
784,73,4,5235,1,139,0
785,74,4,5134,1,199,0
786,74,4,4917,1,201,0
787,74,4,4913,1,327,0
788,74,4,5169,1,141,0
789,74,0,97,0,363,0
790,74,4,5178,1,142,0
791,74,4,4585,1,267,0
792,74,2,2088,0,249,0
793,74,4,5049,1,186,0
794,74,4,4764,1,220,0
795,74,4,5119,1,173,0
796,74,4,4567,1,318,0
797,74,2,2181,0,258,0
798,74,4,4762,1,284,0
799,75,4,4797,1,227,0
800,75,0,0,0,1001,1
801,75,4,5004,1,294,0
802,75,4,5207,1,130,0
803,75,2,2192,0,359,0
804,75,4,4622,1,283,0
805,75,4,4748,1,259,0
806,75,4,4843,1,263,0
807,75,0,196,0,173,0
808,75,4,5305,1,113,0
809,76,4,5229,1,125,0
810,76,4,5232,1,123,0
811,76,4,5461,1,84,0
812,76,4,4936,1,262,0
813,76,0,98,0,148,0
814,76,4,5285,1,138,0
815,76,0,195,0,172,0
816,76,0,175,0,261,0
817,76,4,4835,1,226,0
818,76,4,5072,1,167,0
819,76,4,4894,1,227,0
820,76,0,277,0,389,0
821,76,0,184,0,150,0
822,76,4,4756,1,256,0
823,76,4,4507,1,374,0
824,77,4,4948,1,218,0
825,77,2,2164,0,237,0
826,77,0,251,0,316,0
827,77,4,5288,1,117,0
828,77,4,5329,1,122,0
829,77,4,5406,1,125,0
830,77,2,2158,0,322,0
831,77,4,5095,1,173,0
832,77,4,5255,1,150,0
833,77,0,195,0,158,0
834,77,4,5422,1,90,0
835,77,4,5278,1,132,0
836,77,4,5207,1,139,0
837,77,0,260,0,313,0
838,77,3,3202,0,222,0
839,77,4,5180,1,191,0
840,78,4,5040,1,296,0
841,78,0,189,0,147,0
842,78,4,5187,1,132,0
843,78,0,179,0,210,0
844,78,4,5140,1,163,0
845,78,4,4958,1,202,0
846,78,2,2298,0,237,0
847,78,4,5417,1,115,0
848,78,4,5222,1,187,0
849,78,4,5556,1,80,0
850,78,2,2314,0,374,0
851,78,4,4893,1,189,0
852,78,4,5252,1,126,0
853,78,4,5329,1,127,0
854,78,2,2247,0,222,0
855,78,4,5015,1,200,0
856,78,4,5173,1,153,0
857,79,2,1923,0,324,0
858,79,4,5200,1,137,0
859,79,2,1983,0,261,0
860,79,4,5013,1,227,0
861,79,4,4832,1,337,0
862,79,4,4841,1,367,0
863,79,4,5171,1,172,0
864,79,0,98,0,160,0
865,79,4,4814,1,310,0
866,79,4,4604,1,326,0
867,79,4,4551,1,375,0
868,80,4,4060,1,640,0
869,80,4,4657,1,348,0
870,80,4,5325,1,133,0
871,80,4,4954,1,261,0
872,80,1,1112,0,179,0
873,80,4,4847,1,308,0
874,80,4,4676,1,260,0
875,80,3,3158,0,541,0
876,80,4,5178,1,158,0
877,80,3,3097,0,358,0
878,80,4,5043,1,190,0
879,80,2,2178,0,309,0
880,81,4,4736,1,347,0
881,81,4,4666,1,366,0
882,81,1,1254,0,172,0
883,81,4,4877,1,237,0
884,81,4,4786,1,295,0
885,81,4,4646,1,314,0
886,81,4,4989,1,216,0
887,81,1,1062,0,151,0
888,81,4,4924,1,270,0
889,81,3,3354,0,295,0
890,81,0,195,0,152,0
891,81,4,4449,1,359,0
892,82,4,4662,1,399,0
893,82,1,1232,0,184,0
894,82,1,1327,0,288,0
895,82,1,1178,0,243,0
896,82,4,5226,1,165,0
897,82,1,1293,0,177,0
898,82,4,4285,1,360,0
899,82,4,5245,1,158,0
900,82,0,0,0,1001,1
901,82,0,181,0,219,0
902,83,3,3147,0,429,0
903,83,2,2175,0,318,0
904,83,4,4857,1,332,0
905,83,2,2315,0,350,0
906,83,4,4940,1,277,0
907,83,1,1275,0,332,0
908,83,1,1108,0,174,0
909,83,4,4849,1,272,0
910,83,4,5338,1,161,0
911,83,4,4917,1,253,0
912,83,4,4962,1,250,0
913,84,4,4802,1,287,0
914,84,4,4689,1,266,0
915,84,4,5066,1,198,0
916,84,2,2348,0,337,0
917,84,4,4994,1,208,0
918,84,4,4632,1,324,0
919,84,4,5217,1,148,0
920,84,4,4989,1,241,0
921,84,4,4708,1,328,0
922,84,4,5242,1,159,0
923,84,4,4940,1,214,0
924,84,4,4564,1,389,0
925,84,4,5208,1,133,0
926,85,4,5339,1,107,0
927,85,4,4684,1,389,0
928,85,4,5076,1,232,0
929,85,4,4893,1,324,0
930,85,4,4630,1,367,0
931,85,4,5108,1,209,0
932,85,4,4972,1,251,0
933,85,2,2349,0,279,0
934,85,4,5031,1,181,0
935,85,0,189,0,188,0
936,85,2,2206,0,318,0
937,85,4,4995,1,220,0
938,85,4,4970,1,189,0
939,86,4,5212,1,196,0
940,86,4,4562,1,325,0
941,86,4,4659,1,302,0
942,86,4,4869,1,208,0
943,86,1,1111,0,250,0
944,86,4,5103,1,174,0
945,86,4,5387,1,110,0
946,86,4,4781,1,307,0
947,86,2,2296,0,369,0
948,86,2,2319,0,308,0
949,86,2,2153,0,491,0
950,86,1,1193,0,204,0
951,87,4,4584,1,374,0
952,87,4,4922,1,230,0
953,87,4,4507,1,423,0
954,87,4,4550,1,441,0
955,87,4,5127,1,187,0
956,87,2,2300,0,331,0
957,87,2,2074,0,498,0
958,87,2,2344,0,484,0
959,88,4,4170,1,519,0
960,88,4,5032,1,199,0
961,88,2,2312,0,287,0
962,88,4,4573,1,349,0
963,88,4,4972,1,210,0
964,88,4,4910,1,193,0
965,88,2,2106,0,400,0
966,88,4,5249,1,180,0
967,88,3,3165,0,286,0
968,88,4,4781,1,305,0
969,89,4,4571,1,388,0
970,89,4,4630,1,396,0
971,89,2,2180,0,334,0
972,89,2,2227,0,297,0
973,89,0,197,0,180,0
974,89,4,4229,1,506,0
975,89,4,5353,1,130,0
976,89,4,5170,1,192,0
977,89,1,1021,0,289,0
978,89,4,4707,1,281,0
979,90,3,2972,0,530,0
980,90,4,5191,1,176,0
981,90,4,4821,1,481,0
982,90,4,4919,1,251,0
983,90,4,4990,1,290,0
984,90,4,4997,1,200,0
985,90,4,5111,1,184,0
986,90,4,5163,1,175,0
987,90,2,2168,0,274,0
988,90,1,1139,0,172,0
989,90,4,4589,1,346,0
990,91,0,195,0,283,0
991,91,4,5336,1,148,0
992,91,4,4762,1,359,0
993,91,4,4952,1,234,0
994,91,0,192,0,189,0
995,91,2,2188,0,329,0
996,91,4,4729,1,249,0
997,91,4,4504,1,444,0
998,91,3,3178,0,340,0
999,91,4,5265,1,129,0
1000,92,0,0,0,1001,1
1001,92,4,5069,1,197,0
1002,92,1,1070,0,383,0
1003,92,2,2189,0,298,0
1004,92,4,4727,1,359,0
1005,92,4,4988,1,279,0
1006,92,4,4860,1,322,0
1007,92,4,5137,1,193,0
1008,92,4,5342,1,146,0
1009,92,4,4948,1,223,0
1010,93,2,2401,0,322,0
1011,93,2,2462,0,193,0
1012,93,4,5100,1,222,0
1013,93,4,4939,1,297,0
1014,93,4,5010,1,245,0
1015,93,4,5268,1,165,0
1016,93,4,4647,1,406,0
1017,93,4,5140,1,186,0
1018,93,4,5168,1,174,0
1019,93,4,5153,1,185,0
1020,93,4,4622,1,330,0
1021,93,4,4706,1,364,0
1022,94,4,5195,1,175,0
1023,94,4,5056,1,184,0
1024,94,4,5458,1,91,0
1025,94,4,4949,1,250,0
1026,94,4,5312,1,149,0
1027,94,2,2182,0,217,0
1028,94,1,1262,0,284,0
1029,94,4,5016,1,244,0
1030,94,3,3354,0,307,0
1031,94,3,3340,0,284,0
1032,94,4,4717,1,325,0
1033,94,4,5410,1,129,0
1034,94,3,3125,0,258,0
1035,95,0,193,0,223,0
1036,95,4,4672,1,369,0
1037,95,4,4932,1,199,0
1038,95,4,5058,1,245,0
1039,95,4,5443,1,116,0
1040,95,2,2489,0,203,0
1041,95,4,4910,1,300,0
1042,95,4,4746,1,339,0
1043,95,4,5012,1,280,0
1044,95,4,4973,1,268,0
1045,95,4,5232,1,215,0
1046,95,4,4780,1,279,0
1047,95,4,5425,1,92,0
1048,96,4,5121,1,180,0
1049,96,4,4756,1,336,0
1050,96,4,5142,1,199,0
1051,96,4,5180,1,136,0
1052,96,4,5291,1,155,0
1053,96,4,4915,1,275,0
1054,96,4,5214,1,159,0
1055,96,4,5198,1,145,0
1056,96,4,5472,1,88,0
1057,96,4,5340,1,116,0
1058,96,4,5096,1,221,0
1059,96,3,3446,0,276,0
1060,96,4,4977,1,270,0
1061,96,4,5223,1,162,0
1062,96,3,3283,0,221,0
1063,96,4,4926,1,225,0
1064,97,4,4799,1,336,0
1065,97,4,5066,1,179,0
1066,97,4,4811,1,264,0
1067,97,2,2302,0,277,0
1068,97,3,3280,0,238,0
1069,97,4,5290,1,190,0
1070,97,2,2114,0,334,0
1071,97,4,5120,1,248,0
1072,97,1,1223,0,383,0
1073,97,4,5018,1,232,0
1074,97,0,198,0,135,0
1075,97,4,4628,1,344,0
1076,98,3,3258,0,343,0
1077,98,4,5387,1,134,0
1078,98,4,5163,1,198,0
1079,98,2,2262,0,239,0
1080,98,4,5154,1,153,0
1081,98,4,4824,1,326,0
1082,98,4,5292,1,127,0
1083,98,4,5316,1,134,0
1084,98,1,1152,0,187,0
1085,98,4,5246,1,163,0
1086,98,4,5368,1,133,0
1087,98,4,5220,1,192,0
1088,98,4,5492,1,82,0
1089,98,4,5078,1,234,0
1090,98,4,5389,1,116,0
1091,98,2,2271,0,324,0
1092,99,4,5150,1,190,0
1093,99,4,4966,1,250,0
1094,99,3,3126,0,444,0
1095,99,4,5044,1,209,0
1096,99,4,5048,1,271,0
1097,99,4,5106,1,227,0
1098,99,2,2072,0,368,0
1099,99,4,4970,1,220,0
1100,99,0,99,0,110,1
1101,99,4,5091,1,201,0
1102,99,2,2131,0,259,0
1103,99,3,3180,0,393,0
1104,100,4,4735,1,448,0
1105,100,4,5240,1,161,0
1106,100,4,5328,1,156,0
1107,100,4,5359,1,112,0
1108,100,3,3262,0,197,0
1109,100,4,5449,1,133,0
1110,100,4,4880,1,216,0
1111,100,4,5028,1,256,0
1112,100,4,5058,1,259,0
1113,100,4,5404,1,103,0
1114,100,0,197,0,182,0
1115,100,4,4437,1,525,0
1116,100,4,5160,1,173,0
1117,101,3,3370,0,442,0
1118,101,4,4952,1,218,0
1119,101,4,4757,1,253,0
1120,101,4,5227,1,196,0
1121,101,4,5361,1,124,0
1122,101,4,5118,1,185,0
1123,101,4,5368,1,100,0
1124,101,4,5392,1,99,0
1125,101,2,2261,0,252,0
1126,101,4,5300,1,121,0
1127,101,4,5179,1,157,0
1128,101,4,5222,1,207,0
1129,101,4,4629,1,364,0
1130,101,4,5237,1,145,0
1131,101,4,5456,1,112,0
1132,102,4,5120,1,189,0
1133,102,4,5257,1,147,0
1134,102,4,5124,1,192,0
1135,102,4,4968,1,229,0
1136,102,0,286,0,272,0
1137,102,4,5410,1,128,0
1138,102,4,4986,1,243,0
1139,102,2,2089,0,381,0
1140,102,4,5343,1,126,0
1141,102,4,5038,1,266,0
1142,102,4,5257,1,140,0
1143,102,4,5130,1,207,0
1144,102,4,5477,1,88,0
1145,102,4,4928,1,231,0
1146,102,4,5324,1,115,0
1147,102,4,5499,1,105,0
1148,103,4,5325,1,172,0
1149,103,4,5130,1,199,0
1150,103,4,5220,1,169,0
1151,103,3,3040,0,392,0
1152,103,4,5252,1,144,0
1153,103,4,5398,1,103,0
1154,103,4,5007,1,248,0
1155,103,4,5065,1,245,0
1156,103,4,5160,1,186,0
1157,103,2,2129,0,283,0
1158,103,4,5105,1,216,0
1159,103,4,5318,1,122,0
1160,103,4,5381,1,123,0
1161,103,3,3231,0,312,0
1162,104,4,5044,1,236,0
1163,104,4,5086,1,202,0
1164,104,4,5584,1,94,0
1165,104,4,5237,1,152,0
1166,104,1,1254,0,243,0
1167,104,2,2234,0,327,0
1168,104,4,5334,1,116,0
1169,104,4,5286,1,163,0
1170,104,4,5441,1,127,0
1171,104,1,1334,0,321,0
1172,104,4,5302,1,140,0
1173,104,4,4756,1,302,0
1174,104,4,5249,1,240,0
1175,104,4,4863,1,228,0
1176,104,4,5320,1,114,0
1177,105,4,4994,1,215,0
1178,105,3,3155,0,523,0
1179,105,4,5412,1,106,0
1180,105,4,5253,1,174,0
1181,105,4,5450,1,91,0
1182,105,4,5067,1,205,0
1183,105,4,4624,1,360,0
1184,105,4,5183,1,175,0
1185,105,4,5300,1,134,0
1186,105,4,5290,1,134,0
1187,105,4,5218,1,163,0
1188,105,4,5099,1,167,0
1189,105,4,4918,1,256,0
1190,105,4,5201,1,149,0
1191,105,4,4706,1,288,0
1192,106,4,4861,1,234,0
1193,106,4,4806,1,314,0
1194,106,2,2238,0,245,0
1195,106,4,5201,1,166,0
1196,106,3,3288,0,691,0
1197,106,4,5317,1,153,0
1198,106,4,5250,1,135,0
1199,106,4,5321,1,123,0
1200,106,0,99,0,110,1
1201,106,4,4982,1,228,0
1202,106,4,4974,1,208,0
1203,106,4,5258,1,140,0
1204,106,4,4527,1,438,0
1205,107,4,4906,1,271,0
1206,107,4,4650,1,485,0
1207,107,4,4940,1,236,0
1208,107,4,5121,1,274,0
1209,107,0,197,0,157,0
1210,107,4,5189,1,167,0
1211,107,4,5268,1,144,0
1212,107,0,99,0,145,0
1213,107,2,2238,0,257,0
1214,107,0,196,0,148,0
1215,107,4,5511,1,106,0
1216,107,4,5113,1,187,0
1217,107,1,1232,0,193,0
1218,107,4,4826,1,314,0
1219,108,4,4867,1,261,0
1220,108,4,5144,1,181,0
1221,108,4,5363,1,124,0
1222,108,4,5425,1,94,0
1223,108,4,4967,1,254,0
1224,108,4,5017,1,193,0
1225,108,0,195,0,144,0
1226,108,2,2136,0,325,0
1227,108,4,5259,1,134,0
1228,108,4,4863,1,290,0
1229,108,4,5368,1,125,0
1230,108,4,5510,1,101,0
1231,108,4,5026,1,238,0
1232,108,0,198,0,165,0
1233,109,3,3030,0,697,0
1234,109,0,197,0,151,0
1235,109,4,5367,1,133,0
1236,109,4,5296,1,135,0
1237,109,3,3379,0,206,0
1238,109,4,5198,1,199,0
1239,109,0,197,0,147,0
1240,109,4,5093,1,165,0
1241,109,4,4947,1,318,0
1242,109,4,4916,1,266,0
1243,109,2,2313,0,336,0
1244,109,4,5101,1,186,0
1245,109,1,1165,0,205,0
1246,109,4,4966,1,229,0
1247,109,4,5472,1,83,0
1248,109,0,99,0,137,0
1249,110,4,5243,1,159,0
1250,110,4,5216,1,178,0
1251,110,3,3050,0,628,0
1252,110,4,5148,1,138,0
1253,110,4,5362,1,120,0
1254,110,2,2508,0,289,0
1255,110,4,5269,1,157,0
1256,110,4,4737,1,317,0
1257,110,4,5024,1,235,0
1258,110,4,5354,1,110,0
1259,110,4,4606,1,412,0
1260,110,4,5280,1,156,0
1261,110,4,5534,1,67,0
1262,110,4,5272,1,145,0
1263,111,4,5084,1,221,0
1264,111,4,5119,1,198,0
1265,111,4,5556,1,61,0
1266,111,4,4920,1,313,0
1267,111,4,5194,1,177,0
1268,111,4,5087,1,192,0
1269,111,4,5086,1,250,0
1270,111,4,5413,1,96,0
1271,111,4,4970,1,275,0
1272,111,4,5176,1,174,0
1273,111,4,5387,1,126,0
1274,111,3,3561,0,382,0
1275,111,4,4380,1,498,0
1276,111,4,5298,1,159,0
1277,112,4,4630,1,423,0
1278,112,4,5112,1,230,0
1279,112,4,5317,1,120,0
1280,112,4,5334,1,130,0
1281,112,4,4921,1,224,0
1282,112,4,4812,1,282,0
1283,112,3,3654,0,177,0
1284,112,4,5363,1,109,0
1285,112,4,5404,1,107,0
1286,112,4,5085,1,218,0
1287,112,4,5472,1,83,0
1288,112,4,4720,1,333,0
1289,112,4,5057,1,191,0
1290,112,4,4775,1,253,0
1291,112,4,5195,1,170,0
1292,112,4,5105,1,177,0
1293,113,4,4634,1,322,0
1294,113,4,5309,1,141,0
1295,113,2,2258,0,230,0
1296,113,4,5282,1,154,0
1297,113,4,4662,1,370,0
1298,113,4,5527,1,99,0
1299,113,4,4871,1,286,0
1300,113,0,99,0,110,1
1301,113,4,4933,1,227,0
1302,113,4,4895,1,280,0
1303,113,4,5276,1,156,0
1304,114,3,2951,0,678,0
1305,114,4,5097,1,229,0
1306,114,4,4916,1,219,0
1307,114,4,5011,1,239,0
1308,114,4,4798,1,309,0
1309,114,4,4879,1,297,0
1310,114,4,5147,1,196,0
1311,114,4,5306,1,140,0
1312,114,4,5161,1,161,0
1313,114,2,2009,0,249,0
1314,114,4,4897,1,280,0
1315,114,4,5331,1,122,0
1316,114,4,5542,1,82,0
1317,114,4,5209,1,169,0
1318,114,1,1195,0,201,0
1319,115,4,4871,1,244,0
1320,115,4,5166,1,219,0
1321,115,4,5533,1,70,0
1322,115,4,5246,1,178,0
1323,115,4,5045,1,222,0
1324,115,4,5114,1,215,0
1325,115,4,4607,1,386,0
1326,115,4,4875,1,337,0
1327,115,4,4670,1,318,0
1328,115,4,5475,1,78,0
1329,115,4,4484,1,423,0
1330,115,4,4695,1,426,0
1331,116,4,4756,1,337,0
1332,116,4,5240,1,140,0
1333,116,4,5123,1,161,0
1334,116,4,5451,1,93,0
1335,116,4,5059,1,216,0
1336,116,4,4183,1,477,0
1337,116,4,5483,1,83,0
1338,116,4,5169,1,158,0
1339,116,4,4450,1,385,0
1340,116,4,4874,1,316,0
1341,116,4,5355,1,159,0
1342,116,4,5458,1,93,0
1343,116,4,4663,1,309,0
1344,116,4,5064,1,250,0
1345,116,3,3536,0,204,0
1346,117,4,4997,1,242,0
1347,117,1,1270,0,162,0
1348,117,0,197,0,150,0
1349,117,4,5077,1,260,0
1350,117,4,5019,1,252,0
1351,117,4,5190,1,167,0
1352,117,4,5062,1,224,0
1353,117,4,5178,1,199,0
1354,117,1,1295,0,194,0
1355,117,4,5150,1,173,0
1356,117,4,5125,1,199,0
1357,117,4,5145,1,169,0
1358,117,1,1120,0,171,0
1359,117,4,5515,1,74,0
1360,117,4,5009,1,217,0
1361,117,4,5111,1,210,0
1362,118,4,5463,1,91,0
1363,118,4,5269,1,118,0
1364,118,4,5348,1,131,0
1365,118,4,5336,1,114,0
1366,118,4,5281,1,145,0
1367,118,4,4817,1,304,0
1368,118,4,5380,1,139,0
1369,118,4,4973,1,286,0
1370,118,4,5356,1,135,0
1371,118,4,5001,1,221,0
1372,118,4,5121,1,173,0
1373,118,4,4859,1,308,0
1374,118,4,5010,1,248,0
1375,118,4,5179,1,173,0
1376,118,4,5523,1,80,0
1377,119,4,4153,1,604,0
1378,119,2,2237,0,282,0
1379,119,4,5222,1,178,0
1380,119,4,5342,1,123,0
1381,119,4,5414,1,101,0
1382,119,4,5423,1,94,0
1383,119,4,5090,1,209,0
1384,119,4,5483,1,84,0
1385,119,4,5313,1,123,0
1386,119,4,5449,1,105,0
1387,119,4,5282,1,129,0
1388,119,4,4937,1,303,0
1389,119,4,5186,1,171,0
1390,119,4,5227,1,238,0
1391,119,4,5471,1,80,0
1392,119,1,1346,0,140,0
1393,119,4,4849,1,262,0
1394,119,1,1235,0,146,0
1395,119,4,5288,1,140,0
1396,120,4,5150,1,191,0
1397,120,4,5186,1,170,0
1398,120,4,5083,1,240,0
1399,120,4,5375,1,119,0
1400,120,0,99,0,110,1
1401,120,4,5176,1,201,0
1402,120,4,5458,1,92,0
1403,120,4,5101,1,229,0
1404,120,4,5221,1,172,0
1405,120,4,5283,1,138,0
1406,120,1,1207,0,168,0
1407,120,4,5112,1,197,0
1408,120,4,5238,1,168,0
1409,120,4,4941,1,294,0
1410,120,4,5247,1,155,0
1411,120,4,5021,1,261,0
1412,120,4,5474,1,86,0
1413,120,4,5210,1,185,0
1414,121,4,5300,1,217,0
1415,121,4,5379,1,98,0
1416,121,4,5258,1,179,0
1417,121,4,5435,1,112,0
1418,121,1,1182,0,174,0
1419,121,4,5041,1,220,0
1420,121,4,5196,1,177,0
1421,121,2,2310,0,213,0
1422,121,4,4719,1,384,0
1423,121,4,4999,1,253,0
1424,121,4,5114,1,214,0
1425,121,4,4890,1,245,0
1426,121,4,4957,1,223,0
1427,122,4,4690,1,301,0
1428,122,2,2185,0,342,0
1429,122,1,1153,0,150,0
1430,122,4,5398,1,125,0
1431,122,1,1231,0,193,0
1432,122,4,5052,1,261,0
1433,122,4,4979,1,240,0
1434,122,4,5347,1,142,0
1435,122,4,5485,1,121,0
1436,122,4,5432,1,121,0
1437,122,4,5042,1,182,0
1438,122,4,5420,1,99,0
1439,122,4,5548,1,86,0
1440,122,4,4882,1,277,0
1441,122,4,5016,1,262,0
1442,122,4,5127,1,222,0
1443,122,4,5315,1,125,0
1444,123,1,1177,0,154,0
1445,123,4,5147,1,210,0
1446,123,4,4634,1,400,0
1447,123,4,4702,1,310,0
1448,123,3,3157,0,311,0
1449,123,4,5170,1,197,0
1450,123,3,3403,0,299,0
1451,123,4,4424,1,481,0
1452,123,4,5252,1,159,0
1453,123,4,5254,1,156,0
1454,123,4,4726,1,371,0
1455,124,4,5224,1,140,0
1456,124,4,5225,1,166,0
1457,124,4,4992,1,228,0
1458,124,4,5262,1,150,0
1459,124,4,5378,1,134,0
1460,124,4,5197,1,154,0
1461,124,4,5213,1,162,0
1462,124,4,4967,1,222,0
1463,124,4,5094,1,181,0
1464,124,4,5024,1,240,0
1465,124,4,5418,1,115,0
1466,124,4,4646,1,390,0
1467,124,4,5185,1,181,0
1468,124,4,5458,1,122,0
1469,124,4,5128,1,197,0
1470,124,4,5275,1,142,0
1471,124,4,5358,1,146,0
1472,125,3,2884,0,887,0
1473,125,4,5291,1,152,0
1474,125,4,5251,1,186,0
1475,125,4,5048,1,224,0
1476,125,0,196,0,277,0
1477,125,1,1372,0,219,0
1478,125,3,2965,0,609,0
1479,125,4,4970,1,224,0
1480,125,4,5272,1,147,0
1481,125,4,5241,1,148,0
1482,125,4,5486,1,77,0
1483,126,4,5090,1,230,0
1484,126,1,1264,0,442,0
1485,126,4,5248,1,146,0
1486,126,4,5204,1,199,0
1487,126,4,4774,1,301,0
1488,126,4,5153,1,197,0
1489,126,4,5257,1,157,0
1490,126,3,3311,0,227,0
1491,126,4,4952,1,236,0
1492,126,4,4973,1,271,0
1493,126,3,3237,0,403,0
1494,126,4,5037,1,238,0
1495,126,4,5201,1,223,0
1496,127,4,5460,1,91,0
1497,127,4,4915,1,256,0
1498,127,4,5071,1,218,0
1499,127,4,5269,1,154,0
1500,127,0,99,0,110,1
1501,127,2,2288,0,158,0
1502,127,4,4839,1,301,0
1503,127,4,5493,1,83,0
1504,127,1,1253,0,222,0
1505,127,4,5399,1,110,0
1506,127,4,5234,1,150,0
1507,127,1,1326,0,263,0
1508,127,4,4904,1,314,0
1509,127,2,2153,0,190,0
1510,128,3,3124,0,579,0
1511,128,4,5190,1,160,0
1512,128,1,1265,0,221,0
1513,128,4,5337,1,118,0
1514,128,4,4843,1,344,0
1515,128,4,5258,1,175,0
1516,128,3,2945,0,592,0
1517,128,4,5039,1,219,0
1518,128,4,4877,1,291,0
1519,128,4,5163,1,183,0
1520,128,4,5237,1,173,0
1521,128,1,1151,0,452,0
1522,129,4,5112,1,209,0
1523,129,4,4831,1,311,0
1524,129,4,5370,1,116,0
1525,129,4,5115,1,179,0
1526,129,4,5255,1,127,0
1527,129,4,5240,1,173,0
1528,129,4,5374,1,126,0
1529,129,4,5506,1,78,0
1530,129,4,5296,1,154,0
1531,129,2,2351,0,560,0
1532,129,4,5260,1,131,0
1533,129,4,5305,1,153,0
1534,129,4,5281,1,152,0
1535,129,4,4964,1,288,0
1536,129,4,5047,1,225,0
1537,130,4,4447,1,428,0
1538,130,4,5014,1,239,0
1539,130,4,5192,1,226,0
1540,130,2,2327,0,206,0
1541,130,4,4981,1,260,0
1542,130,2,2278,0,271,0
1543,130,1,1234,0,339,0
1544,130,4,5436,1,101,0
1545,130,4,5042,1,200,0
1546,130,4,5112,1,211,0
1547,130,4,4949,1,224,0
1548,130,4,4884,1,322,0
1549,130,4,5444,1,96,0
1550,131,4,5091,1,209,0
1551,131,4,5157,1,169,0
1552,131,4,5187,1,142,0
1553,131,4,4906,1,287,0
1554,131,4,4898,1,249,0
1555,131,4,5285,1,131,0
1556,131,4,5072,1,196,0
1557,131,4,5326,1,133,0
1558,131,3,2747,0,507,0
1559,131,4,5474,1,102,0
1560,131,4,5129,1,249,0
1561,131,4,4405,1,494,0
1562,131,4,5277,1,161,0
1563,132,4,5110,1,189,0
1564,132,4,5168,1,177,0
1565,132,4,5259,1,149,0
1566,132,4,5023,1,223,0
1567,132,4,4804,1,281,0
1568,132,4,5339,1,145,0
1569,132,4,4794,1,323,0
1570,132,3,3315,0,311,0
1571,132,4,4748,1,308,0
1572,132,4,5085,1,224,0
1573,132,4,5133,1,197,0
1574,132,0,193,0,208,0
1575,132,4,5182,1,208,0
1576,132,4,5125,1,185,0
1577,133,4,5081,1,218,0
1578,133,4,5109,1,187,0
1579,133,4,4882,1,290,0
1580,133,4,5102,1,230,0
1581,133,3,3325,0,299,0
1582,133,1,1193,0,213,0
1583,133,4,5132,1,179,0
1584,133,4,4857,1,313,0
1585,133,4,4992,1,329,0
1586,133,4,5098,1,234,0
1587,133,4,5022,1,243,0
1588,133,4,5142,1,214,0
1589,134,4,5104,1,228,0
1590,134,4,5268,1,150,0
1591,134,0,190,0,133,0
1592,134,4,5142,1,173,0
1593,134,1,1177,0,219,0
1594,134,3,3213,0,373,0
1595,134,0,194,0,161,0
1596,134,4,5370,1,121,0
1597,134,4,5222,1,168,0
1598,134,4,4708,1,353,0
1599,134,4,5112,1,242,0
1600,134,0,99,0,110,1
1601,134,4,4978,1,255,0
1602,134,4,5284,1,129,0
1603,134,4,4702,1,354,0
1604,134,4,5283,1,148,0
1605,135,4,5122,1,187,0
1606,135,4,5115,1,297,0
1607,135,0,194,0,316,0
1608,135,4,5272,1,148,0
1609,135,4,5313,1,142,0
1610,135,4,5090,1,219,0
1611,135,4,5054,1,216,0
1612,135,4,5024,1,263,0
1613,135,4,4951,1,239,0
1614,135,4,5295,1,129,0
1615,135,4,5447,1,86,0
1616,135,4,5362,1,150,0
1617,135,4,5035,1,234,0
1618,135,4,5379,1,112,0
1619,135,4,5336,1,153,0
1620,136,4,4810,1,308,0
1621,136,0,193,0,206,0
1622,136,4,5307,1,133,0
1623,136,4,5163,1,211,0
1624,136,4,4724,1,367,0
1625,136,4,5445,1,95,0
1626,136,4,5315,1,178,0
1627,136,4,4855,1,255,0
1628,136,4,5067,1,256,0
1629,136,4,5390,1,114,0
1630,136,4,4631,1,352,0
1631,136,4,5276,1,138,0
1632,136,4,5275,1,155,0
1633,136,4,5341,1,136,0
1634,136,4,5290,1,134,0
1635,136,4,5511,1,112,0
1636,137,4,5209,1,161,0
1637,137,4,4914,1,270,0
1638,137,4,5110,1,206,0
1639,137,4,5419,1,91,0
1640,137,0,194,0,149,0
1641,137,4,5318,1,126,0
1642,137,4,5089,1,243,0
1643,137,4,5120,1,188,0
1644,137,4,4850,1,333,0
1645,137,4,5436,1,92,0
1646,137,4,5363,1,151,0
1647,137,2,2285,0,182,0
1648,137,4,4874,1,267,0
1649,137,3,3293,0,270,0
1650,137,4,5289,1,154,0
1651,137,4,5033,1,215,0
1652,138,3,3183,0,356,0
1653,138,4,5051,1,209,0
1654,138,0,185,0,354,0
1655,138,4,4576,1,338,0
1656,138,3,3300,0,290,0
1657,138,4,5198,1,171,0
1658,138,4,4803,1,366,0
1659,138,4,5392,1,107,0
1660,138,4,5287,1,159,0
1661,138,4,5122,1,218,0
1662,138,4,5524,1,69,0
1663,138,4,5208,1,145,0
1664,138,4,5471,1,118,0
1665,138,4,5388,1,116,0
1666,139,4,5279,1,151,0
1667,139,1,1314,0,240,0
1668,139,4,4990,1,267,0
1669,139,4,5363,1,115,0
1670,139,4,5440,1,93,0
1671,139,4,5212,1,149,0
1672,139,4,5439,1,114,0
1673,139,4,5324,1,122,0
1674,139,4,4887,1,258,0
1675,139,4,5346,1,122,0
1676,139,4,4665,1,355,0
1677,139,4,4815,1,250,0
1678,139,4,5051,1,224,0
1679,139,4,4624,1,314,0
1680,139,4,5059,1,214,0
1681,140,4,5288,1,147,0
1682,140,2,2095,0,407,0
1683,140,4,5193,1,174,0
1684,140,4,5289,1,138,0
1685,140,4,5400,1,102,0
1686,140,4,5261,1,150,0
1687,140,4,5429,1,100,0
1688,140,4,5250,1,154,0
1689,140,2,2239,0,309,0
1690,140,4,4633,1,386,0
1691,140,4,5178,1,210,0
1692,140,4,4713,1,324,0
1693,140,4,5077,1,207,0
1694,140,4,5345,1,125,0
1695,140,4,5318,1,125,0
1696,140,4,5290,1,128,0
1697,141,4,5030,1,290,0
1698,141,4,5418,1,110,0
1699,141,4,5085,1,235,0
1700,141,0,99,0,110,1
1701,141,4,4626,1,399,0
1702,141,4,4708,1,416,0
1703,141,4,5225,1,163,0
1704,141,4,5531,1,72,0
1705,141,4,5400,1,105,0
1706,141,2,2225,0,182,0
1707,141,4,5512,1,72,0
1708,141,4,5245,1,166,0
1709,141,4,5037,1,205,0
1710,141,3,3310,0,442,0
1711,141,4,5167,1,173,0
1712,142,4,5434,1,92,0
1713,142,4,5242,1,138,0
1714,142,3,3457,0,227,0
1715,142,4,5462,1,85,0
1716,142,4,5383,1,131,0
1717,142,4,4997,1,218,0
1718,142,4,5276,1,166,0
1719,142,4,5181,1,185,0
1720,142,4,5252,1,122,0
1721,142,4,4990,1,248,0
1722,142,4,5237,1,168,0
1723,142,4,5027,1,268,0
1724,142,4,4973,1,284,0
1725,142,4,4768,1,309,0
1726,142,4,5123,1,253,0
1727,142,4,5445,1,85,0
1728,143,4,5298,1,117,0
1729,143,4,5298,1,126,0
1730,143,4,5442,1,107,0
1731,143,4,5406,1,99,0
1732,143,4,4939,1,254,0
1733,143,4,5038,1,229,0
1734,143,4,4976,1,287,0
1735,143,3,3202,0,354,0
1736,143,0,195,0,146,0
1737,143,4,5092,1,210,0
1738,143,4,5199,1,173,0
1739,143,4,5001,1,190,0
1740,143,3,3080,0,658,0
1741,144,4,5299,1,149,0
1742,144,4,4650,1,344,0
1743,144,4,5336,1,149,0
1744,144,4,5273,1,147,0
1745,144,4,5221,1,167,0
1746,144,4,4883,1,259,0
1747,144,4,5154,1,178,0
1748,144,4,5147,1,200,0
1749,144,2,2106,0,162,0
1750,144,4,5141,1,188,0
1751,144,2,2168,0,215,0
1752,144,4,5166,1,169,0
1753,144,4,5426,1,111,0
1754,144,4,4988,1,250,0
1755,144,4,5319,1,126,0
1756,144,4,5174,1,213,0
1757,144,4,5486,1,86,0
1758,145,3,3197,0,452,0
1759,145,4,5135,1,192,0
1760,145,4,5303,1,148,0
1761,145,4,4924,1,260,0
1762,145,4,5331,1,153,0
1763,145,4,5233,1,159,0
1764,145,4,5455,1,92,0
1765,145,4,5200,1,176,0
1766,145,4,5188,1,193,0
1767,145,4,5396,1,100,0
1768,145,4,5134,1,200,0
1769,145,4,5096,1,211,0
1770,145,4,4296,1,406,0
1771,145,4,5410,1,106,0
1772,146,1,1076,0,432,0
1773,146,4,5221,1,163,0
1774,146,4,5166,1,176,0
1775,146,4,5272,1,167,0
1776,146,4,4447,1,474,0
1777,146,3,3492,0,166,0
1778,146,4,5084,1,174,0
1779,146,4,5351,1,144,0
1780,146,1,1248,0,372,0
1781,146,4,4702,1,377,0
1782,146,4,4800,1,331,0
1783,146,4,5532,1,65,0
1784,147,4,5138,1,192,0
1785,147,4,5490,1,83,0
1786,147,0,99,0,156,0
1787,147,0,197,0,140,0
1788,147,4,5019,1,245,0
1789,147,4,5463,1,120,0
1790,147,4,5500,1,81,0
1791,147,4,5040,1,213,0
1792,147,4,5100,1,217,0
1793,147,4,5179,1,174,0
1794,147,4,5261,1,163,0
1795,147,4,4847,1,334,0
1796,147,4,5258,1,188,0
1797,147,2,2142,0,667,0
1798,147,4,5131,1,186,0
1799,147,4,5467,1,90,0
1800,148,0,99,0,110,1
1801,148,4,5051,1,224,0
1802,148,4,4984,1,253,0
1803,148,4,5013,1,252,0
1804,148,4,4239,1,550,0
1805,148,4,4991,1,216,0
1806,148,1,1213,0,245,0
1807,148,4,5322,1,139,0
1808,148,4,5085,1,178,0
1809,148,4,5097,1,200,0
1810,148,4,5186,1,183,0
1811,148,4,5187,1,177,0
1812,148,4,5437,1,109,0
1813,148,4,5436,1,122,0
1814,149,4,5064,1,219,0
1815,149,4,5223,1,165,0
1816,149,4,5311,1,164,0
1817,149,4,4988,1,203,0
1818,149,4,5085,1,204,0
1819,149,2,2104,0,394,0
1820,149,4,5454,1,92,0
1821,149,4,5407,1,95,0
1822,149,4,5058,1,224,0
1823,149,4,5524,1,75,0
1824,149,1,1268,0,259,0
1825,149,2,2421,0,237,0
1826,149,4,5441,1,91,0
1827,149,4,5375,1,108,0
1828,149,4,5394,1,102,0
1829,149,4,5252,1,139,0
1830,149,4,5462,1,88,0
1831,149,4,5211,1,179,0
1832,149,4,5400,1,95,0
1833,149,4,5541,1,94,0
1834,150,4,5478,1,89,0
1835,150,4,5459,1,92,0
1836,150,4,5514,1,75,0
1837,150,4,5029,1,226,0
1838,150,4,4924,1,257,0
1839,150,4,5196,1,147,0
1840,150,4,5426,1,106,0
1841,150,4,5288,1,148,0
1842,150,4,5345,1,124,0
1843,150,4,5371,1,136,0
1844,150,4,5397,1,115,0
1845,150,3,3393,0,282,0
1846,150,4,4798,1,322,0
1847,150,4,5171,1,211,0
1848,150,4,4955,1,278,0
1849,150,4,5099,1,220,0
1850,151,4,5363,1,116,0
1851,151,1,1370,0,140,0
1852,151,4,4923,1,234,0
1853,151,4,5044,1,227,0
1854,151,4,5007,1,251,0
1855,151,4,4992,1,236,0
1856,151,4,4989,1,231,0
1857,151,4,5138,1,165,0
1858,151,4,5057,1,246,0
1859,151,4,5319,1,132,0
1860,151,4,5242,1,159,0
1861,151,4,5044,1,205,0
1862,151,4,4867,1,300,0
1863,151,4,5048,1,252,0
1864,151,4,5252,1,162,0
1865,151,4,5425,1,103,0
1866,152,4,5268,1,143,0
1867,152,4,4648,1,380,0
1868,152,2,2303,0,348,0
1869,152,4,5056,1,224,0
1870,152,4,5522,1,69,0
1871,152,1,1164,0,160,0
1872,152,4,5318,1,115,0
1873,152,4,4897,1,243,0
1874,152,4,5337,1,134,0
1875,152,4,5440,1,98,0
1876,152,2,2273,0,318,0
1877,152,4,4940,1,313,0
1878,152,4,4925,1,257,0
1879,152,4,5232,1,164,0
1880,152,4,5254,1,143,0
1881,153,4,4844,1,295,0
1882,153,4,5034,1,226,0
1883,153,4,5298,1,167,0
1884,153,4,4499,1,488,0
1885,153,4,5086,1,197,0
1886,153,4,5356,1,115,0
1887,153,4,5084,1,223,0
1888,153,4,4470,1,429,0
1889,153,4,5405,1,112,0
1890,153,4,4625,1,321,0
1891,153,4,5081,1,213,0
1892,153,4,5103,1,192,0
1893,153,4,5618,1,70,0
1894,153,0,197,0,157,0
1895,154,4,5074,1,217,0
1896,154,4,5278,1,142,0
1897,154,2,2415,0,241,0
1898,154,4,5447,1,89,0
1899,154,4,4857,1,271,0
1900,154,0,99,0,110,1
1901,154,4,4923,1,244,0
1902,154,4,4693,1,356,0
1903,154,4,4909,1,214,0
1904,154,4,5421,1,92,0
1905,154,4,5347,1,125,0
1906,154,4,4571,1,473,0
1907,154,4,4778,1,322,0
1908,154,4,5415,1,110,0
1909,155,2,2345,0,347,0
1910,155,4,5382,1,104,0
1911,155,4,4749,1,333,0
1912,155,4,5151,1,191,0
1913,155,3,3392,0,341,0
1914,155,4,4753,1,335,0
1915,155,4,5153,1,182,0
1916,155,4,5357,1,113,0
1917,155,4,5395,1,113,0
1918,155,4,5039,1,213,0
1919,155,4,4968,1,233,0
1920,155,4,5085,1,226,0
1921,155,4,4854,1,303,0
1922,155,4,5380,1,130,0
1923,156,0,99,0,232,0
1924,156,4,4903,1,282,0
1925,156,4,5513,1,77,0
1926,156,4,5088,1,201,0
1927,156,4,4806,1,322,0
1928,156,4,5237,1,147,0
1929,156,4,4980,1,239,0
1930,156,4,5374,1,112,0
1931,156,3,3341,0,206,0
1932,156,4,5029,1,236,0
1933,156,4,4730,1,346,0
1934,156,4,5093,1,193,0
1935,156,4,5385,1,105,0
1936,156,4,5339,1,119,0
1937,156,4,4615,1,385,0
1938,157,4,4646,1,286,0
1939,157,4,5473,1,107,0
1940,157,4,5068,1,221,0
1941,157,4,4735,1,422,0
1942,157,4,5412,1,125,0
1943,157,4,5041,1,216,0
1944,157,4,5441,1,84,0
1945,157,4,5192,1,150,0
1946,157,4,5323,1,132,0
1947,157,4,5269,1,145,0
1948,157,4,4756,1,233,0
1949,157,1,1161,0,147,0
1950,157,4,5064,1,227,0
1951,157,4,4985,1,214,0
1952,157,4,5039,1,268,0
1953,157,4,5327,1,133,0
1954,158,4,4782,1,244,0
1955,158,2,2239,0,424,0
1956,158,4,5463,1,115,0
1957,158,4,4938,1,278,0
1958,158,4,4745,1,335,0
1959,158,4,5282,1,184,0
1960,158,4,5080,1,204,0
1961,158,0,196,0,171,0
1962,158,4,5279,1,130,0
1963,158,4,5312,1,151,0
1964,158,4,4916,1,326,0
1965,158,4,5222,1,166,0
1966,158,4,5127,1,195,0
1967,159,4,5292,1,164,0
1968,159,4,5204,1,172,0
1969,159,4,4961,1,229,0
1970,159,4,5531,1,119,0
1971,159,4,5084,1,207,0
1972,159,4,4982,1,213,0
1973,159,4,5333,1,112,0
1974,159,4,5313,1,137,0
1975,159,4,5147,1,181,0
1976,159,4,5362,1,127,0
1977,159,2,2380,0,278,0
1978,159,4,5304,1,129,0
1979,159,4,5252,1,157,0
1980,159,4,5543,1,87,0
1981,159,4,4815,1,320,0
1982,159,4,5008,1,242,0
1983,159,4,5450,1,111,0
1984,160,4,4902,1,282,0
1985,160,4,4418,1,529,0
1986,160,2,2216,0,330,0
1987,160,4,5207,1,136,0
1988,160,4,4147,1,590,0
1989,160,4,5134,1,198,0
1990,160,4,4660,1,335,0
1991,160,4,4723,1,344,0
1992,160,4,5455,1,83,0
1993,161,4,4705,1,379,0
1994,161,4,5020,1,219,0
1995,161,4,5592,1,77,0
1996,161,4,4885,1,286,0
1997,161,2,1985,0,331,0
1998,161,4,5200,1,159,0
1999,161,4,5227,1,161,0
2000,161,0,99,0,110,1
2001,161,4,5142,1,211,0
2002,161,4,5147,1,192,0
2003,161,4,5116,1,218,0
2004,161,4,5546,1,88,0
2005,161,4,5097,1,190,0
2006,161,4,5133,1,201,0
2007,161,4,5372,1,110,0
2008,161,3,3147,0,205,0
2009,162,2,2182,0,397,0
2010,162,4,4913,1,233,0
2011,162,4,5411,1,104,0
2012,162,4,5507,1,103,0
2013,162,4,5181,1,158,0
2014,162,4,5068,1,220,0
2015,162,4,5108,1,195,0
2016,162,4,5266,1,183,0
2017,162,4,5247,1,141,0
2018,162,4,5394,1,112,0
2019,162,4,5426,1,104,0
2020,162,4,5207,1,161,0
2021,162,4,4947,1,232,0
2022,162,4,4771,1,277,0
2023,162,4,5226,1,141,0
2024,162,4,5246,1,160,0
2025,162,4,5342,1,110,0
2026,162,4,4795,1,391,0
2027,163,4,5403,1,131,0
2028,163,4,5318,1,139,0
2029,163,4,5478,1,109,0
2030,163,4,5227,1,160,0
2031,163,4,4790,1,332,0
2032,163,4,4860,1,270,0
2033,163,4,5142,1,173,0
2034,163,4,5090,1,191,0
2035,163,4,3671,1,780,0
2036,163,4,5199,1,172,0
2037,163,4,5238,1,145,0
2038,163,4,4491,1,475,0
2039,164,0,197,0,234,0
2040,164,4,4677,1,331,0
2041,164,4,4985,1,232,0
2042,164,4,4989,1,217,0
2043,164,4,4967,1,299,0
2044,164,4,4412,1,496,0
2045,164,1,1223,0,212,0
2046,164,4,5372,1,139,0
2047,164,4,4742,1,287,0
2048,164,4,5181,1,176,0
2049,164,0,192,0,153,0
2050,164,4,5346,1,113,0
2051,164,4,5125,1,180,0
2052,165,4,4931,1,201,0
2053,165,4,5251,1,138,0
2054,165,4,5111,1,172,0
2055,165,4,4664,1,338,0
2056,165,4,5290,1,164,0
2057,165,4,5367,1,117,0
2058,165,4,5371,1,116,0
2059,165,4,5125,1,186,0
2060,165,4,5275,1,138,0
2061,165,4,5297,1,148,0
2062,165,4,4569,1,377,0
2063,165,4,5279,1,150,0
2064,165,4,4910,1,252,0
2065,165,4,5130,1,178,0
2066,165,4,5330,1,120,0
2067,165,4,4681,1,337,0
2068,166,4,4881,1,286,0
2069,166,3,3279,0,637,0
2070,166,4,5044,1,220,0
2071,166,1,1172,0,174,0
2072,166,4,5274,1,146,0
2073,166,4,5370,1,126,0
2074,166,4,5216,1,170,0
2075,166,4,5448,1,90,0
2076,166,4,5465,1,95,0
2077,166,4,5352,1,127,0
2078,166,4,4796,1,408,0
2079,166,4,5534,1,68,0
2080,166,4,5163,1,151,0
2081,166,4,5014,1,229,0
2082,166,4,5410,1,108,0
2083,166,4,5226,1,157,0
2084,167,1,1037,0,345,0
2085,167,4,4980,1,272,0
2086,167,4,5071,1,171,0
2087,167,4,5551,1,92,0
2088,167,4,5231,1,159,0
2089,167,4,5122,1,156,0
2090,167,4,5171,1,164,0
2091,167,4,4606,1,313,0
2092,167,4,5316,1,139,0
2093,167,4,5007,1,270,0
2094,167,4,5474,1,85,0
2095,167,3,3282,0,230,0
2096,167,4,5442,1,98,0
2097,167,4,5199,1,204,0
2098,167,4,5014,1,221,0
2099,167,4,4974,1,305,0
2100,168,0,99,0,110,1
2101,168,4,4990,1,221,0
2102,168,4,5356,1,129,0
2103,168,4,5033,1,237,0
2104,168,4,5401,1,114,0
2105,168,4,4156,1,788,0
2106,168,4,4928,1,224,0
2107,168,2,2418,0,323,0
2108,168,4,5003,1,234,0
2109,168,1,1177,0,187,0
2110,168,4,5282,1,124,0
2111,168,4,5048,1,206,0
2112,168,4,4897,1,276,0
2113,169,4,5060,1,213,0
2114,169,4,4453,1,495,0
2115,169,4,5480,1,107,0
2116,169,4,5021,1,220,0
2117,169,0,198,0,148,0
2118,169,4,4679,1,378,0
2119,169,4,4978,1,243,0
2120,169,4,4398,1,452,0
2121,169,2,2364,0,256,0
2122,169,4,5171,1,196,0
2123,169,2,2328,0,201,0
2124,169,4,4783,1,313,0
2125,170,4,4692,1,349,0
2126,170,4,5539,1,87,0
2127,170,4,5276,1,123,0
2128,170,4,5109,1,197,0
2129,170,4,5527,1,69,0
2130,170,1,1446,0,190,0
2131,170,4,5420,1,120,0
2132,170,2,2400,0,178,0
2133,170,2,2228,0,456,0
2134,170,4,5243,1,147,0
2135,170,4,4980,1,222,0
2136,170,4,4749,1,361,0
2137,170,4,4533,1,505,0
2138,170,4,5080,1,208,0
2139,171,4,5403,1,110,0
2140,171,3,2968,0,740,0
2141,171,4,5260,1,141,0
2142,171,4,5123,1,181,0
2143,171,4,5152,1,179,0
2144,171,4,5551,1,66,0
2145,171,4,5542,1,94,0
2146,171,4,4706,1,375,0
2147,171,4,4865,1,295,0
2148,171,4,4674,1,382,0
2149,171,4,5428,1,114,0
2150,171,4,5525,1,72,0
2151,171,4,4640,1,385,0
2152,172,4,5217,1,165,0
2153,172,4,5267,1,166,0
2154,172,4,5301,1,135,0
2155,172,4,5275,1,151,0
2156,172,4,5265,1,148,0
2157,172,4,5282,1,154,0
2158,172,4,5304,1,162,0
2159,172,4,5412,1,101,0
2160,172,2,2232,0,383,0
2161,172,4,4862,1,352,0
2162,172,4,4846,1,267,0
2163,172,4,4806,1,281,0
2164,172,4,4606,1,369,0
2165,172,4,5360,1,129,0
2166,172,4,5246,1,155,0
2167,172,4,5402,1,109,0
2168,173,4,5012,1,231,0
2169,173,4,4470,1,464,0
2170,173,4,4851,1,309,0
2171,173,1,1157,0,211,0
2172,173,4,5468,1,92,0
2173,173,4,4740,1,336,0
2174,173,4,5039,1,252,0
2175,173,4,5253,1,175,0
2176,173,4,5311,1,126,0
2177,173,4,5214,1,160,0
2178,173,2,2215,0,602,0
2179,173,4,5463,1,88,0
2180,173,4,5353,1,121,0
2181,174,4,4953,1,262,0
2182,174,4,5433,1,99,0
2183,174,4,5474,1,81,0
2184,174,4,4705,1,367,0
2185,174,4,5274,1,140,0
2186,174,4,5239,1,145,0
2187,174,2,2086,0,436,0
2188,174,0,281,0,203,0
2189,174,3,3397,0,307,0
2190,174,4,5189,1,209,0
2191,174,4,5206,1,159,0
2192,174,4,5102,1,224,0
2193,174,4,5079,1,225,0
2194,174,4,4989,1,257,0
2195,175,2,2275,0,521,0
2196,175,4,4766,1,271,0
2197,175,4,5439,1,106,0
2198,175,4,5243,1,177,0
2199,175,4,5220,1,153,0
2200,175,0,99,0,110,1
2201,175,4,5310,1,142,0
2202,175,4,5215,1,159,0
2203,175,0,194,0,141,0
2204,175,4,5292,1,127,0
2205,175,4,5331,1,144,0
2206,175,4,5418,1,119,0
2207,175,4,5075,1,208,0
2208,175,4,4986,1,217,0
2209,175,4,5135,1,193,0
2210,175,4,4870,1,273,0
2211,176,4,4677,1,332,0
2212,176,4,5483,1,79,0
2213,176,1,1323,0,258,0
2214,176,4,5265,1,150,0
2215,176,4,5329,1,128,0
2216,176,4,5325,1,127,0
2217,176,4,5062,1,224,0
2218,176,4,5473,1,88,0
2219,176,1,940,0,563,0
2220,176,4,5102,1,217,0
2221,176,4,4650,1,375,0
2222,176,4,5221,1,156,0
2223,176,4,5303,1,167,0
2224,176,4,5480,1,97,0
2225,176,4,5086,1,211,0
2226,177,4,5225,1,162,0
2227,177,4,5104,1,214,0
2228,177,4,5385,1,116,0
2229,177,4,5212,1,168,0
2230,177,4,5390,1,114,0
2231,177,4,5363,1,102,0
2232,177,4,5432,1,108,0
2233,177,4,4982,1,311,0
2234,177,4,5531,1,91,0
2235,177,4,5513,1,100,0
2236,177,4,4601,1,392,0
2237,177,0,197,0,143,0
2238,177,0,184,0,288,0
2239,177,4,4978,1,236,0
2240,177,4,5097,1,226,0
2241,177,4,5313,1,136,0
2242,177,4,5405,1,123,0
2243,178,1,1237,0,179,0
2244,178,3,3103,0,244,0
2245,178,4,5299,1,151,0
2246,178,4,5374,1,115,0
2247,178,4,4465,1,487,0
2248,178,4,5089,1,241,0
2249,178,1,1270,0,175,0
2250,178,1,1119,0,235,0
2251,178,4,4896,1,317,0
2252,178,4,4831,1,309,0
2253,178,4,5199,1,167,0
2254,178,4,5187,1,180,0
2255,178,4,5063,1,194,0
2256,178,4,5236,1,147,0
2257,178,4,5437,1,96,0
2258,179,4,5339,1,140,0
2259,179,1,1162,0,247,0
2260,179,2,1704,0,432,0
2261,179,4,4618,1,558,0
2262,179,3,3211,0,253,0
2263,179,4,5098,1,212,0
2264,179,4,5366,1,114,0
2265,179,4,5055,1,211,0
2266,179,0,197,0,145,0
2267,179,4,5356,1,127,0
2268,179,4,5444,1,95,0
2269,179,4,4928,1,402,0
2270,179,4,5281,1,152,0
2271,180,4,4790,1,290,0
2272,180,4,5386,1,119,0
2273,180,2,2180,0,246,0
2274,180,4,5233,1,156,0
2275,180,4,5018,1,222,0
2276,180,2,2464,0,203,0
2277,180,4,5176,1,187,0
2278,180,4,5340,1,132,0
2279,180,4,4781,1,320,0
2280,180,4,5236,1,157,0
2281,180,4,5305,1,126,0
2282,180,4,4533,1,440,0
2283,180,4,4722,1,349,0
2284,181,4,4849,1,270,0
2285,181,0,187,0,232,0
2286,181,4,4984,1,224,0
2287,181,4,4672,1,374,0
2288,181,4,5438,1,96,0
2289,181,4,5361,1,113,0
2290,181,4,5484,1,80,0
2291,181,4,5418,1,105,0
2292,181,4,5260,1,139,0
2293,181,4,4978,1,297,0
2294,181,0,197,0,141,0
2295,181,4,5165,1,191,0
2296,181,4,5073,1,254,0
2297,181,4,5252,1,156,0
2298,181,4,5058,1,181,0
2299,181,4,5015,1,345,0
2300,182,0,99,0,110,1
2301,182,4,5264,1,143,0
2302,182,4,5335,1,189,0
2303,182,4,4968,1,242,0
2304,182,4,5174,1,175,0
2305,182,4,4799,1,315,0
2306,182,4,5283,1,123,0
2307,182,4,5281,1,145,0
2308,182,2,2151,0,201,0
2309,182,4,5532,1,76,0
2310,182,4,5241,1,146,0
2311,182,4,5030,1,220,0
2312,182,4,5008,1,213,0
2313,182,4,4765,1,345,0
2314,182,4,5013,1,204,0
2315,182,4,5396,1,110,0
2316,183,4,4822,1,316,0
2317,183,4,4921,1,244,0
2318,183,4,5316,1,142,0
2319,183,1,1143,0,182,0
2320,183,4,5220,1,156,0
2321,183,4,5010,1,242,0
2322,183,4,5028,1,220,0
2323,183,4,5311,1,130,0
2324,183,4,5298,1,130,0
2325,183,1,1247,0,338,0
2326,183,4,4885,1,432,0
2327,183,4,5148,1,191,0
2328,183,0,197,0,141,0
2329,183,4,4693,1,362,0
2330,184,4,4845,1,329,0
2331,184,4,5357,1,136,0
2332,184,4,5340,1,127,0
2333,184,3,3115,0,298,0
2334,184,4,5192,1,169,0
2335,184,4,5432,1,97,0
2336,184,4,4674,1,432,0
2337,184,1,1209,0,183,0
2338,184,4,5272,1,179,0
2339,184,4,5476,1,81,0
2340,184,4,5088,1,177,0
2341,184,4,5144,1,195,0
2342,184,4,5459,1,89,0
2343,184,4,5486,1,87,0
2344,184,4,4876,1,260,0
2345,184,4,5135,1,185,0
2346,184,4,4990,1,208,0
2347,185,3,3289,0,555,0
2348,185,4,4833,1,320,0
2349,185,2,1884,0,740,0
2350,185,4,5162,1,166,0
2351,185,4,5563,1,64,0
2352,185,4,5312,1,127,0
2353,185,4,5376,1,121,0
2354,185,4,4777,1,305,0
2355,185,1,1231,0,280,0
2356,185,4,5155,1,209,0
2357,185,3,3184,0,298,0
2358,186,4,5226,1,148,0
2359,186,4,4821,1,238,0
2360,186,1,1145,0,196,0
2361,186,4,4710,1,358,0
2362,186,4,4851,1,239,0
2363,186,1,1258,0,190,0
2364,186,4,5105,1,241,0
2365,186,4,5123,1,229,0
2366,186,4,5262,1,147,0
2367,186,4,5485,1,84,0
2368,186,4,5118,1,181,0
2369,186,4,5518,1,91,0
2370,186,4,5455,1,98,0
2371,186,4,4928,1,249,0
2372,186,4,5336,1,123,0
2373,187,3,3109,0,388,0
2374,187,4,5430,1,106,0
2375,187,4,5121,1,217,0
2376,187,4,5473,1,107,0
2377,187,4,5428,1,91,0
2378,187,4,5267,1,179,0
2379,187,4,4885,1,275,0
2380,187,4,4687,1,319,0
2381,187,4,5450,1,90,0
2382,187,4,5191,1,144,0
2383,187,4,5020,1,220,0
2384,187,4,5425,1,120,0
2385,187,4,5537,1,91,0
2386,187,4,4744,1,260,0
2387,187,0,195,0,153,0
2388,187,4,5204,1,174,0
2389,187,4,5232,1,166,0
2390,188,4,4496,1,418,0
2391,188,4,5516,1,96,0
2392,188,4,5216,1,146,0
2393,188,4,5379,1,113,0
2394,188,2,2420,0,223,0
2395,188,4,5076,1,197,0
2396,188,4,5303,1,125,0
2397,188,2,2237,0,184,0
2398,188,4,5151,1,192,0
2399,188,2,2220,0,577,0
2400,188,0,99,0,110,1
2401,188,1,1253,0,225,0
2402,188,4,5016,1,262,0
2403,188,4,4759,1,334,0
2404,188,4,5496,1,80,0
2405,189,4,4572,1,374,0
2406,189,4,5248,1,155,0
2407,189,4,4709,1,355,0
2408,189,4,5123,1,182,0
2409,189,4,5392,1,108,0
2410,189,4,5056,1,222,0
2411,189,4,5416,1,91,0
2412,189,4,4622,1,364,0
2413,189,4,5144,1,173,0
2414,189,4,5328,1,126,0
2415,189,4,4877,1,256,0
2416,189,4,5366,1,138,0
2417,189,4,5356,1,107,0
2418,189,4,5163,1,174,0
2419,189,4,5404,1,132,0
2420,190,2,2248,0,299,0
2421,190,4,4974,1,195,0
2422,190,2,2309,0,262,0
2423,190,4,4846,1,296,0
2424,190,4,5477,1,96,0
2425,190,4,4245,1,574,0
2426,190,4,5304,1,136,0
2427,190,2,2217,0,270,0
2428,190,4,5210,1,179,0
2429,190,4,5275,1,175,0
2430,190,4,5345,1,125,0
2431,190,4,5300,1,145,0
2432,190,4,5170,1,168,0
2433,190,4,5248,1,153,0
2434,190,4,5354,1,142,0
2435,191,4,5095,1,218,0
2436,191,4,5105,1,219,0
2437,191,4,5520,1,87,0
2438,191,4,5454,1,92,0
2439,191,4,5181,1,205,0
2440,191,4,5119,1,202,0
2441,191,2,2447,0,269,0
2442,191,4,5468,1,103,0
2443,191,4,5379,1,107,0
2444,191,4,4691,1,320,0
2445,191,4,4537,1,428,0
2446,191,4,5092,1,167,0
2447,191,4,4990,1,243,0
2448,191,4,5102,1,193,0
2449,191,0,193,0,146,0
2450,192,4,5096,1,196,0
2451,192,4,5295,1,131,0
2452,192,4,5513,1,95,0
2453,192,4,5164,1,186,0
2454,192,4,5156,1,190,0
2455,192,0,196,0,141,0
2456,192,4,5447,1,128,0
2457,192,4,5447,1,126,0
2458,192,4,4663,1,435,0
2459,192,4,5528,1,70,0
2460,192,4,5102,1,218,0
2461,192,4,5295,1,160,0
2462,192,4,5342,1,123,0
2463,192,4,5110,1,210,0
2464,192,4,5259,1,153,0
2465,192,4,5314,1,132,0
2466,192,4,5474,1,108,0
2467,192,4,5251,1,153,0
2468,193,4,4898,1,315,0
2469,193,4,5325,1,135,0
2470,193,4,4968,1,197,0
2471,193,4,5015,1,280,0
2472,193,4,5201,1,217,0
2473,193,2,2305,0,240,0
2474,193,4,5609,1,98,0
2475,193,4,4833,1,290,0
2476,193,4,5340,1,127,0
2477,193,1,1269,0,142,0
2478,193,2,2307,0,170,0
2479,193,4,4580,1,431,0
2480,193,4,5164,1,219,0
2481,193,1,1174,0,596,0
2482,194,3,3402,0,276,0
2483,194,4,4525,1,443,0
2484,194,4,5393,1,106,0
2485,194,4,5061,1,249,0
2486,194,4,5625,1,72,0
2487,194,4,5381,1,112,0
2488,194,1,1336,0,272,0
2489,194,4,4770,1,290,0
2490,194,3,3361,0,274,0
2491,194,4,5403,1,113,0
2492,194,4,4878,1,330,0
2493,194,4,5077,1,252,0
2494,194,4,5123,1,242,0
2495,194,4,5434,1,106,0
2496,195,4,4748,1,385,0
2497,195,4,5587,1,98,0
2498,195,4,4636,1,465,0
2499,195,4,5012,1,294,0
2500,195,0,99,0,110,1
2501,195,4,5373,1,143,0
2502,195,4,5233,1,219,0
2503,195,2,2129,0,316,0
2504,195,4,4990,1,270,0
2505,195,4,5503,1,119,0
2506,195,4,5240,1,181,0
2507,195,4,4678,1,412,0
2508,195,4,5206,1,224,0
2509,196,4,4942,1,250,0
2510,196,4,5433,1,128,0
2511,196,2,2385,0,207,0
2512,196,4,5461,1,86,0
2513,196,2,2308,0,252,0
2514,196,4,5131,1,169,0
2515,196,4,4914,1,326,0
2516,196,4,4923,1,300,0
2517,196,4,5063,1,252,0
2518,196,4,5516,1,102,0
2519,196,0,187,0,268,0
2520,196,4,4985,1,281,0
2521,196,2,2266,0,440,0
2522,196,4,5238,1,191,0
2523,197,4,5144,1,170,0
2524,197,4,5111,1,271,0
2525,197,4,4601,1,432,0
2526,197,4,4459,1,511,0
2527,197,4,4539,1,541,0
2528,197,4,5336,1,116,0
2529,197,4,5024,1,300,0
2530,197,4,5281,1,170,0
2531,197,4,4955,1,276,0
2532,197,4,5119,1,225,0
2533,197,1,1248,0,174,0
2534,198,4,5372,1,130,0
2535,198,4,5390,1,148,0
2536,198,4,4333,1,876,0
2537,198,4,5285,1,218,0
2538,198,4,5055,1,217,0
2539,198,4,5145,1,294,0
2540,198,4,5285,1,160,0
2541,198,2,2158,0,661,0
2542,198,4,5378,1,168,0
2543,199,4,4856,1,374,0
2544,199,4,4924,1,254,0
2545,199,4,5127,1,208,0
2546,199,4,5417,1,107,0
2547,199,4,5425,1,157,0
2548,199,4,4963,1,264,0
2549,199,4,4654,1,438,0
2550,199,3,3360,0,499,0
2551,199,4,5181,1,208,0
2552,199,4,5331,1,202,0
2553,199,4,5491,1,105,0
2554,200,4,4880,1,295,0
2555,200,3,2938,0,332,0
2556,200,4,5283,1,154,0
2557,200,4,4795,1,336,0
2558,200,4,5292,1,181,0
2559,200,4,5337,1,220,0
2560,200,4,4594,1,492,0
2561,200,4,5147,1,237,0
2562,200,4,5473,1,109,0
2563,200,4,4693,1,306,0
2564,200,4,4528,1,464,0
2565,201,4,4979,1,249,0
2566,201,4,5197,1,205,0
2567,201,4,5189,1,181,0
2568,201,4,5544,1,100,0
2569,201,4,5076,1,318,0
2570,201,4,5322,1,172,0
2571,201,4,4627,1,477,0
2572,201,4,5078,1,242,0
2573,201,1,1372,0,308,0
2574,201,4,5438,1,103,0
2575,201,4,5341,1,140,0
2576,201,4,5409,1,120,0
2577,201,4,5488,1,87,0
2578,202,3,3205,0,416,0
2579,202,4,4257,1,571,0
2580,202,4,4734,1,427,0
2581,202,4,5214,1,247,0
2582,202,4,4999,1,305,0
2583,202,4,5131,1,272,0
2584,202,4,5318,1,171,0
2585,202,0,177,0,222,0
2586,202,4,4824,1,358,0
2587,202,4,5559,1,98,0
2588,203,4,4475,1,366,0
2589,203,4,5266,1,191,0
2590,203,4,5161,1,228,0
2591,203,4,5223,1,213,0
2592,203,4,5510,1,112,0
2593,203,4,5282,1,195,0
2594,203,4,4712,1,340,0
2595,203,4,5531,1,87,0
2596,203,4,4878,1,307,0
2597,203,4,5277,1,158,0
2598,203,4,5020,1,273,0
2599,203,4,5032,1,214,0
2600,203,0,99,0,110,1
2601,203,4,5064,1,244,0
2602,203,4,5317,1,148,0
2603,204,4,4406,1,702,0
2604,204,4,4989,1,365,0
2605,204,4,5189,1,193,0
2606,204,4,5299,1,158,0
2607,204,4,5040,1,289,0
2608,204,4,5304,1,142,0
2609,204,4,4802,1,361,0
2610,204,4,5256,1,169,0
2611,204,4,5408,1,111,0
2612,204,4,4889,1,346,0
2613,204,4,5273,1,189,0
2614,204,4,5112,1,237,0
2615,205,2,2171,0,286,0
2616,205,4,5336,1,118,0
2617,205,4,5570,1,105,0
2618,205,4,5526,1,76,0
2619,205,4,5239,1,168,0
2620,205,4,5358,1,138,0
2621,205,4,5331,1,176,0
2622,205,4,5293,1,162,0
2623,205,4,5048,1,392,0
2624,205,4,5256,1,210,0
2625,205,4,5194,1,155,0
2626,205,4,5282,1,128,0
2627,205,4,4988,1,262,0
2628,205,4,5264,1,196,0
2629,205,1,1256,0,137,0
2630,206,4,4649,1,503,0
2631,206,4,5058,1,260,0
2632,206,4,4969,1,331,0
2633,206,4,4827,1,439,0
2634,206,4,5124,1,234,0
2635,206,4,5038,1,273,0
2636,206,4,5128,1,215,0
2637,206,4,4796,1,426,0
2638,206,4,5058,1,261,0
2639,206,2,2231,0,284,0
2640,207,4,4796,1,373,0
2641,207,4,4403,1,526,0
2642,207,4,5289,1,149,0
2643,207,4,5209,1,215,0
2644,207,4,4353,1,575,0
2645,207,4,5427,1,145,0
2646,207,4,4955,1,324,0
2647,207,4,5504,1,136,0
2648,207,4,5434,1,106,0
2649,207,4,5374,1,143,0
2650,207,4,4857,1,339,0
2651,207,4,5263,1,170,0
2652,207,4,5152,1,196,0
2653,208,4,5251,1,218,0
2654,208,4,5225,1,163,0
2655,208,4,5284,1,168,0
2656,208,0,99,0,170,0
2657,208,4,4869,1,311,0
2658,208,4,5270,1,171,0
2659,208,4,5061,1,235,0
2660,208,4,4615,1,487,0
2661,208,4,5208,1,202,0
2662,208,4,4851,1,334,0
2663,208,4,5215,1,202,0
2664,208,4,5310,1,127,0
2665,208,4,4820,1,287,0
2666,209,4,5143,1,240,0
2667,209,4,5538,1,114,0
2668,209,4,4806,1,350,0
2669,209,2,2376,0,191,0
2670,209,4,5275,1,176,0
2671,209,4,4741,1,443,0
2672,209,4,5311,1,156,0
2673,209,4,4926,1,354,0
2674,209,4,5188,1,161,0
2675,209,4,4914,1,231,0
2676,209,4,5098,1,319,0
2677,210,4,4544,1,504,0
2678,210,4,5331,1,143,0
2679,210,4,5321,1,168,0
2680,210,4,5044,1,314,0
2681,210,4,5417,1,148,0
2682,210,4,5348,1,173,0
2683,210,4,5166,1,218,0
2684,210,4,5297,1,199,0
2685,210,4,5397,1,144,0
2686,210,4,5528,1,119,0
2687,210,4,5375,1,102,0
2688,210,4,5277,1,250,0
2689,210,4,5324,1,158,0
2690,210,4,5184,1,230,0
2691,210,4,4981,1,337,0
2692,211,4,4981,1,269,0
2693,211,3,3324,0,598,0
2694,211,4,4887,1,345,0
2695,211,4,5473,1,131,0
2696,211,4,5316,1,141,0
2697,211,4,4674,1,458,0
2698,211,4,4833,1,327,0
2699,211,2,2330,0,244,0
2700,211,0,99,0,110,1
2701,211,4,5243,1,213,0
2702,211,4,5115,1,210,0
2703,211,4,5502,1,107,0
2704,212,4,5350,1,168,0
2705,212,4,4573,1,554,0
2706,212,4,4923,1,443,0
2707,212,4,5120,1,250,0
2708,212,4,4537,1,495,0
2709,212,4,4767,1,507,0
2710,212,4,5246,1,224,0
2711,212,4,5433,1,117,0
2712,212,4,5119,1,205,0
2713,212,4,5294,1,153,0
2714,213,4,4864,1,403,0
2715,213,4,5428,1,107,0
2716,213,4,4888,1,407,0
2717,213,4,5297,1,155,0
2718,213,4,4864,1,317,0
2719,213,4,5061,1,285,0
2720,213,4,5083,1,313,0
2721,213,4,5002,1,338,0
2722,213,4,5221,1,206,0
2723,213,4,5163,1,210,0
2724,213,4,4798,1,421,0
2725,214,4,5068,1,244,0
2726,214,4,5031,1,277,0
2727,214,4,5000,1,315,0
2728,214,4,4329,1,522,0
2729,214,4,4746,1,439,0
2730,214,4,5227,1,213,0
2731,214,4,5102,1,214,0
2732,214,4,5326,1,182,0
2733,214,4,4979,1,275,0
2734,214,4,5409,1,120,0
2735,214,4,4964,1,285,0
2736,215,4,5056,1,377,0
2737,215,3,3383,0,365,0
2738,215,4,5526,1,118,0
2739,215,4,5190,1,204,0
2740,215,4,4661,1,566,0
2741,215,4,5428,1,119,0
2742,215,4,4365,1,591,0
2743,215,3,3480,0,416,0
2744,216,4,4506,1,485,0
2745,216,4,5090,1,242,0
2746,216,4,5157,1,273,0
2747,216,4,5025,1,326,0
2748,216,4,5436,1,107,0
2749,216,4,4574,1,447,0
2750,216,4,5307,1,134,0
2751,216,4,5487,1,126,0
2752,216,4,5155,1,199,0
2753,216,4,5247,1,196,0
2754,216,4,5485,1,153,0
2755,216,4,5110,1,232,0
2756,216,4,4724,1,418,0
2757,216,4,5072,1,188,0
2758,217,4,4970,1,352,0
2759,217,4,5453,1,163,0
2760,217,4,5385,1,139,0
2761,217,4,5282,1,141,0
2762,217,4,5200,1,243,0
2763,217,4,4389,1,485,0
2764,217,1,1286,0,135,0
2765,217,4,5303,1,163,0
2766,217,4,4945,1,334,0
2767,217,4,4654,1,523,0
2768,217,4,5357,1,119,0
2769,217,4,5466,1,87,0
2770,217,4,5046,1,212,0
2771,217,4,5399,1,141,0
2772,218,4,5271,1,206,0
2773,218,4,5455,1,95,0
2774,218,4,5026,1,243,0
2775,218,4,5153,1,272,0
2776,218,4,5017,1,237,0
2777,218,4,5206,1,175,0
2778,218,4,5039,1,288,0
2779,218,4,5113,1,274,0
2780,218,4,4448,1,498,0
2781,218,0,99,0,121,0
2782,218,4,4686,1,468,0
2783,218,0,195,0,165,0
2784,219,4,5107,1,204,0
2785,219,4,5215,1,195,0
2786,219,4,5198,1,259,0
2787,219,4,5296,1,163,0
2788,219,4,4830,1,379,0
2789,219,4,5285,1,155,0
2790,219,4,5501,1,124,0
2791,219,4,4715,1,424,0
2792,219,4,5253,1,194,0
2793,219,4,5376,1,127,0
2794,219,4,5326,1,191,0
2795,219,4,5564,1,105,0
2796,219,4,5429,1,111,0
2797,219,4,5394,1,148,0
2798,219,4,5384,1,136,0
2799,219,4,5139,1,285,0
2800,220,0,99,0,110,1
2801,220,4,5580,1,103,0
2802,220,1,1158,0,219,0
2803,220,4,5508,1,73,0
2804,220,2,2249,0,180,0
2805,220,4,5127,1,338,0
2806,220,4,5241,1,260,0
2807,220,4,5169,1,204,0
2808,220,4,5448,1,102,0
2809,220,4,5259,1,262,0
2810,220,4,5539,1,103,0
2811,220,4,5329,1,148,0
2812,220,4,5519,1,87,0
2813,220,4,5359,1,209,0
2814,220,4,5498,1,110,0
2815,220,4,5437,1,99,0
2816,220,4,5379,1,163,0
2817,220,2,2286,0,299,0
2818,220,4,5559,1,91,0
2819,220,4,5612,1,88,0
2820,221,4,5410,1,131,0
2821,221,4,5385,1,138,0
2822,221,4,5431,1,178,0
2823,221,4,5261,1,236,0
2824,221,4,5229,1,265,0
2825,221,4,5008,1,212,0
2826,221,4,5380,1,186,0
2827,221,4,5452,1,81,0
2828,221,4,5558,1,96,0
2829,221,4,5089,1,291,0
2830,221,4,4947,1,386,0
2831,221,3,3295,0,295,0
2832,221,2,2337,0,304,0
2833,222,4,5071,1,216,0
2834,222,4,5271,1,154,0
2835,222,4,5057,1,273,0
2836,222,4,5401,1,120,0
2837,222,4,5389,1,171,0
2838,222,4,4883,1,443,0
2839,222,4,5243,1,180,0
2840,222,4,5593,1,76,0
2841,222,4,5422,1,140,0
2842,222,4,4490,1,430,0
2843,222,4,5201,1,212,0
2844,222,4,5378,1,157,0
2845,222,4,4924,1,271,0
2846,222,4,5357,1,165,0
2847,222,4,5437,1,90,0
2848,222,4,5156,1,177,0
2849,223,4,5223,1,169,0
2850,223,4,5022,1,305,0
2851,223,4,5088,1,227,0
2852,223,4,5021,1,328,0
2853,223,4,5552,1,65,0
2854,223,4,5272,1,198,0
2855,223,0,99,0,128,0
2856,223,4,5196,1,204,0
2857,223,4,5638,1,67,0
2858,223,2,2343,0,227,0
2859,223,4,4738,1,407,0
2860,223,4,5187,1,253,0
2861,223,4,5403,1,119,0
2862,223,4,4850,1,318,0
2863,224,4,4398,1,426,0
2864,224,4,5328,1,147,0
2865,224,4,5485,1,98,0
2866,224,1,1129,0,175,0
2867,224,4,4865,1,373,0
2868,224,4,5209,1,264,0
2869,224,4,5556,1,96,0
2870,224,4,5421,1,115,0
2871,224,4,5092,1,194,0
2872,224,4,4814,1,388,0
2873,224,1,1225,0,396,0
2874,224,4,5366,1,121,0
2875,224,4,4903,1,237,0
2876,224,4,5071,1,312,0
2877,225,4,5082,1,312,0
2878,225,4,4539,1,517,0
2879,225,4,5022,1,246,0
2880,225,4,5305,1,147,0
2881,225,4,4444,1,423,0
2882,225,4,4845,1,446,0
2883,225,4,5165,1,194,0
2884,225,4,5313,1,146,0
2885,225,4,4807,1,356,0
2886,225,4,5173,1,225,0
2887,225,4,5212,1,187,0
2888,226,4,5178,1,223,0
2889,226,4,5505,1,136,0
2890,226,4,5338,1,164,0
2891,226,4,5081,1,258,0
2892,226,4,5236,1,171,0
2893,226,4,5398,1,114,0
2894,226,4,5172,1,219,0
2895,226,4,5266,1,218,0
2896,226,4,5202,1,263,0
2897,226,4,4914,1,353,0
2898,226,3,3404,0,188,0
2899,226,4,5106,1,212,0
2900,226,0,99,0,110,1
2901,226,4,5424,1,106,0
2902,227,3,3476,0,501,0
2903,227,4,4747,1,406,0
2904,227,4,5400,1,147,0
2905,227,4,5450,1,152,0
2906,227,4,5013,1,309,0
2907,227,4,5404,1,124,0
2908,227,4,5029,1,276,0
2909,227,4,5004,1,313,0
2910,227,4,5294,1,145,0
2911,227,4,5147,1,259,0
2912,227,4,4810,1,314,0
2913,227,4,4959,1,314,0
2914,228,4,5326,1,158,0
2915,228,4,4587,1,460,0
2916,228,4,4505,1,510,0
2917,228,4,5060,1,250,0
2918,228,4,4995,1,236,0
2919,228,4,5335,1,163,0
2920,228,4,5135,1,263,0
2921,228,2,2402,0,346,0
2922,228,4,4944,1,380,0
2923,229,4,4636,1,471,0
2924,229,4,5442,1,113,0
2925,229,4,5034,1,245,0
2926,229,4,4457,1,422,0
2927,229,4,5495,1,110,0
2928,229,4,5326,1,136,0
2929,229,4,5086,1,217,0
2930,229,4,4495,1,607,0
2931,229,4,5312,1,143,0
2932,229,4,4687,1,425,0
2933,229,4,5472,1,103,0
2934,230,4,5165,1,271,0
2935,230,4,5572,1,103,0
2936,230,4,5423,1,112,0
2937,230,4,5144,1,190,0
2938,230,4,5366,1,180,0
2939,230,4,5342,1,187,0
2940,230,2,2261,0,488,0
2941,230,4,5367,1,130,0
2942,230,4,4813,1,410,0
2943,230,4,4898,1,307,0
2944,230,4,4962,1,304,0
2945,230,4,4755,1,379,0
2946,231,3,3428,0,187,0
2947,231,4,5141,1,223,0
2948,231,0,285,0,181,0
2949,231,4,5338,1,142,0
2950,231,4,5014,1,236,0
2951,231,4,4837,1,296,0
2952,231,4,4777,1,514,0
2953,231,4,5286,1,148,0
2954,231,4,4187,1,382,0
2955,231,4,4416,1,492,0
2956,231,4,5158,1,192,0
2957,232,4,4982,1,395,0
2958,232,4,5429,1,121,0
2959,232,4,4939,1,274,0
2960,232,4,4953,1,253,0
2961,232,4,5331,1,161,0
2962,232,4,4972,1,323,0
2963,232,4,5203,1,294,0
2964,232,4,5252,1,171,0
2965,232,4,4611,1,454,0
2966,232,4,5087,1,305,0
2967,232,4,4983,1,269,0
2968,232,4,5383,1,104,0
2969,232,4,5310,1,187,0
2970,233,4,4438,1,359,0
2971,233,4,5201,1,243,0
2972,233,4,4804,1,415,0
2973,233,4,4109,1,507,0
2974,233,4,5413,1,155,0
2975,233,4,5513,1,70,0
2976,233,4,5354,1,144,0
2977,233,4,5427,1,116,0
2978,233,4,5058,1,227,0
2979,233,2,2400,0,187,0
2980,233,4,3992,1,572,0
2981,234,4,5097,1,249,0
2982,234,4,5651,1,67,0
2983,234,4,5435,1,114,0
2984,234,4,5495,1,76,0
2985,234,2,2416,0,306,0
2986,234,4,5441,1,106,0
2987,234,4,5272,1,150,0
2988,234,4,4938,1,350,0
2989,234,4,5473,1,142,0
2990,234,4,5390,1,147,0
2991,234,4,5525,1,76,0
2992,234,4,5348,1,146,0
2993,234,4,5483,1,81,0
2994,234,4,5572,1,113,0
2995,234,4,5436,1,116,0
2996,234,4,5468,1,93,0
2997,234,4,5166,1,230,0
2998,234,4,5486,1,86,0
2999,234,3,3477,0,466,0
3000,234,0,99,0,110,1
3001,235,4,5292,1,167,0
3002,235,4,5330,1,151,0
3003,235,4,5416,1,115,0
3004,235,4,5410,1,146,0
3005,235,4,5443,1,102,0
3006,235,4,5575,1,62,0
3007,235,4,5484,1,97,0
3008,235,4,5582,1,79,0
3009,235,4,5356,1,108,0
3010,235,4,5474,1,140,0
3011,235,4,4653,1,593,0
3012,235,4,5559,1,114,0
3013,235,4,5111,1,188,0
3014,235,4,5446,1,110,0
3015,235,4,5301,1,187,0
3016,235,4,5323,1,136,0
3017,235,4,5497,1,81,0
3018,235,4,5444,1,116,0
3019,235,4,5425,1,131,0
3020,235,4,5359,1,128,0
3021,235,4,5399,1,127,0
3022,236,4,5380,1,140,0
3023,236,4,4898,1,378,0
3024,236,0,90,0,183,0
3025,236,4,5409,1,123,0
3026,236,4,5510,1,87,0
3027,236,4,5032,1,217,0
3028,236,4,5191,1,248,0
3029,236,4,5472,1,137,0
3030,236,4,5283,1,190,0
3031,236,4,5515,1,129,0
3032,236,4,5387,1,122,0
3033,236,4,5444,1,107,0
3034,236,4,5401,1,118,0
3035,236,4,5412,1,116,0
3036,236,4,5377,1,137,0
3037,236,4,5544,1,63,0
3038,236,4,5534,1,102,0
3039,236,4,5470,1,94,0
3040,236,4,5338,1,212,0
3041,237,3,3389,0,219,0
3042,237,4,5196,1,235,0
3043,237,4,5357,1,154,0
3044,237,4,5386,1,127,0
3045,237,4,5430,1,89,0
3046,237,4,5432,1,151,0
3047,237,4,5605,1,76,0
3048,237,4,5484,1,113,0
3049,237,4,5239,1,226,0
3050,237,4,5379,1,140,0
3051,237,4,5564,1,85,0
3052,237,3,3667,0,203,0
3053,237,4,5484,1,154,0
3054,237,4,5202,1,169,0
3055,237,4,5243,1,196,0
3056,237,4,4907,1,315,0
3057,237,4,5547,1,72,0
3058,237,4,5175,1,195,0
3059,238,4,5459,1,106,0
3060,238,4,5479,1,77,0
3061,238,4,5120,1,241,0
3062,238,4,5191,1,174,0
3063,238,4,5617,1,73,0
3064,238,2,2317,0,162,0
3065,238,4,5223,1,245,0
3066,238,4,5398,1,130,0
3067,238,4,5212,1,223,0
3068,238,4,5060,1,270,0
3069,238,4,5556,1,92,0
3070,238,4,5421,1,117,0
3071,238,4,5371,1,151,0
3072,238,4,5215,1,286,0
3073,238,4,5635,1,69,0
3074,238,4,5426,1,160,0
3075,238,4,5286,1,177,0
3076,238,4,5373,1,127,0
3077,238,4,5478,1,119,0
3078,238,4,5596,1,89,0
3079,239,4,5467,1,95,0
3080,239,4,5246,1,205,0
3081,239,4,5544,1,72,0
3082,239,4,5434,1,155,0
3083,239,4,4889,1,453,0
3084,239,4,5459,1,101,0
3085,239,4,5647,1,65,0
3086,239,4,5529,1,75,0
3087,239,4,5474,1,87,0
3088,239,4,5290,1,176,0
3089,239,4,5455,1,152,0
3090,239,4,5465,1,102,0
3091,239,4,4720,1,548,0
3092,239,4,5219,1,235,0
3093,239,4,4726,1,547,0
3094,239,4,5497,1,91,0
3095,240,4,4991,1,307,0
3096,240,4,5635,1,71,0
3097,240,4,5536,1,83,0
3098,240,4,5451,1,108,0
3099,240,4,5272,1,204,0
3100,240,0,99,0,110,1
3101,240,4,5115,1,301,0
3102,240,4,5615,1,82,0
3103,240,4,5505,1,139,0
3104,240,4,5657,1,68,0
3105,240,4,5563,1,71,0
3106,240,4,5466,1,86,0
3107,240,4,5144,1,219,0
3108,240,4,5382,1,144,0
3109,240,4,5301,1,214,0
3110,240,4,5399,1,137,0
3111,240,4,5216,1,186,0
3112,240,4,5436,1,101,0
3113,240,4,5160,1,163,0
3114,240,4,5343,1,225,0
3115,240,4,5358,1,130,0
3116,241,4,5317,1,188,0
3117,241,4,5364,1,191,0
3118,241,4,5192,1,203,0
3119,241,4,5354,1,125,0
3120,241,4,5345,1,120,0
3121,241,1,1235,0,208,0
3122,241,4,5411,1,158,0
3123,241,4,5452,1,170,0
3124,241,4,5264,1,134,0
3125,241,1,1298,0,138,0
3126,241,3,3555,0,244,0
3127,241,4,5181,1,191,0
3128,241,4,5463,1,100,0
3129,241,4,5415,1,91,0
3130,241,4,5469,1,148,0
3131,241,4,5669,1,61,0
3132,241,4,5452,1,103,0
3133,241,4,5308,1,139,0
3134,241,4,5050,1,189,0
3135,241,4,5328,1,163,0
3136,241,4,5389,1,121,0
3137,241,4,5383,1,114,0
3138,241,4,5566,1,101,0
3139,242,4,5514,1,143,0
3140,242,4,5457,1,111,0
3141,242,4,5517,1,81,0
3142,242,4,5474,1,91,0
3143,242,4,5542,1,69,0
3144,242,3,3191,0,324,0
3145,242,4,5281,1,196,0
3146,242,4,5137,1,337,0
3147,242,4,5391,1,135,0
3148,242,4,5343,1,159,0
3149,242,4,5547,1,104,0
3150,242,4,5258,1,222,0
3151,242,4,5528,1,108,0
3152,242,4,5491,1,139,0
3153,242,4,5497,1,98,0
3154,242,4,5461,1,95,0
3155,242,4,5561,1,60,0
3156,242,4,5344,1,224,0
3157,242,4,5153,1,270,0
3158,243,4,4892,1,437,0
3159,243,4,5493,1,120,0
3160,243,4,5249,1,232,0
3161,243,4,5276,1,183,0
3162,243,4,4727,1,582,0
3163,243,2,1928,0,475,0
3164,243,4,5415,1,149,0
3165,243,2,2082,0,238,0
3166,243,4,5199,1,313,0
3167,243,4,5440,1,86,0
3168,243,4,5475,1,90,0
3169,243,4,5309,1,186,0
3170,243,4,5578,1,107,0
3171,243,4,5494,1,96,0
3172,244,4,5111,1,280,0
3173,244,4,5465,1,102,0
3174,244,4,5585,1,59,0
3175,244,4,5501,1,75,0
3176,244,4,5428,1,124,0
3177,244,4,5392,1,105,0
3178,244,4,5356,1,231,0
3179,244,4,5333,1,197,0
3180,244,4,5451,1,84,0
3181,244,4,5458,1,145,0
3182,244,4,5242,1,202,0
3183,244,4,5511,1,118,0
3184,244,2,2220,0,350,0
3185,244,4,5310,1,227,0
3186,244,4,5526,1,78,0
3187,244,4,5262,1,251,0
3188,244,4,5367,1,146,0
3189,244,4,5503,1,107,0
3190,244,4,5458,1,105,0
3191,244,4,5420,1,121,0
3192,245,4,5240,1,226,0
3193,245,4,5208,1,259,0
3194,245,4,5449,1,106,0
3195,245,4,5451,1,97,0
3196,245,4,5610,1,86,0
3197,245,4,5414,1,133,0
3198,245,4,5656,1,65,0
3199,245,4,5166,1,217,0
3200,245,0,99,0,110,1
3201,245,4,5383,1,160,0
3202,245,4,5190,1,211,0
3203,245,4,5298,1,234,0
3204,245,4,4852,1,482,0
3205,245,4,5352,1,147,0
3206,245,4,5255,1,153,0
3207,245,4,5481,1,98,0
3208,245,4,5561,1,109,0
3209,245,4,5338,1,151,0
3210,245,4,5477,1,97,0
3211,245,4,5410,1,134,0
3212,246,4,5327,1,179,0
3213,246,4,5328,1,182,0
3214,246,4,5496,1,115,0
3215,246,4,5064,1,316,0
3216,246,4,5372,1,210,0
3217,246,4,5453,1,145,0
3218,246,4,5296,1,155,0
3219,246,4,5060,1,366,0
3220,246,4,5471,1,89,0
3221,246,4,5131,1,205,0
3222,246,4,4832,1,468,0
3223,246,4,5367,1,165,0
3224,246,4,5116,1,261,0
3225,246,4,5620,1,78,0
3226,246,4,5054,1,229,0
3227,246,4,5624,1,77,0
3228,247,4,4887,1,461,0
3229,247,4,5405,1,137,0
3230,247,4,5108,1,284,0
3231,247,4,5425,1,170,0
3232,247,4,5519,1,76,0
3233,247,4,4516,1,469,0
3234,247,4,5417,1,106,0
3235,247,4,5537,1,72,0
3236,247,4,5331,1,125,0
3237,247,4,4973,1,329,0
3238,247,4,5288,1,139,0
3239,247,4,5459,1,111,0
3240,247,4,5374,1,170,0
3241,247,4,4954,1,293,0
3242,247,4,5503,1,73,0
3243,248,4,5089,1,294,0
3244,248,4,5304,1,181,0
3245,248,4,5231,1,212,0
3246,248,4,5451,1,111,0
3247,248,4,5525,1,111,0
3248,248,4,5271,1,165,0
3249,248,4,5080,1,321,0
3250,248,4,5481,1,91,0
3251,248,4,5349,1,174,0
3252,248,4,5159,1,269,0
3253,248,4,5485,1,89,0
3254,248,4,5554,1,63,0
3255,248,4,5423,1,104,0
3256,248,4,5305,1,177,0
3257,248,4,5407,1,145,0
3258,248,4,5495,1,105,0
3259,248,4,5312,1,186,0
3260,248,4,5430,1,114,0
3261,248,4,5574,1,88,0
3262,248,4,5126,1,242,0
3263,248,4,5385,1,133,0
3264,249,4,5384,1,123,0
3265,249,4,5229,1,266,0
3266,249,4,5346,1,170,0
3267,249,4,5219,1,241,0
3268,249,4,5522,1,107,0
3269,249,4,5099,1,266,0
3270,249,2,2212,0,310,0
3271,249,4,5288,1,158,0
3272,249,4,5439,1,116,0
3273,249,4,5478,1,117,0
3274,249,4,4845,1,396,0
3275,249,4,5266,1,179,0
3276,249,4,5456,1,114,0
3277,249,4,5452,1,98,0
3278,249,4,5501,1,94,0
3279,249,4,5272,1,194,0
3280,249,4,5176,1,203,0
3281,250,4,5397,1,201,0
3282,250,4,4832,1,418,0
3283,250,4,5399,1,122,0
3284,250,4,5493,1,91,0
3285,250,2,2419,0,233,0
3286,250,4,5398,1,181,0
3287,250,4,5445,1,93,0
3288,250,4,5279,1,190,0
3289,250,4,5598,1,87,0
3290,250,4,5279,1,197,0
3291,250,4,5038,1,277,0
3292,250,4,5365,1,211,0
3293,250,4,5505,1,88,0
3294,250,4,5186,1,208,0
3295,250,4,5390,1,115,0
3296,250,4,5413,1,184,0
3297,250,4,5061,1,277,0
3298,251,4,5342,1,153,0
3299,251,4,5346,1,231,0
3300,251,0,99,0,110,1
3301,251,2,2490,0,397,0
3302,251,4,5364,1,166,0
3303,251,4,5348,1,168,0
3304,251,4,5569,1,99,0
3305,251,4,5432,1,128,0
3306,251,4,5338,1,103,0
3307,251,0,99,0,163,0
3308,251,4,5008,1,340,0
3309,251,4,5424,1,127,0
3310,251,4,5146,1,245,0
3311,251,4,5596,1,98,0
3312,251,4,5205,1,199,0
3313,251,4,5254,1,259,0
3314,251,4,5167,1,239,0
3315,252,4,5484,1,134,0
3316,252,4,5183,1,144,0
3317,252,4,5355,1,214,0
3318,252,4,5536,1,75,0
3319,252,4,5475,1,137,0
3320,252,4,5561,1,120,0
3321,252,4,5443,1,121,0
3322,252,4,5215,1,253,0
3323,252,4,5460,1,147,0
3324,252,4,5338,1,150,0
3325,252,4,5102,1,329,0
3326,252,4,5518,1,132,0
3327,252,4,5356,1,139,0
3328,252,4,5213,1,223,0
3329,252,4,5561,1,88,0
3330,252,4,5225,1,142,0
3331,252,4,5278,1,163,0
3332,252,4,5376,1,102,0
3333,252,4,5410,1,117,0
3334,252,4,5595,1,61,0
3335,252,2,2129,0,226,0
3336,253,4,5621,1,78,0
3337,253,4,5612,1,50,0
3338,253,4,5397,1,154,0
3339,253,4,5367,1,139,0
3340,253,4,5502,1,76,0
3341,253,4,5433,1,90,0
3342,253,3,3531,0,231,0
3343,253,4,4972,1,256,0
3344,253,4,5361,1,165,0
3345,253,4,5574,1,106,0
3346,253,4,5473,1,122,0
3347,253,4,5287,1,146,0
3348,253,4,5428,1,101,0
3349,253,4,5585,1,63,0
3350,253,4,5260,1,227,0
3351,253,4,5396,1,117,0
3352,253,4,5496,1,93,0
3353,253,4,5365,1,140,0
3354,253,4,4951,1,306,0
3355,253,4,5522,1,72,0
3356,253,4,5343,1,161,0
3357,253,4,5107,1,179,0
3358,254,4,5230,1,204,0
3359,254,4,4866,1,407,0
3360,254,4,5447,1,114,0
3361,254,4,5587,1,100,0
3362,254,4,5402,1,122,0
3363,254,4,5245,1,227,0
3364,254,4,5426,1,137,0
3365,254,4,5536,1,123,0
3366,254,4,5438,1,121,0
3367,254,4,5155,1,284,0
3368,254,4,5399,1,180,0
3369,254,4,5370,1,165,0
3370,254,4,5548,1,112,0
3371,254,4,5438,1,178,0
3372,254,4,5453,1,108,0
3373,254,2,2402,0,331,0
3374,254,4,5227,1,210,0
3375,255,2,2192,0,356,0
3376,255,3,3212,0,379,0
3377,255,4,5454,1,147,0
3378,255,4,4553,1,557,0
3379,255,3,3588,0,211,0
3380,255,2,2436,0,170,0
3381,255,4,5543,1,126,0
3382,255,4,5032,1,274,0
3383,255,4,5380,1,136,0
3384,255,3,3524,0,466,0
3385,255,4,5374,1,143,0
3386,255,4,5636,1,74,0
3387,255,4,5341,1,124,0
3388,256,2,2175,0,431,0
3389,256,4,5375,1,140,0
3390,256,4,5522,1,75,0
3391,256,4,5438,1,107,0
3392,256,4,5104,1,224,0
3393,256,4,5350,1,147,0
3394,256,4,5015,1,356,0
3395,256,4,5326,1,183,0
3396,256,4,5550,1,103,0
3397,256,1,1329,0,225,0
3398,256,3,3422,0,188,0
3399,256,4,5349,1,191,0
3400,256,0,99,0,110,1
3401,256,4,5525,1,121,0
3402,256,4,5475,1,85,0
3403,256,4,5590,1,96,0
3404,256,4,5126,1,274,0
3405,256,4,5521,1,78,0
3406,256,4,5395,1,140,0
3407,257,4,5167,1,280,0
3408,257,4,5238,1,150,0
3409,257,4,5608,1,89,0
3410,257,4,5374,1,148,0
3411,257,4,5469,1,103,0
3412,257,4,5237,1,143,0
3413,257,4,5432,1,107,0
3414,257,4,5267,1,185,0
3415,257,4,5128,1,300,0
3416,257,4,5586,1,97,0
3417,257,4,5287,1,153,0
3418,257,4,5345,1,144,0
3419,257,4,5514,1,131,0
3420,257,4,5559,1,70,0
3421,257,4,5222,1,191,0
3422,257,4,5464,1,114,0
3423,257,4,5595,1,98,0
3424,257,4,5050,1,399,0
3425,257,4,5099,1,223,0
3426,257,4,5262,1,184,0
3427,258,2,2159,0,333,0
3428,258,4,5360,1,210,0
3429,258,4,5329,1,127,0
3430,258,4,5316,1,180,0
3431,258,4,5566,1,99,0
3432,258,4,5593,1,78,0
3433,258,4,5279,1,177,0
3434,258,4,5528,1,78,0
3435,258,4,5472,1,125,0
3436,258,4,5437,1,108,0
3437,258,4,5156,1,162,0
3438,258,0,99,0,145,0
3439,258,4,5500,1,86,0
3440,258,4,5497,1,101,0
3441,258,4,5387,1,207,0
3442,258,4,5232,1,235,0
3443,258,4,5687,1,59,0
3444,258,4,5169,1,315,0
3445,258,4,5250,1,182,0
3446,258,4,5277,1,202,0
3447,259,4,5042,1,303,0
3448,259,1,1094,0,186,0
3449,259,4,5564,1,59,0
3450,259,4,5060,1,308,0
3451,259,4,5238,1,259,0
3452,259,4,5341,1,152,0
3453,259,4,5102,1,276,0
3454,259,4,5571,1,88,0
3455,259,4,5431,1,117,0
3456,259,4,5522,1,76,0
3457,259,4,5385,1,128,0
3458,259,4,5552,1,119,0
3459,259,4,5501,1,120,0
3460,259,4,5635,1,73,0
3461,259,4,5295,1,216,0
3462,259,4,5395,1,111,0
3463,259,4,5585,1,86,0
3464,259,4,5368,1,139,0
3465,259,4,5193,1,287,0
3466,260,4,5175,1,247,0
3467,260,4,5598,1,82,0
3468,260,4,4982,1,378,0
3469,260,4,5557,1,64,0
3470,260,4,5147,1,159,0
3471,260,4,5511,1,70,0
3472,260,4,5458,1,111,0
3473,260,4,5310,1,187,0
3474,260,4,5414,1,153,0
3475,260,4,5584,1,81,0
3476,260,4,5184,1,179,0
3477,260,4,5343,1,227,0
3478,260,4,5651,1,66,0
3479,260,4,5027,1,252,0
3480,260,3,3526,0,216,0
3481,260,4,5445,1,107,0
3482,260,4,5364,1,137,0
3483,260,2,2423,0,235,0
3484,260,4,5583,1,96,0
3485,260,4,5487,1,133,0
3486,260,4,5477,1,104,0
3487,261,4,5503,1,105,0
3488,261,4,5665,1,64,0
3489,261,4,5213,1,200,0
3490,261,4,5517,1,81,0
3491,261,4,5361,1,166,0
3492,261,4,5039,1,249,0
3493,261,4,5131,1,212,0
3494,261,4,5556,1,102,0
3495,261,4,5260,1,170,0
3496,261,4,5477,1,102,0
3497,261,4,5605,1,78,0
3498,261,4,5284,1,198,0
3499,261,3,3319,0,232,0
3500,261,0,99,0,110,1
3501,261,4,5679,1,62,0
3502,261,4,5318,1,118,0
3503,261,4,5285,1,203,0
3504,261,4,5318,1,143,0
3505,261,4,5457,1,99,0
3506,261,4,5471,1,159,0
3507,261,4,5241,1,180,0
3508,261,4,5345,1,112,0
3509,262,4,5617,1,88,0
3510,262,4,5585,1,92,0
3511,262,4,5213,1,287,0
3512,262,4,5171,1,183,0
3513,262,4,5366,1,137,0
3514,262,2,2299,0,435,0
3515,262,4,5473,1,82,0
3516,262,4,5455,1,88,0
3517,262,4,5401,1,199,0
3518,262,4,5470,1,102,0
3519,262,4,5320,1,174,0
3520,262,4,5483,1,124,0
3521,262,4,5543,1,72,0
3522,262,4,5624,1,78,0
3523,262,4,5384,1,187,0
3524,262,4,5399,1,133,0
3525,262,4,5115,1,367,0
3526,262,4,5130,1,277,0
3527,262,4,5410,1,129,0
3528,263,4,5472,1,162,0
3529,263,4,5524,1,128,0
3530,263,4,5573,1,76,0
3531,263,4,5337,1,130,0
3532,263,4,5404,1,142,0
3533,263,3,3359,0,189,0
3534,263,4,5511,1,131,0
3535,263,4,5311,1,225,0
3536,263,4,5390,1,175,0
3537,263,4,5244,1,194,0
3538,263,4,5172,1,233,0
3539,263,4,5507,1,95,0
3540,263,4,5492,1,126,0
3541,263,4,5492,1,86,0
3542,263,4,5207,1,192,0
3543,263,4,5128,1,339,0
3544,263,4,5353,1,204,0
3545,263,4,5331,1,207,0
3546,264,4,5158,1,220,0
3547,264,4,5278,1,181,0
3548,264,4,5221,1,200,0
3549,264,4,5365,1,160,0
3550,264,4,5611,1,73,0
3551,264,4,5355,1,143,0
3552,264,4,5318,1,124,0
3553,264,4,5064,1,319,0
3554,264,4,5165,1,274,0
3555,264,4,5597,1,71,0
3556,264,4,5335,1,178,0
3557,264,4,5333,1,156,0
3558,264,4,5435,1,155,0
3559,264,4,5504,1,146,0
3560,264,4,5388,1,108,0
3561,264,4,5444,1,161,0
3562,264,4,5461,1,108,0
3563,264,4,5478,1,110,0
3564,264,4,5332,1,136,0
3565,264,4,5287,1,194,0
3566,265,4,5277,1,169,0
3567,265,4,5353,1,112,0
3568,265,4,5092,1,271,0
3569,265,4,5191,1,176,0
3570,265,4,5327,1,147,0
3571,265,4,5487,1,96,0
3572,265,4,5487,1,90,0
3573,265,4,5476,1,83,0
3574,265,4,5329,1,172,0
3575,265,4,5320,1,169,0
3576,265,4,5498,1,123,0
3577,265,4,5316,1,240,0
3578,265,4,5577,1,83,0
3579,265,4,5284,1,188,0
3580,265,4,5250,1,214,0
3581,265,4,5320,1,163,0
3582,265,4,4838,1,461,0
3583,265,4,5479,1,131,0
3584,266,4,4741,1,437,0
3585,266,4,5375,1,106,0
3586,266,4,5433,1,123,0
3587,266,4,5408,1,133,0
3588,266,4,5238,1,212,0
3589,266,4,4888,1,363,0
3590,266,4,5332,1,172,0
3591,266,4,5552,1,90,0
3592,266,4,5277,1,132,0
3593,266,4,5521,1,104,0
3594,266,4,5564,1,59,0
3595,266,4,5552,1,98,0
3596,266,4,5199,1,138,0
3597,266,4,5447,1,107,0
3598,266,4,5490,1,146,0
3599,266,4,5254,1,181,0
3600,266,0,99,0,110,1
3601,266,4,5379,1,194,0
3602,266,4,5341,1,161,0
3603,267,4,5610,1,84,0
3604,267,4,5258,1,187,0
3605,267,4,5187,1,211,0
3606,267,4,5370,1,156,0
3607,267,4,5472,1,110,0
3608,267,4,5436,1,101,0
3609,267,4,5184,1,211,0
3610,267,4,5538,1,122,0
3611,267,4,5499,1,135,0
3612,267,4,5446,1,154,0
3613,267,4,5036,1,302,0
3614,267,4,5212,1,200,0
3615,267,4,5489,1,143,0
3616,267,4,5507,1,134,0
3617,267,4,5439,1,120,0
3618,267,4,5484,1,78,0
3619,267,4,5049,1,388,0
3620,267,4,5437,1,157,0
3621,268,4,5072,1,159,0
3622,268,4,5519,1,116,0
3623,268,4,5306,1,240,0
3624,268,4,5487,1,74,0
3625,268,4,5656,1,70,0
3626,268,4,5458,1,77,0
3627,268,4,5564,1,108,0
3628,268,4,5382,1,129,0
3629,268,4,5607,1,81,0
3630,268,4,5148,1,244,0
3631,268,4,5195,1,205,0
3632,268,4,5365,1,118,0
3633,268,4,5445,1,116,0
3634,268,4,5285,1,253,0
3635,268,4,5452,1,121,0
3636,268,4,5364,1,160,0
3637,268,4,5415,1,97,0
3638,268,4,5484,1,80,0
3639,268,4,5502,1,84,0
3640,268,4,5401,1,209,0
3641,268,4,5518,1,70,0
3642,268,4,5408,1,178,0
3643,268,4,5215,1,214,0
3644,269,4,5235,1,145,0
3645,269,4,5684,1,55,0
3646,269,4,5428,1,154,0
3647,269,4,5668,1,64,0
3648,269,2,2047,0,175,0
3649,269,4,5393,1,155,0
3650,269,4,5435,1,112,0
3651,269,4,5412,1,103,0
3652,269,4,5483,1,86,0
3653,269,4,5174,1,168,0
3654,269,4,5052,1,304,0
3655,269,4,5404,1,127,0
3656,269,4,5403,1,139,0
3657,269,4,5232,1,212,0
3658,269,0,292,0,195,0
3659,269,3,3310,0,183,0
3660,269,4,5064,1,315,0
3661,269,4,5025,1,367,0
3662,270,4,5598,1,77,0
3663,270,4,5538,1,121,0
3664,270,4,5342,1,129,0
3665,270,4,5174,1,285,0
3666,270,4,5554,1,107,0
3667,270,4,5352,1,171,0
3668,270,4,5435,1,142,0
3669,270,4,5507,1,85,0
3670,270,4,5347,1,176,0
3671,270,4,5037,1,348,0
3672,270,4,5396,1,102,0
3673,270,4,5401,1,119,0
3674,270,4,5467,1,82,0
3675,270,4,5384,1,137,0
3676,270,4,5289,1,126,0
3677,270,4,5538,1,112,0
3678,270,4,5283,1,187,0
3679,270,4,5206,1,242,0
3680,270,4,5276,1,211,0
3681,270,4,5526,1,110,0
3682,271,4,5385,1,133,0
3683,271,4,5527,1,111,0
3684,271,4,4952,1,214,0
3685,271,4,5429,1,106,0
3686,271,4,5408,1,106,0
3687,271,4,5608,1,53,0
3688,271,4,5044,1,306,0
3689,271,4,5463,1,107,0
3690,271,4,5408,1,192,0
3691,271,4,5379,1,181,0
3692,271,4,5111,1,225,0
3693,271,4,5158,1,266,0
3694,271,4,5565,1,89,0
3695,271,3,3676,0,221,0
3696,271,4,5095,1,293,0
3697,271,4,5451,1,102,0
3698,271,4,5501,1,96,0
3699,272,2,2382,0,407,0
3700,272,0,99,0,110,1
3701,272,4,5278,1,202,0
3702,272,4,5267,1,126,0
3703,272,4,5241,1,144,0
3704,272,4,5484,1,94,0
3705,272,4,5165,1,200,0
3706,272,4,5383,1,170,0
3707,272,4,5401,1,120,0
3708,272,4,5586,1,73,0
3709,272,4,5386,1,164,0
3710,272,4,5565,1,80,0
3711,272,4,5390,1,103,0
3712,272,3,3159,0,447,0
3713,272,4,5224,1,276,0
3714,272,4,5426,1,132,0
3715,272,4,5470,1,82,0
3716,272,4,5387,1,109,0
3717,272,4,5435,1,130,0
3718,272,4,5693,1,55,0
3719,273,4,5089,1,296,0
3720,273,4,5266,1,171,0
3721,273,4,5302,1,231,0
3722,273,4,5394,1,172,0
3723,273,1,1263,0,146,0
3724,273,4,5519,1,82,0
3725,273,4,5497,1,141,0
3726,273,4,5343,1,174,0
3727,273,4,5251,1,192,0
3728,273,4,5648,1,69,0
3729,273,4,5549,1,82,0
3730,273,4,5217,1,153,0
3731,273,4,5370,1,113,0
3732,273,4,5244,1,129,0
3733,273,4,5199,1,238,0
3734,273,4,4681,1,521,0
3735,273,4,5159,1,277,0
3736,274,4,5504,1,136,0
3737,274,4,5340,1,158,0
3738,274,4,5172,1,181,0
3739,274,4,5572,1,65,0
3740,274,4,4326,1,480,0
3741,274,4,5379,1,130,0
3742,274,4,5607,1,90,0
3743,274,4,5518,1,83,0
3744,274,3,3213,0,305,0
3745,274,4,5413,1,115,0
3746,274,4,5485,1,84,0
3747,274,4,5472,1,140,0
3748,274,4,5317,1,239,0
3749,274,4,5398,1,128,0
3750,274,4,4993,1,360,0
3751,274,3,3327,0,192,0
3752,274,4,5365,1,145,0
3753,274,4,5580,1,74,0
3754,274,4,5522,1,75,0
3755,275,4,5118,1,168,0
3756,275,4,5475,1,167,0
3757,275,4,5352,1,141,0
3758,275,4,5359,1,179,0
3759,275,4,5124,1,162,0
3760,275,4,5227,1,232,0
3761,275,4,4951,1,297,0
3762,275,4,5108,1,282,0
3763,275,4,5476,1,135,0
3764,275,4,5559,1,106,0
3765,275,4,4893,1,416,0
3766,275,4,5459,1,99,0
3767,275,4,5553,1,82,0
3768,275,4,5374,1,205,0
3769,275,4,5362,1,168,0
3770,275,4,5522,1,87,0
3771,275,4,5524,1,75,0
3772,275,4,5455,1,113,0
3773,276,4,5224,1,229,0
3774,276,4,5186,1,267,0
3775,276,4,5559,1,110,0
3776,276,4,5366,1,173,0
3777,276,4,5377,1,117,0
3778,276,4,5164,1,229,0
3779,276,4,5489,1,91,0
3780,276,2,2223,0,167,0
3781,276,4,5264,1,190,0
3782,276,4,5540,1,72,0
3783,276,4,5267,1,264,0
3784,276,4,5518,1,90,0
3785,276,4,5219,1,193,0
3786,276,4,5443,1,141,0
3787,276,4,5641,1,70,0
3788,276,4,5071,1,264,0
3789,276,4,5417,1,114,0
3790,276,4,5229,1,226,0
3791,277,4,5184,1,199,0
3792,277,4,5298,1,157,0
3793,277,4,5342,1,175,0
3794,277,4,5166,1,198,0
3795,277,4,5144,1,227,0
3796,277,4,5140,1,209,0
3797,277,4,5157,1,170,0
3798,277,4,5517,1,87,0
3799,277,4,5223,1,190,0
3800,277,0,99,0,110,1
3801,277,4,5331,1,220,0
3802,277,4,5433,1,169,0
3803,277,4,5667,1,70,0
3804,277,4,4947,1,352,0
3805,277,4,5481,1,78,0
3806,277,4,5579,1,80,0
3807,277,4,5589,1,95,0
3808,277,4,4864,1,470,0
3809,278,4,5372,1,200,0
3810,278,4,5148,1,250,0
3811,278,4,5166,1,231,0
3812,278,4,5646,1,63,0
3813,278,4,5524,1,88,0
3814,278,4,5364,1,140,0
3815,278,4,5435,1,106,0
3816,278,4,5402,1,138,0
3817,278,4,5268,1,206,0
3818,278,4,5615,1,78,0
3819,278,1,1264,0,181,0
3820,278,4,5602,1,88,0
3821,278,4,5512,1,79,0
3822,278,4,5394,1,195,0
3823,278,4,5486,1,156,0
3824,278,4,5338,1,159,0
3825,278,4,5359,1,163,0
3826,278,4,5167,1,226,0
3827,278,4,5202,1,225,0
3828,278,4,5329,1,151,0
3829,279,4,4956,1,287,0
3830,279,4,5163,1,240,0
3831,279,4,5461,1,166,0
3832,279,4,5406,1,127,0
3833,279,4,5526,1,89,0
3834,279,0,99,0,147,0
3835,279,4,5299,1,195,0
3836,279,4,5435,1,105,0
3837,279,4,5156,1,299,0
3838,279,4,5247,1,208,0
3839,279,4,4923,1,344,0
3840,279,4,5545,1,73,0
3841,279,4,5624,1,72,0
3842,279,4,5171,1,261,0
3843,279,4,5567,1,63,0
3844,279,4,5292,1,146,0
3845,279,4,5229,1,211,0
3846,279,4,5494,1,90,0
3847,280,4,5331,1,182,0
3848,280,4,5296,1,149,0
3849,280,4,5279,1,167,0
3850,280,4,5278,1,138,0
3851,280,4,5445,1,177,0
3852,280,4,5432,1,128,0
3853,280,4,5375,1,114,0
3854,280,4,5592,1,77,0
3855,280,4,5452,1,152,0
3856,280,4,5190,1,195,0
3857,280,4,5490,1,140,0
3858,280,4,5053,1,327,0
3859,280,4,5277,1,258,0
3860,280,4,5465,1,105,0
3861,280,4,5441,1,123,0
3862,280,4,5248,1,228,0
3863,280,4,4692,1,547,0
3864,280,4,5580,1,106,0
3865,281,4,5497,1,74,0
3866,281,4,5246,1,266,0
3867,281,4,5503,1,88,0
3868,281,4,5278,1,177,0
3869,281,4,5626,1,74,0
3870,281,4,4620,1,421,0
3871,281,4,5336,1,166,0
3872,281,4,5413,1,133,0
3873,281,4,5353,1,131,0
3874,281,4,5592,1,80,0
3875,281,4,5465,1,92,0
3876,281,4,5264,1,209,0
3877,281,4,4950,1,391,0
3878,281,4,5319,1,160,0
3879,281,4,5379,1,127,0
3880,281,4,5563,1,93,0
3881,281,4,5456,1,129,0
3882,281,4,5583,1,79,0
3883,281,4,5288,1,160,0
3884,282,4,5294,1,206,0
3885,282,1,1307,0,304,0
3886,282,4,5070,1,259,0
3887,282,4,5085,1,314,0
3888,282,4,5395,1,130,0
3889,282,4,5242,1,165,0
3890,282,4,5563,1,93,0
3891,282,0,93,0,187,0
3892,282,4,5372,1,189,0
3893,282,4,5493,1,132,0
3894,282,4,5175,1,247,0
3895,282,4,5154,1,230,0
3896,282,4,5166,1,194,0
3897,282,4,5394,1,123,0
3898,282,4,5496,1,78,0
3899,282,4,5483,1,95,0
3900,282,0,99,0,110,1
3901,283,4,4644,1,571,0
3902,283,4,5233,1,194,0
3903,283,4,5392,1,143,0
3904,283,4,5357,1,136,0
3905,283,4,5229,1,252,0
3906,283,4,5342,1,143,0
3907,283,4,5464,1,127,0
3908,283,2,2110,0,341,0
3909,283,3,3411,0,178,0
3910,283,4,5489,1,151,0
3911,283,4,5577,1,102,0
3912,283,4,5340,1,176,0
3913,283,4,5241,1,201,0
3914,283,4,5534,1,112,0
3915,283,4,5249,1,178,0
3916,283,4,5344,1,202,0
3917,283,4,5663,1,65,0
3918,284,4,5270,1,214,0
3919,284,4,5097,1,195,0
3920,284,4,5531,1,69,0
3921,284,4,4757,1,427,0
3922,284,4,5581,1,90,0
3923,284,4,5502,1,143,0
3924,284,4,5233,1,241,0
3925,284,4,5369,1,133,0
3926,284,4,4951,1,291,0
3927,284,4,5160,1,243,0
3928,284,2,2143,0,185,0
3929,284,3,3521,0,376,0
3930,284,4,5491,1,109,0
3931,284,4,5285,1,199,0
3932,284,4,5386,1,194,0
3933,285,4,5522,1,130,0
3934,285,4,5131,1,308,0
3935,285,4,5370,1,116,0
3936,285,4,5329,1,177,0
3937,285,4,5405,1,131,0
3938,285,4,5040,1,229,0
3939,285,4,5401,1,137,0
3940,285,4,5453,1,120,0
3941,285,4,5061,1,360,0
3942,285,4,5377,1,132,0
3943,285,4,5538,1,92,0
3944,285,4,5477,1,105,0
3945,285,4,5360,1,131,0
3946,285,4,5349,1,144,0
3947,285,4,5337,1,150,0
3948,285,4,5444,1,112,0
3949,285,4,5555,1,98,0
3950,285,4,5563,1,81,0
3951,285,4,5285,1,236,0
3952,286,4,5042,1,233,0
3953,286,4,5451,1,125,0
3954,286,4,5417,1,106,0
3955,286,4,5451,1,96,0
3956,286,4,5570,1,87,0
3957,286,4,5541,1,106,0
3958,286,4,5313,1,187,0
3959,286,4,5387,1,208,0
3960,286,4,5490,1,96,0
3961,286,4,5329,1,142,0
3962,286,4,5212,1,244,0
3963,286,4,5358,1,99,0
3964,286,4,5377,1,166,0
3965,286,4,5369,1,193,0
3966,286,4,5390,1,134,0
3967,286,4,5390,1,146,0
3968,286,4,5542,1,67,0
3969,286,4,5556,1,106,0
3970,286,4,5430,1,171,0
3971,286,4,5311,1,130,0
3972,286,4,5409,1,171,0
3973,286,4,5518,1,78,0
3974,286,4,5193,1,191,0
3975,286,4,5478,1,137,0
3976,287,4,5441,1,110,0
3977,287,4,5538,1,102,0
3978,287,4,5453,1,154,0
3979,287,4,5143,1,165,0
3980,287,4,5159,1,266,0
3981,287,4,5074,1,276,0
3982,287,4,5085,1,267,0
3983,287,4,5372,1,158,0
3984,287,4,5365,1,140,0
3985,287,4,5332,1,123,0
3986,287,4,5488,1,79,0
3987,287,4,5570,1,64,0
3988,287,4,5412,1,178,0
3989,287,4,5443,1,121,0
3990,287,4,5451,1,106,0
3991,287,4,5506,1,85,0
3992,287,4,5449,1,104,0
3993,287,4,5421,1,94,0
3994,287,4,5225,1,210,0
3995,287,4,5452,1,99,0
3996,287,4,5353,1,177,0
3997,287,4,5403,1,176,0
3998,288,3,3366,0,359,0
3999,288,4,5457,1,88,0
4000,288,0,99,0,110,1
4001,288,1,1342,0,176,0
