1,0,0,181,0,275,0
2,0,0,271,0,245,0
3,0,0,268,0,294,0
4,1,0,99,0,248,0
5,1,0,96,0,261,0
6,1,1,1113,0,457,0
7,1,1,1223,0,458,0
8,1,0,174,0,283,0
9,1,1,1028,0,341,0
10,1,1,1224,0,373,0
11,1,1,1082,0,309,0
12,1,0,0,0,201,0
13,1,1,1097,0,257,0
14,2,0,287,0,265,0
15,2,1,1403,0,267,0
16,2,0,0,0,146,0
17,2,1,1252,0,254,0
18,2,1,1261,0,281,0
19,2,1,1232,0,200,0
20,2,2,2068,0,239,0
21,2,0,193,0,153,0
22,2,1,1007,0,414,0
23,2,0,176,0,523,0
24,2,0,166,0,318,0
25,3,0,91,0,177,0
26,3,0,91,0,188,0
27,3,0,180,0,147,0
28,3,0,188,0,223,0
29,3,0,183,0,210,0
30,3,1,1174,0,340,0
31,3,1,1547,0,206,0
32,3,1,1074,0,221,0
33,3,1,1044,0,348,0
34,3,1,1212,0,317,0
35,3,0,276,0,285,0
36,3,1,1233,0,220,0
37,4,1,1100,0,378,0
38,4,1,1229,0,126,0
39,4,1,1002,0,304,0
40,4,1,953,0,289,0
41,4,1,1034,0,461,0
42,4,1,1120,0,184,0
43,4,1,1025,0,230,0
44,4,1,1023,0,313,0
45,4,1,1100,0,320,0
46,4,1,1272,0,229,0
47,4,1,1309,0,215,0
48,4,2,2034,0,344,0
49,5,1,1322,0,235,0
50,5,1,864,0,411,0
51,5,1,1352,0,196,0
52,5,1,1015,0,262,0
53,5,0,0,0,232,0
54,5,0,275,0,179,0
55,5,1,1204,0,308,0
56,5,1,1195,0,165,0
57,5,1,1160,0,452,0
58,5,1,1216,0,155,0
59,5,1,1229,0,215,0
60,5,0,92,0,419,0
61,6,1,1319,0,276,0
62,6,2,2062,0,389,0
63,6,2,2223,0,329,0
64,6,0,180,0,210,0
65,6,1,1212,0,427,0
66,6,2,2315,0,305,0
67,6,1,1005,0,372,0
68,6,2,2340,0,350,0
69,6,2,2035,0,395,0
70,7,2,2351,0,239,0
71,7,2,2407,0,273,0
72,7,0,277,0,195,0
73,7,0,263,0,284,0
74,7,0,99,0,178,0
75,7,2,2271,0,260,0
76,7,1,1250,0,210,0
77,7,1,1178,0,148,0
78,7,1,1215,0,303,0
79,7,2,2143,0,256,0
80,7,1,1274,0,190,0
81,7,2,1978,0,430,0
82,7,0,180,0,232,0
83,8,0,177,0,405,0
84,8,0,178,0,366,0
85,8,1,1354,0,269,0
86,8,2,2298,0,234,0
87,8,2,2100,0,314,0
88,8,0,188,0,227,0
89,8,0,380,0,132,0
90,8,0,185,0,168,0
91,8,1,1156,0,229,0
92,8,0,181,0,226,0
93,8,1,969,0,371,0
94,8,2,2452,0,395,0
95,9,2,2225,0,330,0
96,9,2,2110,0,227,0
97,9,1,1255,0,357,0
98,9,2,2082,0,225,0
99,9,1,1153,0,275,0
100,9,0,0,0,1001,1
101,9,2,2106,0,322,0
102,9,2,2178,0,297,0
103,9,0,0,0,155,0
104,10,1,1039,0,348,0
105,10,0,85,0,202,0
106,10,2,2118,0,258,0
107,10,2,2438,0,299,0
108,10,0,279,0,177,0
109,10,1,930,0,323,0
110,10,2,1952,0,423,0
111,10,1,1254,0,475,0
112,10,2,2155,0,232,0
113,10,1,1323,0,409,0
114,11,1,1058,0,313,0
115,11,0,187,0,275,0
116,11,1,1362,0,213,0
117,11,0,259,0,242,0
118,11,0,97,0,195,0
119,11,1,1096,0,241,0
120,11,0,93,0,368,0
121,11,0,98,0,157,0
122,11,1,1174,0,136,0
123,11,0,252,0,312,0
124,11,2,2109,0,418,0
125,12,2,2421,0,524,0
126,12,2,2496,0,347,0
127,12,0,96,0,131,0
128,12,0,189,0,183,0
129,12,1,1354,0,172,0
130,12,0,266,0,236,0
131,12,0,165,0,561,0
132,12,2,2235,0,312,0
133,12,2,2299,0,314,0
134,12,1,1238,0,237,0
135,13,2,2129,0,653,0
136,13,3,3152,0,582,0
137,13,0,164,0,431,0
138,13,0,177,0,277,0
139,13,0,191,0,232,0
140,13,2,2362,0,433,0
141,13,1,1255,0,382,0
142,13,2,2012,0,503,0
143,14,1,1166,0,227,0
144,14,2,2298,0,217,0
145,14,2,2192,0,450,0
146,14,2,1902,0,751,0
147,14,2,2169,0,177,0
148,14,2,2361,0,234,0
149,14,2,2311,0,519,0
150,14,2,2111,0,260,0
151,14,1,1170,0,254,0
152,14,1,1179,0,186,0
153,15,2,2331,0,468,0
154,15,2,2296,0,254,0
155,15,2,2433,0,290,0
156,15,3,3197,0,596,0
157,15,2,2093,0,313,0
158,15,2,2223,0,215,0
159,15,2,2304,0,425,0
160,15,2,2371,0,401,0
161,16,2,2414,0,301,0
162,16,2,2427,0,647,0
163,16,2,2316,0,225,0
164,16,2,2437,0,191,0
165,16,2,2302,0,191,0
166,16,3,3167,0,625,0
167,16,3,3536,0,320,0
168,16,3,3547,0,366,0
169,17,3,3168,0,1001,0
170,17,3,3149,0,961,0
171,17,1,1313,0,192,0
172,17,3,3056,0,397,0
173,17,2,2434,0,158,0
174,17,3,3345,0,581,0
175,18,4,4495,1,468,0
176,18,2,2519,0,455,0
177,18,3,3367,0,426,0
178,18,3,3218,0,370,0
179,18,3,3321,0,275,0
180,18,2,2274,0,225,0
181,18,3,2985,0,582,0
182,19,3,3299,0,510,0
183,19,4,4693,1,460,0
184,19,4,4389,1,539,0
185,19,3,3488,0,277,0
186,19,3,3398,0,415,0
187,19,3,3278,0,381,0
188,19,3,3186,0,333,0
189,19,4,4771,1,440,0
190,20,4,5218,1,271,0
191,20,4,5030,1,283,0
192,20,2,2209,0,166,0
193,20,2,2282,0,165,0
194,20,3,3001,0,643,0
195,20,4,5122,1,236,0
196,20,2,2241,0,246,0
197,20,4,4971,1,296,0
198,20,4,4610,1,476,0
199,21,3,3198,0,321,0
200,21,0,99,0,1001,1
201,21,2,2400,0,300,0
202,21,4,4707,1,477,0
203,21,4,4356,1,551,0
204,21,2,2486,0,302,0
205,21,2,2314,0,315,0
206,22,2,2291,0,349,0
207,22,3,3261,0,275,0
208,22,2,2515,0,350,0
209,22,2,2354,0,501,0
210,22,2,2281,0,216,0
211,22,2,2403,0,402,0
212,22,2,2380,0,482,0
213,22,3,3164,0,569,0
214,23,1,1256,0,155,0
215,23,3,3327,0,442,0
216,23,2,2203,0,209,0
217,23,3,3385,0,314,0
218,23,3,3186,0,223,0
219,23,3,3522,0,334,0
220,23,1,1088,0,305,0
221,23,2,2451,0,159,0
222,23,2,2347,0,222,0
223,23,3,3396,0,191,0
224,23,2,2382,0,217,0
225,24,2,2532,0,388,0
226,24,3,3372,0,225,0
227,24,2,2284,0,135,0
228,24,1,1285,0,151,0
229,24,3,3501,0,256,0
230,24,3,3423,0,150,0
231,24,3,3531,0,323,0
232,24,2,2309,0,173,0
233,24,2,2331,0,177,0
234,24,3,3455,0,335,0
235,24,4,5214,1,221,0
236,24,2,2350,0,163,0
237,24,3,3587,0,184,0
238,24,3,3473,0,222,0
239,24,4,5363,1,191,0
240,25,3,3408,0,477,0
241,25,2,2420,0,155,0
242,25,2,2450,0,225,0
243,25,3,3449,0,233,0
244,25,3,3376,0,293,0
245,25,3,3350,0,285,0
246,25,3,3446,0,267,0
247,25,1,1280,0,165,0
248,25,3,3642,0,158,0
249,25,1,1258,0,190,0
250,25,2,2380,0,173,0
251,26,3,3249,0,270,0
252,26,3,3185,0,620,0
253,26,4,5020,1,312,0
254,26,2,2416,0,221,0
255,26,3,3372,0,215,0
256,26,4,5219,1,166,0
257,26,2,2427,0,170,0
258,26,0,191,0,145,0
259,26,2,2448,0,344,0
260,26,2,2432,0,391,0
261,26,4,5344,1,133,0
262,27,2,2418,0,203,0
263,27,2,2397,0,454,0
264,27,2,2325,0,212,0
265,27,2,2394,0,618,0
266,27,2,2350,0,214,0
267,27,4,5151,1,228,0
268,27,2,2427,0,429,0
269,27,2,2396,0,417,0
270,27,2,2407,0,391,0
271,28,2,2334,0,297,0
272,28,2,2384,0,201,0
273,28,4,4648,1,430,0
274,28,2,2256,0,238,0
275,28,1,1288,0,136,0
276,28,2,2484,0,551,0
277,28,3,3187,0,471,0
278,28,1,1288,0,136,0
279,29,3,3018,0,478,0
280,29,2,2356,0,237,0
281,29,2,2537,0,565,0
282,29,4,5081,1,267,0
283,29,2,2424,0,485,0
284,29,3,3019,0,579,0
285,29,1,1283,0,146,0
286,29,3,3246,0,488,0
287,30,4,5176,1,247,0
288,30,4,5295,1,190,0
289,30,1,1177,0,157,0
290,30,2,2228,0,283,0
291,30,4,4707,1,421,0
292,30,4,4882,1,431,0
293,30,3,3064,0,541,0
294,30,4,4743,1,330,0
295,30,3,3382,0,452,0
296,31,4,5115,1,279,0
297,31,2,2187,0,188,0
298,31,2,2487,0,332,0
299,31,4,5103,1,289,0
300,31,2,2463,0,129,1
301,31,4,5456,1,135,0
302,31,0,90,0,223,0
303,31,4,5413,1,144,0
304,31,4,5426,1,172,0
305,31,1,1287,0,144,0
306,31,4,5331,1,230,0
307,31,4,5510,1,109,0
308,31,2,2424,0,190,0
309,31,4,5398,1,180,0
310,32,4,5089,1,379,0
311,32,3,3577,0,293,0
312,32,4,5462,1,159,0
313,32,4,5046,1,404,0
314,32,4,5355,1,219,0
315,32,4,5333,1,202,0
316,32,4,5401,1,160,0
317,32,2,2551,0,319,0
318,32,4,4057,1,769,0
319,32,2,2378,0,198,0
320,32,3,3338,0,197,0
321,33,3,3592,0,305,0
322,33,4,5127,1,286,0
323,33,4,4996,1,296,0
324,33,4,5306,1,213,0
325,33,4,5205,1,270,0
326,33,4,5508,1,111,0
327,33,4,5241,1,237,0
328,33,3,3543,0,233,0
329,33,4,4727,1,444,0
330,33,1,1279,0,225,0
331,33,1,1292,0,165,0
332,33,4,5339,1,206,0
333,34,1,1276,0,139,0
334,34,4,5429,1,139,0
335,34,0,186,0,139,0
336,34,4,5345,1,142,0
337,34,0,184,0,156,0
338,34,4,4967,1,340,0
339,34,4,4990,1,380,0
340,34,4,5005,1,258,0
341,34,4,5079,1,242,0
342,34,2,2438,0,314,0
343,34,4,5463,1,143,0
344,34,3,3536,0,369,0
345,34,0,97,0,174,0
346,35,4,5234,1,271,0
347,35,4,5047,1,309,0
348,35,3,3213,0,421,0
349,35,3,3435,0,472,0
350,35,2,2290,0,286,0
351,35,2,2374,0,279,0
352,35,2,2403,0,340,0
353,35,4,4949,1,297,0
354,35,2,2370,0,209,0
355,36,4,4913,1,339,0
356,36,2,2394,0,250,0
357,36,3,3296,0,343,0
358,36,4,4814,1,368,0
359,36,4,5293,1,160,0
360,36,2,2336,0,274,0
361,36,2,2251,0,276,0
362,36,3,3430,0,266,0
363,36,4,5334,1,179,0
364,36,1,1185,0,134,0
365,36,1,1186,0,131,0
366,36,1,1076,0,313,0
367,37,4,4705,1,415,0
368,37,4,4798,1,417,0
369,37,3,3280,0,310,0
370,37,0,183,0,257,0
371,37,3,3200,0,516,0
372,37,3,3274,0,329,0
373,37,2,2348,0,327,0
374,37,3,3386,0,315,0
375,38,4,4546,1,483,0
376,38,4,5187,1,214,0
377,38,1,1287,0,330,0
378,38,1,1184,0,158,0
379,38,2,2473,0,806,0
380,38,3,3247,0,233,0
381,38,4,4743,1,398,0
382,38,1,1190,0,267,0
383,38,4,5226,1,176,0
384,39,4,4964,1,348,0
385,39,4,4952,1,342,0
386,39,0,99,0,130,0
387,39,1,1190,0,249,0
388,39,2,2338,0,241,0
389,39,0,192,0,209,0
390,39,1,1280,0,299,0
391,39,4,5266,1,197,0
392,39,2,2315,0,186,0
393,39,4,5110,1,274,0
394,39,4,5369,1,196,0
395,39,4,5420,1,140,0
396,39,1,1185,0,133,0
397,39,1,1271,0,236,0
398,40,3,3140,0,407,0
399,40,4,5109,1,284,0
400,40,1,1190,0,109,1
401,40,2,2247,0,170,0
402,40,2,2388,0,216,0
403,40,1,1280,0,163,0
404,40,1,1273,0,173,0
405,40,1,1058,0,142,0
406,40,2,2251,0,275,0
407,40,3,3405,0,226,0
408,40,4,5075,1,241,0
409,40,4,4882,1,441,0
410,40,0,190,0,150,0
411,41,4,4763,1,467,0
412,41,3,3454,0,296,0
413,41,4,5036,1,260,0
414,41,1,1125,0,131,0
415,41,1,1187,0,123,0
416,41,1,1278,0,137,0
417,41,2,2316,0,290,0
418,41,4,5386,1,161,0
419,41,4,5041,1,278,0
420,41,4,4997,1,321,0
421,41,4,5590,1,79,0
422,41,3,3376,0,249,0
423,41,4,4962,1,333,0
424,42,1,1114,0,139,0
425,42,1,1215,0,170,0
426,42,4,5061,1,234,0
427,42,4,5046,1,285,0
428,42,3,3461,0,329,0
429,42,4,5170,1,236,0
430,42,2,2178,0,311,0
431,42,3,3541,0,249,0
432,42,1,1279,0,151,0
433,42,2,2426,0,180,0
434,42,4,4989,1,318,0
435,42,4,5183,1,234,0
436,42,2,2430,0,205,0
437,43,3,3618,0,459,0
438,43,4,4907,1,347,0
439,43,1,1286,0,134,0
440,43,0,99,0,166,0
441,43,4,5120,1,280,0
442,43,3,3271,0,267,0
443,43,4,5314,1,178,0
444,43,4,5162,1,266,0
445,43,4,5516,1,100,0
446,43,4,5136,1,219,0
447,43,3,3414,0,238,0
448,43,4,5192,1,278,0
449,43,4,5010,1,300,0
450,44,2,2206,0,476,0
451,44,4,4654,1,339,0
452,44,4,4673,1,420,0
453,44,3,3242,0,327,0
454,44,2,2137,0,299,0
455,44,4,5041,1,305,0
456,44,4,5471,1,126,0
457,44,4,5187,1,231,0
458,44,1,1274,0,182,0
459,44,4,5284,1,227,0
460,45,1,1190,0,387,0
461,45,3,2067,0,885,0
462,45,1,1189,0,239,0
463,45,1,1184,0,125,0
464,45,4,5266,1,215,0
465,45,4,4849,1,412,0
466,45,4,5134,1,233,0
467,45,4,4652,1,388,0
468,45,4,4668,1,359,0
469,46,4,4751,1,358,0
470,46,4,5202,1,211,0
471,46,4,4377,1,459,0
472,46,4,4562,1,348,0
473,46,4,5100,1,223,0
474,46,4,5480,1,106,0
475,46,4,5233,1,211,0
476,46,4,4587,1,346,0
477,46,4,5302,1,156,0
478,46,4,5083,1,254,0
479,46,4,4916,1,302,0
480,47,4,4946,1,318,0
481,47,4,4133,1,562,0
482,47,4,5071,1,276,0
483,47,3,3013,0,508,0
484,47,4,5119,1,239,0
485,47,4,4849,1,273,0
486,47,1,1168,0,313,0
487,47,4,4142,1,522,0
488,48,4,4723,1,364,0
489,48,2,2361,0,334,0
490,48,4,4706,1,330,0
491,48,4,4409,1,445,0
492,48,4,4473,1,478,0
493,48,4,4906,1,313,0
494,48,4,4280,1,662,0
495,48,3,3432,0,276,0
496,48,4,5229,1,178,0
497,49,2,2288,0,261,0
498,49,4,5043,1,238,0
499,49,4,5016,1,291,0
500,49,1,1190,0,1001,1
501,49,2,2081,0,512,0
502,49,4,5065,1,302,0
503,49,3,3435,0,426,0
504,50,4,4719,1,347,0
505,50,2,2214,0,309,0
506,50,4,4717,1,330,0
507,50,4,4830,1,280,0
508,50,4,5120,1,217,0
509,50,4,4869,1,283,0
510,50,4,4902,1,305,0
511,50,4,5273,1,219,0
512,50,4,5013,1,245,0
513,50,4,4925,1,281,0
514,50,1,1254,0,486,0
515,51,0,99,0,318,0
516,51,4,5169,1,226,0
517,51,2,2253,0,313,0
518,51,4,3862,1,695,0
519,51,3,3001,0,422,0
520,51,4,4561,1,537,0
521,51,4,4349,1,557,0
522,52,4,5282,1,161,0
523,52,2,2375,0,257,0
524,52,3,3321,0,287,0
525,52,4,4693,1,388,0
526,52,4,4488,1,386,0
527,52,4,4621,1,516,0
528,52,2,2263,0,335,0
529,52,2,2234,0,296,0
530,52,4,4299,1,442,0
531,53,4,5372,1,154,0
532,53,3,3546,0,382,0
533,53,2,2356,0,245,0
534,53,0,90,0,166,0
535,53,3,3285,0,410,0
536,53,3,3554,0,234,0
537,53,2,2249,0,266,0
538,53,1,1265,0,372,0
539,53,4,4968,1,297,0
540,53,4,5112,1,222,0
541,53,1,1280,0,176,0
542,54,4,4981,1,246,0
543,54,4,5047,1,234,0
544,54,4,5003,1,251,0
545,54,2,2200,0,710,0
546,54,2,2239,0,368,0
547,54,3,3320,0,284,0
548,54,4,4504,1,458,0
549,54,4,4441,1,520,0
550,55,3,3548,0,545,0
551,55,4,4893,1,344,0
552,55,1,1309,0,535,0
553,55,4,5007,1,341,0
554,55,4,5244,1,175,0
555,55,4,4674,1,341,0
556,55,4,5334,1,182,0
557,55,4,4119,1,547,0
558,56,4,4182,1,473,0
559,56,0,0,0,136,0
560,56,4,5159,1,237,0
561,56,4,5222,1,239,0
562,56,4,4555,1,320,0
563,56,4,5065,1,267,0
564,56,4,5184,1,243,0
565,56,3,3454,0,259,0
566,56,4,4857,1,301,0
567,56,3,3383,0,269,0
568,56,4,4965,1,227,0
569,56,4,5001,1,248,0
570,57,4,5200,1,268,0
571,57,4,4584,1,444,0
572,57,4,4272,1,514,0
573,57,4,4737,1,397,0
574,57,4,5307,1,209,0
575,57,1,1066,0,164,0
576,57,4,5019,1,351,0
577,57,4,5051,1,254,0
578,57,2,2051,0,337,0
579,57,1,1281,0,157,0
580,58,2,2353,0,766,0
581,58,4,4319,1,625,0
582,58,4,4719,1,339,0
583,58,4,5160,1,199,0
584,58,4,5454,1,127,0
585,58,4,5388,1,160,0
586,58,1,1126,0,232,0
587,58,4,4514,1,432,0
588,58,4,5041,1,238,0
589,59,3,3489,0,281,0
590,59,4,5160,1,273,0
591,59,4,4561,1,449,0
592,59,3,3279,0,331,0
593,59,4,5265,1,198,0
594,59,4,4694,1,436,0
595,59,4,4698,1,376,0
596,59,4,4023,1,665,0
597,60,4,4628,1,468,0
598,60,4,4586,1,520,0
599,60,4,4106,1,561,0
600,60,1,1190,0,1001,1
601,60,4,3991,1,581,0
602,61,1,1263,0,332,0
603,61,4,4736,1,335,0
604,61,4,3663,1,693,0
605,61,4,4923,1,375,0
606,61,3,3066,0,405,0
607,61,4,5077,1,289,0
608,61,3,2831,0,782,0
609,62,3,2988,0,603,0
610,62,2,2139,0,408,0
611,62,1,1050,0,153,0
612,62,3,2719,0,780,0
613,62,3,3111,0,400,0
614,62,2,2193,0,239,0
615,62,4,4574,1,453,0
616,63,1,1325,0,411,0
617,63,3,3033,0,565,0
618,63,2,2084,0,485,0
619,63,4,5160,1,232,0
620,63,4,4817,1,389,0
621,63,2,2357,0,238,0
622,63,3,3440,0,462,0
623,63,4,4792,1,330,0
624,64,3,3518,0,321,0
625,64,1,1285,0,230,0
626,64,0,194,0,290,0
627,64,2,2285,0,366,0
628,64,4,5195,1,223,0
629,64,0,343,0,303,0
630,64,0,197,0,205,0
631,64,4,4563,1,403,0
632,64,4,5124,1,235,0
633,64,3,3230,0,590,0
634,65,4,4819,1,299,0
635,65,3,3284,0,441,0
636,65,4,5173,1,185,0
637,65,4,5347,1,166,0
638,65,4,5262,1,186,0
639,65,4,5049,1,259,0
640,65,4,4715,1,343,0
641,65,4,5430,1,156,0
642,65,4,5062,1,256,0
643,65,4,4814,1,341,0
644,65,4,4965,1,251,0
645,65,4,5152,1,265,0
646,66,4,4876,1,310,0
647,66,2,2447,0,265,0
648,66,4,5340,1,188,0
649,66,1,1253,0,495,0
650,66,4,4944,1,288,0
651,66,4,5352,1,157,0
652,66,4,4855,1,353,0
653,66,4,5493,1,131,0
654,66,4,4380,1,465,0
655,66,4,5043,1,223,0
656,67,2,2103,0,444,0
657,67,4,4204,1,514,0
658,67,4,4726,1,455,0
659,67,4,4659,1,401,0
660,67,4,5215,1,185,0
661,67,2,2407,0,216,0
662,67,4,4612,1,627,0
663,67,4,5481,1,117,0
664,67,0,184,0,231,0
665,67,1,1201,0,247,0
666,68,4,4718,1,339,0
667,68,3,3427,0,450,0
668,68,3,3044,0,308,0
669,68,4,4924,1,282,0
670,68,4,4826,1,288,0
671,68,4,5314,1,193,0
672,68,4,5192,1,201,0
673,68,1,1232,0,307,0
674,68,4,4753,1,309,0
675,68,4,4657,1,356,0
676,69,0,192,0,332,0
677,69,4,4896,1,295,0
678,69,2,2448,0,168,0
679,69,4,5093,1,218,0
680,69,4,4883,1,303,0
681,69,4,4528,1,501,0
682,69,4,5328,1,167,0
683,69,0,195,0,179,0
684,69,4,5084,1,284,0
685,69,2,2147,0,243,0
686,69,4,4825,1,376,0
687,70,4,5120,1,223,0
688,70,4,5127,1,267,0
689,70,4,4336,1,541,0
690,70,4,5134,1,246,0
691,70,1,1262,0,273,0
692,70,4,4380,1,416,0
693,70,4,4130,1,553,0
694,70,4,4922,1,284,0
695,70,4,5112,1,230,0
696,71,4,4964,1,292,0
697,71,4,4945,1,279,0
698,71,4,5171,1,189,0
699,71,4,5221,1,204,0
700,71,1,1190,0,1001,1
701,71,4,4755,1,370,0
702,71,2,2244,0,215,0
703,71,4,4851,1,452,0
704,71,4,5052,1,274,0
705,72,4,4984,1,248,0
706,72,4,4530,1,383,0
707,72,4,5041,1,246,0
708,72,2,1955,0,557,0
709,72,4,4720,1,404,0
710,72,1,1266,0,441,0
711,72,3,3378,0,259,0
712,72,4,5168,1,314,0
713,72,3,3031,0,365,0
714,73,4,5141,1,234,0
715,73,4,5365,1,135,0
716,73,4,4543,1,426,0
717,73,3,3480,0,226,0
718,73,3,3285,0,285,0
719,73,4,4413,1,482,0
720,73,4,5198,1,209,0
721,73,4,3627,1,732,0
722,73,4,4713,1,368,0
723,74,4,4963,1,356,0
724,74,4,4880,1,440,0
725,74,4,4863,1,399,0
726,74,2,2133,0,385,0
727,74,2,2392,0,241,0
728,74,4,5400,1,142,0
729,74,3,3227,0,516,0
730,74,3,3517,0,326,0
731,75,3,3225,0,338,0
732,75,2,2323,0,295,0
733,75,4,5010,1,315,0
734,75,2,2323,0,231,0
735,75,4,5252,1,203,0
736,75,4,4216,1,695,0
737,75,4,4651,1,391,0
738,75,4,4945,1,389,0
739,75,4,5425,1,135,0
740,76,4,4291,1,544,0
741,76,1,1226,0,200,0
742,76,4,4888,1,281,0
743,76,4,4613,1,375,0
744,76,4,5169,1,265,0
745,76,3,3165,0,346,0
746,76,3,3112,0,497,0
747,76,4,5056,1,322,0
748,76,4,4736,1,334,0
749,77,3,3616,0,457,0
750,77,2,2288,0,262,0
751,77,2,2254,0,231,0
752,77,4,4902,1,349,0
753,77,4,5156,1,227,0
754,77,4,4634,1,316,0
755,77,2,2139,0,393,0
756,77,2,2306,0,291,0
757,77,4,4910,1,416,0
758,78,4,4336,1,483,0
759,78,2,2226,0,239,0
760,78,3,3491,0,320,0
761,78,3,2792,0,528,0
762,78,3,3332,0,291,0
763,78,4,5258,1,182,0
764,78,4,5110,1,263,0
765,78,4,5008,1,301,0
766,78,4,5146,1,244,0
767,78,1,1190,0,390,0
768,79,4,4891,1,276,0
769,79,4,4736,1,311,0
770,79,4,5261,1,186,0
771,79,3,3011,0,1001,0
772,79,2,2332,0,289,0
773,79,4,4519,1,400,0
774,79,1,1190,0,230,0
775,79,4,5290,1,193,0
776,80,1,1185,0,513,0
777,80,4,4694,1,420,0
778,80,2,2287,0,308,0
779,80,4,5398,1,160,0
780,80,2,2499,0,207,0
781,80,4,5008,1,277,0
782,80,4,5010,1,248,0
783,80,4,4811,1,312,0
784,80,4,4805,1,314,0
785,80,3,3101,0,333,0
786,80,0,193,0,248,0
787,81,4,5104,1,253,0
788,81,4,5281,1,213,0
789,81,4,5434,1,147,0
790,81,4,4012,1,631,0
791,81,4,5209,1,265,0
792,81,4,4429,1,561,0
793,81,4,4391,1,506,0
794,81,4,4818,1,384,0
795,81,0,0,0,150,0
796,82,4,5013,1,298,0
797,82,4,5100,1,281,0
798,82,4,4907,1,409,0
799,82,4,4937,1,264,0
800,82,1,1190,0,1001,1
801,82,4,4934,1,305,0
802,82,1,1363,0,337,0
803,83,4,4550,1,667,0
804,83,4,4907,1,259,0
805,83,4,5220,1,243,0
806,83,4,4541,1,401,0
807,83,0,186,0,326,0
808,83,4,5011,1,241,0
809,83,4,3927,1,744,0
810,83,1,1176,0,329,0
811,84,4,4754,1,489,0
812,84,4,4489,1,403,0
813,84,4,5090,1,344,0
814,84,3,3269,0,388,0
815,84,4,5009,1,303,0
816,84,4,5227,1,210,0
817,84,4,5140,1,246,0
818,84,4,5104,1,272,0
819,84,4,4574,1,425,0
820,85,4,4911,1,319,0
821,85,4,5373,1,152,0
822,85,4,4826,1,417,0
823,85,4,5295,1,199,0
824,85,1,1257,0,227,0
825,85,1,1267,0,315,0
826,85,4,5216,1,187,0
827,85,4,4647,1,425,0
828,85,4,5306,1,212,0
829,85,4,5129,1,255,0
830,85,3,3167,0,343,0
831,86,4,4888,1,297,0
832,86,4,4926,1,325,0
833,86,4,4755,1,413,0
834,86,4,4194,1,649,0
835,86,4,5117,1,231,0
836,86,4,4497,1,436,0
837,86,2,2435,0,192,0
838,86,4,4674,1,559,0
839,87,3,3435,0,228,0
840,87,0,197,0,215,0
841,87,4,4970,1,413,0
842,87,4,4756,1,412,0
843,87,4,5277,1,248,0
844,87,4,4649,1,361,0
845,87,4,5045,1,289,0
846,87,4,5217,1,228,0
847,87,4,5378,1,161,0
848,87,4,5327,1,171,0
849,87,4,5134,1,231,0
850,87,4,5430,1,167,0
851,88,4,4143,1,582,0
852,88,4,4728,1,418,0
853,88,4,5154,1,254,0
854,88,4,4985,1,350,0
855,88,4,4867,1,332,0
856,88,4,5160,1,250,0
857,88,4,5308,1,246,0
858,88,4,4888,1,283,0
859,89,4,4771,1,410,0
860,89,4,4813,1,433,0
861,89,4,5014,1,384,0
862,89,4,4979,1,353,0
863,89,4,4931,1,275,0
864,89,4,5216,1,223,0
865,89,4,4664,1,479,0
866,89,2,2381,0,203,0
867,89,4,4938,1,359,0
868,89,4,5326,1,233,0
869,90,4,4938,1,440,0
870,90,3,3210,0,475,0
871,90,4,5098,1,257,0
872,90,4,4816,1,279,0
873,90,4,5415,1,165,0
874,90,2,2262,0,287,0
875,90,4,4901,1,401,0
876,90,2,2387,0,172,0
877,90,4,4770,1,349,0
878,91,4,4496,1,467,0
879,91,2,2157,0,287,0
880,91,4,3902,1,684,0
881,91,2,2181,0,292,0
882,91,4,4749,1,540,0
883,91,4,4723,1,421,0
884,91,2,2397,0,198,0
885,91,4,5276,1,192,0
886,92,2,2412,0,272,0
887,92,4,4559,1,517,0
888,92,4,5264,1,171,0
889,92,4,5194,1,206,0
890,92,4,4992,1,336,0
891,92,4,5420,1,145,0
892,92,4,5321,1,207,0
893,92,4,5241,1,224,0
894,92,4,5393,1,147,0
895,92,4,4949,1,395,0
896,92,3,3343,0,542,0
897,93,4,5092,1,247,0
898,93,4,5108,1,244,0
899,93,4,4974,1,313,0
900,93,1,1190,0,1001,1
901,93,4,5158,1,203,0
902,93,4,5405,1,182,0
903,93,2,2413,0,196,0
904,93,4,4963,1,304,0
905,93,2,2251,0,233,0
906,93,4,4641,1,387,0
907,94,4,4783,1,334,0
908,94,4,4717,1,430,0
909,94,2,2354,0,207,0
910,94,1,1151,0,180,0
911,94,4,5200,1,192,0
912,94,4,4320,1,649,0
913,94,2,2145,0,300,0
914,94,4,4922,1,328,0
915,95,4,4276,1,629,0
916,95,4,5440,1,162,0
917,95,4,4657,1,325,0
918,95,4,5015,1,251,0
919,95,4,4882,1,352,0
920,95,4,5005,1,279,0
921,95,4,4884,1,247,0
922,95,4,4725,1,399,0
923,95,4,3940,1,606,0
924,95,1,1221,0,255,0
925,96,2,2174,0,291,0
926,96,4,4557,1,504,0
927,96,4,5174,1,255,0
928,96,4,5278,1,236,0
929,96,4,4196,1,509,0
930,96,4,4967,1,371,0
931,96,4,5281,1,190,0
932,96,2,2299,0,273,0
933,96,4,5178,1,228,0
934,96,4,4828,1,314,0
935,97,4,4968,1,290,0
936,97,4,5082,1,264,0
937,97,4,5328,1,265,0
938,97,0,184,0,165,0
939,97,4,5348,1,163,0
940,97,4,5399,1,148,0
941,97,0,278,0,162,0
942,97,4,4914,1,265,0
943,97,4,5347,1,171,0
944,97,4,4762,1,290,0
945,97,1,1241,0,221,0
946,97,4,5078,1,255,0
947,97,2,2398,0,213,0
948,97,4,5089,1,255,0
949,98,4,4790,1,297,0
950,98,0,97,0,145,0
951,98,4,4999,1,289,0
952,98,2,2096,0,502,0
953,98,1,1253,0,253,0
954,98,2,2298,0,259,0
955,98,4,5005,1,249,0
956,98,2,2097,0,525,0
957,98,4,4890,1,334,0
958,98,4,4802,1,325,0
959,98,4,5287,1,151,0
960,99,4,5218,1,178,0
961,99,1,1324,0,362,0
962,99,4,4451,1,382,0
963,99,4,5264,1,216,0
964,99,4,4991,1,257,0
965,99,4,5195,1,181,0
966,99,4,4637,1,471,0
967,99,4,5518,1,121,0
968,99,4,4964,1,245,0
969,99,4,5249,1,175,0
970,99,4,4565,1,374,0
971,100,4,4333,1,560,0
972,100,4,5329,1,161,0
973,100,4,5347,1,163,0
974,100,4,5447,1,153,0
975,100,4,4939,1,307,0
976,100,4,5460,1,127,0
977,100,4,5023,1,222,0
978,100,3,3103,0,416,0
979,100,4,5280,1,201,0
980,100,4,5045,1,355,0
981,100,0,185,0,147,0
982,100,4,4798,1,298,0
983,100,4,5414,1,123,0
984,100,3,3442,0,188,0
985,101,2,2165,0,323,0
986,101,4,4805,1,411,0
987,101,4,4766,1,303,0
988,101,4,5311,1,152,0
989,101,4,5594,1,82,0
990,101,4,5421,1,141,0
991,101,4,4687,1,482,0
992,101,4,5287,1,183,0
993,101,4,5061,1,256,0
994,101,4,5563,1,93,0
995,101,4,4745,1,292,0
996,101,4,4518,1,385,0
997,102,4,5081,1,214,0
998,102,2,2303,0,209,0
999,102,4,5235,1,165,0
1000,102,0,0,0,1001,1
1001,102,4,5583,1,94,0
1002,102,0,185,0,285,0
1003,102,4,4900,1,275,0
1004,102,4,5458,1,119,0
1005,102,4,5188,1,184,0
1006,102,4,5237,1,163,0
1007,102,4,4932,1,245,0
1008,102,4,5526,1,132,0
1009,103,4,5109,1,263,0
1010,103,2,2498,0,197,0
1011,103,4,5418,1,166,0
1012,103,4,5227,1,167,0
1013,103,4,4833,1,387,0
1014,103,4,5216,1,191,0
1015,103,4,5424,1,140,0
1016,103,4,5599,1,76,0
1017,103,2,2493,0,213,0
1018,103,2,2427,0,180,0
1019,103,4,5209,1,181,0
1020,103,4,4532,1,620,0
1021,103,4,4815,1,304,0
1022,104,4,4680,1,298,0
1023,104,2,2049,0,422,0
1024,104,4,4833,1,311,0
1025,104,4,5314,1,142,0
1026,104,0,94,0,195,0
1027,104,4,5290,1,192,0
1028,104,0,182,0,287,0
1029,104,0,186,0,147,0
1030,104,4,5405,1,145,0
1031,104,4,5277,1,203,0
1032,104,4,4798,1,338,0
1033,104,4,4952,1,286,0
1034,104,4,5275,1,184,0
1035,105,4,5141,1,212,0
1036,105,4,4955,1,332,0
1037,105,2,2010,0,339,0
1038,105,4,5345,1,169,0
1039,105,0,177,0,146,0
1040,105,4,4658,1,342,0
1041,105,4,4937,1,355,0
1042,105,4,4680,1,364,0
1043,105,4,5332,1,210,0
1044,105,4,5066,1,233,0
1045,105,4,4639,1,333,0
1046,106,3,3247,0,308,0
1047,106,4,5245,1,190,0
1048,106,4,5409,1,136,0
1049,106,4,5067,1,257,0
1050,106,4,4905,1,277,0
1051,106,3,3281,0,304,0
1052,106,4,5026,1,250,0
1053,106,2,2421,0,218,0
1054,106,4,4949,1,314,0
1055,106,4,4450,1,371,0
1056,106,4,5529,1,102,0
1057,107,4,4758,1,578,0
1058,107,4,5007,1,239,0
1059,107,4,5141,1,251,0
1060,107,4,4807,1,327,0
1061,107,4,5380,1,160,0
1062,107,4,5134,1,258,0
1063,107,2,2005,0,362,0
1064,107,4,4893,1,423,0
1065,107,4,5382,1,139,0
1066,107,1,1222,0,151,0
1067,107,4,5154,1,239,0
1068,108,2,2196,0,348,0
1069,108,4,5293,1,196,0
1070,108,4,5049,1,244,0
1071,108,4,5263,1,159,0
1072,108,4,5169,1,230,0
1073,108,0,196,0,379,0
1074,108,1,1283,0,172,0
1075,108,4,5114,1,196,0
1076,108,4,5223,1,202,0
1077,108,4,5316,1,147,0
1078,108,4,5191,1,179,0
1079,108,2,2477,0,196,0
1080,108,1,1243,0,297,0
1081,108,3,3201,0,301,0
1082,109,2,2181,0,250,0
1083,109,4,5209,1,253,0
1084,109,4,5244,1,154,0
1085,109,4,5331,1,139,0
1086,109,3,3408,0,203,0
1087,109,4,4841,1,271,0
1088,109,4,4985,1,244,0
1089,109,4,4684,1,350,0
1090,109,4,5411,1,141,0
1091,109,0,97,0,264,0
1092,109,4,5295,1,173,0
1093,109,4,4717,1,297,0
1094,109,4,5032,1,227,0
1095,110,4,5035,1,257,0
1096,110,3,3411,0,255,0
1097,110,1,1354,0,152,0
1098,110,4,5350,1,185,0
1099,110,4,4351,1,464,0
1100,110,0,0,0,1001,1
1101,110,2,2228,0,280,0
1102,110,4,4968,1,332,0
1103,110,4,5122,1,246,0
1104,111,2,2095,0,397,0
1105,111,4,4803,1,273,0
1106,111,4,4904,1,312,0
1107,111,1,1369,0,193,0
1108,111,4,5019,1,258,0
1109,111,3,3279,0,263,0
1110,111,3,3188,0,252,0
1111,111,2,2302,0,208,0
1112,111,4,4726,1,311,0
1113,111,0,98,0,178,0
1114,111,4,5359,1,173,0
1115,111,0,93,0,185,0
1116,112,4,5049,1,223,0
1117,112,4,5117,1,238,0
1118,112,4,5399,1,161,0
1119,112,4,5338,1,177,0
1120,112,4,4954,1,266,0
1121,112,2,2384,0,228,0
1122,112,4,5247,1,217,0
1123,112,4,5429,1,173,0
1124,112,4,4958,1,390,0
1125,112,4,5354,1,143,0
1126,112,4,5028,1,221,0
1127,112,4,5401,1,144,0
1128,112,3,2979,0,515,0
1129,113,4,5091,1,244,0
1130,113,4,5135,1,225,0
1131,113,4,5202,1,271,0
1132,113,4,5407,1,128,0
1133,113,2,2388,0,173,0
1134,113,4,5294,1,162,0
1135,113,4,5323,1,194,0
1136,113,4,5295,1,159,0
1137,113,4,4652,1,438,0
1138,113,4,4437,1,386,0
1139,113,4,5201,1,171,0
1140,113,4,4728,1,368,0
1141,114,4,4693,1,518,0
1142,114,4,5269,1,177,0
1143,114,2,2106,0,208,0
1144,114,4,5180,1,223,0
1145,114,4,4606,1,435,0
1146,114,4,5076,1,288,0
1147,114,2,2252,0,269,0
1148,114,4,5131,1,216,0
1149,114,1,1275,0,172,0
1150,114,4,5238,1,225,0
1151,114,4,4509,1,414,0
1152,115,4,5315,1,167,0
1153,115,4,4333,1,417,0
1154,115,4,5242,1,164,0
1155,115,4,4886,1,369,0
1156,115,4,5134,1,216,0
1157,115,3,3320,0,390,0
1158,115,4,5024,1,358,0
1159,115,4,4475,1,510,0
1160,115,4,5163,1,230,0
1161,115,4,5073,1,214,0
1162,116,3,3315,0,251,0
1163,116,4,4761,1,318,0
1164,116,4,4552,1,438,0
1165,116,4,4393,1,476,0
1166,116,4,4832,1,345,0
1167,116,4,4808,1,310,0
1168,116,4,5243,1,213,0
1169,116,4,5289,1,194,0
1170,116,0,179,0,219,0
1171,116,1,1239,0,154,0
1172,116,4,5263,1,175,0
1173,117,4,5096,1,238,0
1174,117,4,4935,1,313,0
1175,117,2,2287,0,284,0
1176,117,4,5397,1,134,0
1177,117,4,4537,1,437,0
1178,117,4,3850,1,569,0
1179,117,3,3231,0,338,0
1180,117,4,5046,1,243,0
1181,117,0,188,0,242,0
1182,117,4,4657,1,323,0
1183,118,4,5075,1,241,0
1184,118,4,5331,1,170,0
1185,118,4,4929,1,286,0
1186,118,4,5020,1,255,0
1187,118,4,5174,1,188,0
1188,118,1,1384,0,304,0
1189,118,4,5032,1,232,0
1190,118,2,2388,0,264,0
1191,118,4,4646,1,364,0
1192,118,3,3113,0,349,0
1193,118,4,4857,1,310,0
1194,119,4,4907,1,352,0
1195,119,4,5418,1,135,0
1196,119,2,2350,0,229,0
1197,119,4,4943,1,243,0
1198,119,4,5354,1,175,0
1199,119,4,4703,1,393,0
1200,119,0,0,0,1001,1
1201,119,4,4620,1,351,0
1202,119,4,5215,1,209,0
1203,119,4,4793,1,285,0
1204,120,0,181,0,229,0
1205,120,4,5136,1,205,0
1206,120,0,187,0,201,0
1207,120,2,2349,0,230,0
1208,120,4,5048,1,357,0
1209,120,4,4762,1,397,0
1210,120,4,5209,1,224,0
1211,120,4,5439,1,147,0
1212,120,4,5235,1,199,0
1213,120,4,4645,1,328,0
1214,120,4,5320,1,165,0
1215,120,4,5295,1,175,0
1216,121,3,3015,0,454,0
1217,121,4,4782,1,350,0
1218,121,4,4937,1,302,0
1219,121,4,5369,1,158,0
1220,121,4,5444,1,134,0
1221,121,4,4696,1,339,0
1222,121,2,2222,0,354,0
1223,121,4,4816,1,277,0
1224,121,2,2388,0,374,0
1225,121,2,2309,0,306,0
1226,121,4,5027,1,258,0
1227,122,2,1988,0,363,0
1228,122,4,5154,1,274,0
1229,122,4,3937,1,652,0
1230,122,4,4978,1,283,0
1231,122,4,4196,1,601,0
1232,122,4,5384,1,155,0
1233,122,2,2061,0,365,0
1234,122,4,5384,1,127,0
1235,122,1,1251,0,237,0
1236,123,4,4556,1,507,0
1237,123,4,5258,1,213,0
1238,123,4,5240,1,199,0
1239,123,0,99,0,210,0
1240,123,4,4650,1,391,0
1241,123,4,4753,1,428,0
1242,123,2,2353,0,380,0
1243,123,4,5138,1,220,0
1244,123,0,289,0,198,0
1245,124,4,4761,1,390,0
1246,124,4,4700,1,308,0
1247,124,1,1234,0,360,0
1248,124,4,4967,1,250,0
1249,124,4,5105,1,200,0
1250,124,4,5344,1,143,0
1251,124,4,5490,1,113,0
1252,124,4,4958,1,248,0
1253,124,4,5256,1,189,0
1254,124,1,1283,0,185,0
1255,124,4,4505,1,364,0
1256,124,4,4903,1,242,0
1257,124,4,4758,1,299,0
1258,125,4,4586,1,347,0
1259,125,4,4901,1,305,0
1260,125,4,4947,1,250,0
1261,125,4,5049,1,209,0
1262,125,4,4967,1,255,0
1263,125,4,4786,1,427,0
1264,125,4,4032,1,685,0
1265,125,4,5421,1,105,0
1266,125,4,4872,1,264,0
1267,125,0,98,0,127,0
1268,126,4,5216,1,153,0
1269,126,2,2122,0,489,0
1270,126,4,4987,1,231,0
1271,126,2,2451,0,240,0
1272,126,4,5363,1,126,0
1273,126,4,5135,1,207,0
1274,126,3,3429,0,261,0
1275,126,0,97,0,247,0
1276,126,4,5290,1,176,0
1277,126,2,2481,0,247,0
1278,126,4,5508,1,109,0
1279,126,4,5355,1,132,0
1280,127,2,2279,0,416,0
1281,127,4,5019,1,241,0
1282,127,4,4840,1,280,0
1283,127,4,5067,1,239,0
1284,127,4,4608,1,368,0
1285,127,2,2291,0,244,0
1286,127,2,2371,0,436,0
1287,127,4,5027,1,246,0
1288,127,0,187,0,127,0
1289,127,4,5004,1,201,0
1290,127,0,188,0,156,0
1291,127,4,4854,1,307,0
1292,127,4,5522,1,107,0
1293,128,2,2234,0,353,0
1294,128,2,2299,0,326,0
1295,128,4,5093,1,211,0
1296,128,4,5276,1,154,0
1297,128,4,5339,1,197,0
1298,128,4,5205,1,221,0
1299,128,4,5389,1,126,0
1300,128,0,0,0,1001,1
1301,128,0,98,0,148,0
1302,128,4,5258,1,164,0
1303,129,4,4944,1,247,0
1304,129,4,4915,1,230,0
1305,129,1,1132,0,362,0
1306,129,4,5326,1,153,0
1307,129,4,4901,1,259,0
1308,129,4,5198,1,181,0
1309,129,4,5183,1,167,0
1310,129,4,5344,1,132,0
1311,129,4,5442,1,101,0
1312,129,4,5390,1,152,0
1313,129,0,99,0,138,0
1314,129,4,5123,1,195,0
1315,129,4,5108,1,226,0
1316,129,4,5326,1,142,0
1317,129,4,4142,1,481,0
1318,130,1,1137,0,148,0
1319,130,4,4695,1,310,0
1320,130,0,180,0,222,0
1321,130,0,173,0,303,0
1322,130,2,2017,0,504,0
1323,130,3,3385,0,274,0
1324,130,2,2309,0,376,0
1325,130,0,178,0,280,0
1326,130,4,5147,1,284,0
1327,130,4,5170,1,202,0
1328,130,2,2309,0,258,0
1329,131,4,4977,1,294,0
1330,131,4,4585,1,378,0
1331,131,4,5262,1,156,0
1332,131,3,2796,0,508,0
1333,131,2,2414,0,196,0
1334,131,3,3145,0,353,0
1335,131,1,1229,0,161,0
1336,131,4,5404,1,149,0
1337,131,4,5099,1,222,0
1338,131,4,5001,1,272,0
1339,131,4,5175,1,226,0
1340,132,3,3433,0,306,0
1341,132,2,2273,0,382,0
1342,132,4,4991,1,258,0
1343,132,4,5088,1,206,0
1344,132,4,5298,1,144,0
1345,132,4,4985,1,323,0
1346,132,3,3458,0,273,0
1347,132,4,4904,1,265,0
1348,132,4,4527,1,407,0
1349,132,4,5004,1,249,0
1350,132,4,4911,1,273,0
1351,133,4,4748,1,297,0
1352,133,2,1810,0,706,0
1353,133,4,5084,1,226,0
1354,133,4,5363,1,138,0
1355,133,0,98,0,186,0
1356,133,4,4396,1,439,0
1357,133,4,5152,1,217,0
1358,133,4,4481,1,409,0
1359,133,4,4728,1,395,0
1360,133,4,5173,1,210,0
1361,134,2,2372,0,292,0
1362,134,4,4689,1,385,0
1363,134,4,4251,1,478,0
1364,134,4,5198,1,180,0
1365,134,2,2434,0,277,0
1366,134,0,189,0,216,0
1367,134,4,5302,1,157,0
1368,134,1,1202,0,621,0
1369,134,4,5235,1,174,0
1370,134,4,5259,1,182,0
1371,135,3,3369,0,269,0
1372,135,4,5089,1,218,0
1373,135,2,2083,0,412,0
1374,135,1,1060,0,339,0
1375,135,2,2015,0,424,0
1376,135,4,4968,1,256,0
1377,135,4,5233,1,172,0
1378,135,4,4994,1,254,0
1379,135,4,5318,1,135,0
1380,135,4,5541,1,101,0
1381,135,4,5222,1,179,0
1382,135,4,4499,1,430,0
1383,136,4,4595,1,330,0
1384,136,4,5293,1,147,0
1385,136,4,5280,1,143,0
1386,136,4,4260,1,448,0
1387,136,4,5274,1,168,0
1388,136,3,3425,0,238,0
1389,136,4,5434,1,120,0
1390,136,2,2194,0,248,0
1391,136,4,5368,1,147,0
1392,136,4,4936,1,238,0
1393,136,4,5422,1,117,0
1394,136,3,3120,0,360,0
1395,136,1,1213,0,193,0
1396,137,4,4511,1,341,0
1397,137,2,2248,0,274,0
1398,137,4,4398,1,404,0
1399,137,4,5514,1,100,0
1400,137,0,0,0,1001,1
1401,137,4,5201,1,166,0
1402,137,4,5381,1,132,0
1403,137,4,5246,1,141,0
1404,137,4,5499,1,105,0
1405,137,4,4916,1,250,0
1406,137,4,5425,1,116,0
1407,137,4,5496,1,110,0
1408,138,1,1183,0,443,0
1409,138,4,5575,1,76,0
1410,138,4,5484,1,98,0
1411,138,4,5607,1,72,0
1412,138,4,5386,1,127,0
1413,138,0,273,0,246,0
1414,138,4,5069,1,209,0
1415,138,4,5304,1,178,0
1416,138,4,4146,1,442,0
1417,138,4,4336,1,421,0
1418,138,4,5187,1,179,0
1419,138,4,5575,1,79,0
1420,138,4,5554,1,87,0
1421,138,4,5389,1,132,0
1422,138,0,185,0,175,0
1423,138,4,4964,1,239,0
1424,138,4,5393,1,128,0
1425,139,4,5366,1,119,0
1426,139,2,2342,0,241,0
1427,139,2,2246,0,175,0
1428,139,1,1181,0,198,0
1429,139,4,4872,1,237,0
1430,139,4,5219,1,176,0
1431,139,1,1176,0,220,0
1432,139,0,275,0,303,0
1433,139,4,5210,1,211,0
1434,139,2,1937,0,386,0
1435,139,4,5152,1,204,0
1436,139,4,4841,1,346,0
1437,139,4,5414,1,155,0
1438,139,4,5249,1,171,0
1439,140,4,5002,1,247,0
1440,140,4,5165,1,177,0
1441,140,4,5289,1,170,0
1442,140,4,5334,1,146,0
1443,140,4,4705,1,316,0
1444,140,4,5420,1,113,0
1445,140,2,2321,0,324,0
1446,140,4,5148,1,183,0
1447,140,4,5494,1,89,0
1448,140,4,5109,1,226,0
1449,140,2,2385,0,280,0
1450,140,4,5428,1,119,0
1451,140,2,2490,0,298,0
1452,140,4,4795,1,297,0
1453,141,4,4586,1,334,0
1454,141,1,1304,0,156,0
1455,141,2,2124,0,432,0
1456,141,3,3294,0,429,0
1457,141,4,5256,1,181,0
1458,141,4,4915,1,230,0
1459,141,4,4506,1,355,0
1460,141,4,5517,1,93,0
1461,141,4,5340,1,132,0
1462,141,4,5578,1,88,0
1463,141,4,4549,1,371,0
1464,141,2,2221,0,155,0
1465,142,4,4707,1,312,0
1466,142,4,4749,1,301,0
1467,142,4,5522,1,96,0
1468,142,4,5384,1,138,0
1469,142,4,5057,1,211,0
1470,142,4,5475,1,109,0
1471,142,4,5023,1,252,0
1472,142,4,4876,1,251,0
1473,142,4,5261,1,148,0
1474,142,1,1422,0,293,0
1475,142,4,5224,1,157,0
1476,142,4,5164,1,203,0
1477,142,4,5131,1,190,0
1478,142,4,4996,1,236,0
1479,142,2,2378,0,207,0
1480,142,4,5192,1,190,0
1481,142,4,5452,1,112,0
1482,143,4,5213,1,213,0
1483,143,4,5216,1,179,0
1484,143,2,2030,0,289,0
1485,143,2,2170,0,399,0
1486,143,4,5346,1,123,0
1487,143,4,5521,1,96,0
1488,143,2,2106,0,238,0
1489,143,4,5612,1,75,0
1490,143,2,2235,0,341,0
1491,143,4,5330,1,140,0
1492,143,4,5065,1,230,0
1493,143,4,5198,1,197,0
1494,143,4,5108,1,204,0
1495,143,4,4636,1,324,0
1496,144,4,4758,1,295,0
1497,144,4,5376,1,139,0
1498,144,4,5445,1,119,0
1499,144,4,4289,1,432,0
1500,144,0,0,0,1001,1
1501,144,4,4610,1,343,0
1502,144,4,5031,1,230,0
1503,144,4,5228,1,172,0
1504,144,4,5521,1,103,0
1505,144,4,4795,1,287,0
1506,145,4,5008,1,253,0
1507,145,4,5246,1,157,0
1508,145,2,2252,0,316,0
1509,145,4,5518,1,100,0
1510,145,4,5469,1,107,0
1511,145,4,5179,1,174,0
1512,145,4,5096,1,197,0
1513,145,4,5124,1,226,0
1514,145,3,3370,0,209,0
1515,145,3,3404,0,170,0
1516,145,4,5226,1,167,0
1517,145,4,5049,1,212,0
1518,145,4,5201,1,185,0
1519,145,1,1230,0,234,0
1520,145,4,4983,1,227,0
1521,145,4,5400,1,124,0
1522,146,2,2065,0,291,0
1523,146,4,4889,1,284,0
1524,146,2,2403,0,270,0
1525,146,4,5526,1,89,0
1526,146,4,5375,1,128,0
1527,146,4,5319,1,136,0
1528,146,4,5320,1,134,0
1529,146,4,5311,1,150,0
1530,146,2,2356,0,155,0
1531,146,4,4816,1,267,0
1532,146,4,5425,1,115,0
1533,146,4,5260,1,177,0
1534,146,4,5491,1,102,0
1535,146,4,5162,1,197,0
1536,146,4,5486,1,122,0
1537,146,4,5101,1,210,0
1538,146,1,1271,0,284,0
1539,146,4,5541,1,89,0
1540,146,4,5152,1,189,0
1541,147,4,5233,1,171,0
1542,147,4,5026,1,219,0
1543,147,4,5370,1,126,0
1544,147,4,5379,1,123,0
1545,147,4,5322,1,144,0
1546,147,4,4628,1,328,0
1547,147,4,5291,1,154,0
1548,147,4,5282,1,178,0
1549,147,4,5497,1,108,0
1550,147,4,5402,1,169,0
1551,147,4,4377,1,401,0
1552,147,4,5211,1,170,0
1553,147,4,5205,1,223,0
1554,147,4,4671,1,304,0
1555,147,2,2431,0,174,0
1556,147,4,5250,1,184,0
1557,148,4,5241,1,165,0
1558,148,4,5368,1,131,0
1559,148,4,5019,1,224,0
1560,148,4,5548,1,96,0
1561,148,4,5480,1,121,0
1562,148,4,4869,1,255,0
1563,148,4,5280,1,171,0
1564,148,4,5537,1,102,0
1565,148,4,5108,1,207,0
1566,148,4,4984,1,266,0
1567,148,4,4798,1,276,0
1568,148,4,5053,1,232,0
1569,148,4,5321,1,142,0
1570,148,4,4491,1,465,0
1571,148,4,5570,1,89,0
1572,148,4,4958,1,263,0
1573,149,4,5329,1,143,0
1574,149,4,5314,1,163,0
1575,149,4,5502,1,111,0
1576,149,4,5194,1,179,0
1577,149,2,2470,0,656,0
1578,149,2,2014,0,340,0
1579,149,4,5186,1,193,0
1580,149,4,4914,1,241,0
1581,149,4,5231,1,199,0
1582,149,4,5236,1,174,0
1583,149,4,5594,1,79,0
1584,149,4,5148,1,191,0
1585,149,4,5437,1,123,0
1586,149,4,5345,1,129,0
1587,149,4,5402,1,125,0
1588,149,4,5410,1,125,0
1589,150,4,5093,1,216,0
1590,150,4,5471,1,118,0
1591,150,4,5370,1,129,0
1592,150,2,2154,0,359,0
1593,150,4,5380,1,119,0
1594,150,4,4260,1,440,0
1595,150,4,5269,1,142,0
1596,150,4,5061,1,205,0
1597,150,4,5359,1,123,0
1598,150,4,4448,1,383,0
1599,150,4,5416,1,136,0
1600,151,0,0,0,1001,1
1601,151,4,5527,1,100,0
1602,151,4,5123,1,219,0
1603,151,3,2993,0,452,0
1604,151,4,5520,1,93,0
1605,151,4,5431,1,135,0
1606,151,4,5358,1,151,0
1607,151,4,5234,1,177,0
1608,151,4,4702,1,276,0
1609,151,4,4987,1,229,0
1610,151,2,2306,0,263,0
1611,151,4,5534,1,88,0
1612,151,4,5306,1,157,0
1613,151,4,5133,1,202,0
1614,151,4,4877,1,269,0
1615,151,4,5098,1,247,0
1616,152,4,5050,1,230,0
1617,152,4,5226,1,182,0
1618,152,4,5205,1,170,0
1619,152,4,4881,1,258,0
1620,152,3,3297,0,279,0
1621,152,4,5512,1,93,0
1622,152,4,5079,1,208,0
1623,152,4,5204,1,184,0
1624,152,2,2015,0,552,0
1625,152,4,5237,1,199,0
1626,152,4,5492,1,102,0
1627,152,4,5445,1,116,0
1628,152,4,5293,1,143,0
1629,152,4,5481,1,118,0
1630,152,4,5137,1,207,0
1631,152,4,5137,1,192,0
1632,153,4,5250,1,155,0
1633,153,4,5299,1,154,0
1634,153,4,5062,1,213,0
1635,153,4,4656,1,331,0
1636,153,4,5121,1,198,0
1637,153,1,1250,0,235,0
1638,153,4,5103,1,223,0
1639,153,4,5050,1,217,0
1640,153,4,5390,1,136,0
1641,153,4,5447,1,111,0
1642,153,4,5636,1,68,0
1643,153,4,5360,1,154,0
1644,153,4,5271,1,174,0
1645,153,2,2324,0,215,0
1646,153,4,4923,1,247,0
1647,153,2,2427,0,217,0
1648,153,4,5169,1,207,0
1649,154,4,5634,1,66,0
1650,154,4,4267,1,444,0
1651,154,4,5315,1,160,0
1652,154,4,4755,1,262,0
1653,154,4,5147,1,180,0
1654,154,4,4944,1,252,0
1655,154,4,4859,1,274,0
1656,154,4,5232,1,174,0
1657,154,4,5016,1,228,0
1658,154,4,4956,1,257,0
1659,154,4,4926,1,271,0
1660,154,2,2427,0,182,0
1661,154,4,4642,1,332,0
1662,155,4,5299,1,148,0
1663,155,4,5152,1,189,0
1664,155,2,2305,0,175,0
1665,155,4,5350,1,139,0
1666,155,4,5379,1,150,0
1667,155,4,5324,1,151,0
1668,155,4,5215,1,195,0
1669,155,4,5424,1,111,0
1670,155,4,5331,1,137,0
1671,155,4,5366,1,137,0
1672,155,4,4983,1,241,0
1673,155,2,2421,0,169,0
1674,155,2,2208,0,305,0
1675,155,1,1054,0,171,0
1676,155,4,5357,1,133,0
1677,155,4,5397,1,122,0
1678,155,4,5443,1,131,0
1679,155,4,5384,1,137,0
1680,156,4,4593,1,397,0
1681,156,4,5187,1,186,0
1682,156,4,4858,1,262,0
1683,156,4,5237,1,206,0
1684,156,4,5578,1,80,0
1685,156,4,5135,1,192,0
1686,156,4,5164,1,198,0
1687,156,4,5137,1,171,0
1688,156,4,4777,1,358,0
1689,156,0,99,0,138,0
1690,156,4,5465,1,114,0
1691,156,4,5123,1,178,0
1692,156,2,2181,0,174,0
1693,156,4,5303,1,144,0
1694,156,4,5364,1,129,0
1695,156,4,4649,1,357,0
1696,157,4,5263,1,181,0
1697,157,4,5059,1,218,0
1698,157,4,5398,1,136,0
1699,157,4,5348,1,142,0
1700,157,0,0,0,1001,1
1701,157,4,5244,1,157,0
1702,157,4,5579,1,86,0
1703,157,4,5439,1,129,0
1704,157,4,5111,1,203,0
1705,157,4,5182,1,186,0
1706,157,4,5632,1,67,0
1707,157,4,5155,1,200,0
1708,157,4,5375,1,149,0
1709,158,4,4039,1,524,0
1710,158,4,5034,1,219,0
1711,158,4,5090,1,179,0
1712,158,4,5017,1,232,0
1713,158,2,1999,0,495,0
1714,158,4,5249,1,191,0
1715,158,2,2440,0,176,0
1716,158,4,5309,1,153,0
1717,158,4,5129,1,185,0
1718,158,4,5236,1,183,0
1719,158,4,4323,1,424,0
1720,158,4,5154,1,194,0
1721,158,4,5101,1,198,0
1722,159,2,2226,0,293,0
1723,159,4,5085,1,198,0
1724,159,4,5052,1,207,0
1725,159,4,5161,1,212,0
1726,159,4,4950,1,246,0
1727,159,4,5028,1,235,0
1728,159,4,4788,1,287,0
1729,159,4,5451,1,104,0
1730,159,4,5265,1,160,0
1731,159,4,4811,1,276,0
1732,159,4,5329,1,145,0
1733,159,4,4438,1,368,0
1734,159,4,5500,1,110,0
1735,159,2,2286,0,263,0
1736,159,4,5131,1,174,0
1737,160,4,4907,1,261,0
1738,160,4,5461,1,119,0
1739,160,1,1208,0,330,0
1740,160,4,5411,1,144,0
1741,160,4,5067,1,218,0
1742,160,4,5150,1,192,0
1743,160,4,5051,1,220,0
1744,160,4,5298,1,169,0
1745,160,2,2294,0,214,0
1746,160,4,5326,1,131,0
1747,160,4,5456,1,107,0
1748,160,4,5548,1,96,0
1749,160,4,5457,1,125,0
1750,160,4,5528,1,97,0
1751,160,4,5402,1,117,0
1752,160,4,5493,1,113,0
1753,160,4,5470,1,111,0
1754,160,4,5451,1,122,0
1755,160,4,4986,1,243,0
1756,161,4,5231,1,179,0
1757,161,4,4967,1,255,0
1758,161,4,5446,1,112,0
1759,161,4,5450,1,113,0
1760,161,4,5083,1,210,0
1761,161,4,5625,1,76,0
1762,161,4,5238,1,168,0
1763,161,4,5329,1,155,0
1764,161,3,3562,0,179,0
1765,161,4,4541,1,340,0
1766,161,4,5293,1,157,0
1767,161,4,5070,1,226,0
1768,161,4,5273,1,152,0
1769,161,4,5450,1,128,0
1770,161,4,5212,1,166,0
1771,161,4,5601,1,74,0
1772,161,4,5192,1,200,0
1773,161,4,5590,1,87,0
1774,161,4,5465,1,109,0
1775,161,4,5338,1,129,0
1776,162,4,5327,1,143,0
1777,162,4,5552,1,97,0
1778,162,4,4967,1,299,0
1779,162,4,5308,1,157,0
1780,162,4,5222,1,167,0
1781,162,4,5206,1,170,0
1782,162,4,5448,1,121,0
1783,162,4,5580,1,84,0
1784,162,1,1347,0,215,0
1785,162,4,5392,1,133,0
1786,162,4,4160,1,470,0
1787,162,4,5044,1,192,0
1788,162,4,5094,1,228,0
1789,162,4,5481,1,111,0
1790,162,4,4873,1,257,0
1791,163,2,2392,0,510,0
1792,163,4,5130,1,194,0
1793,163,3,3567,0,216,0
1794,163,3,3354,0,265,0
1795,163,4,5505,1,101,0
1796,163,4,5370,1,138,0
1797,163,4,5648,1,67,0
1798,163,4,5075,1,231,0
1799,163,2,2332,0,288,0
1800,163,0,0,0,1001,1
1801,163,2,2217,0,295,0
1802,164,4,5312,1,204,0
1803,164,3,3332,0,309,0
1804,164,3,3287,0,282,0
1805,164,4,5255,1,166,0
1806,164,4,5122,1,229,0
1807,164,4,5321,1,147,0
1808,164,4,5368,1,144,0
1809,164,2,2220,0,380,0
1810,164,4,5173,1,201,0
1811,164,3,3320,0,254,0
1812,164,4,5103,1,306,0
1813,164,4,5533,1,90,0
1814,164,1,1305,0,437,0
1815,165,4,4967,1,268,0
1816,165,2,2292,0,221,0
1817,165,2,2409,0,355,0
1818,165,4,5248,1,206,0
1819,165,4,4965,1,230,0
1820,165,4,5380,1,154,0
1821,165,4,5390,1,137,0
1822,165,4,5285,1,195,0
1823,165,4,5475,1,167,0
1824,165,4,5361,1,154,0
1825,165,4,5386,1,145,0
1826,165,4,5156,1,193,0
1827,165,3,3257,0,266,0
1828,165,4,4715,1,306,0
1829,165,4,5346,1,143,0
1830,166,4,4567,1,388,0
1831,166,2,2163,0,306,0
1832,166,4,4725,1,293,0
1833,166,4,5357,1,194,0
1834,166,2,2403,0,271,0
1835,166,4,4936,1,241,0
1836,166,2,2190,0,435,0
1837,166,4,5331,1,164,0
1838,166,4,5544,1,85,0
1839,166,4,5188,1,154,0
1840,166,4,5581,1,89,0
1841,166,4,5197,1,189,0
1842,166,4,5133,1,187,0
1843,166,4,5539,1,105,0
1844,166,4,5351,1,172,0
1845,167,4,5533,1,98,0
1846,167,4,5434,1,108,0
1847,167,4,5460,1,109,0
1848,167,4,5413,1,123,0
1849,167,4,4850,1,342,0
1850,167,4,5024,1,216,0
1851,167,4,5487,1,103,0
1852,167,4,5009,1,210,0
1853,167,2,2409,0,200,0
1854,167,4,5442,1,140,0
1855,167,4,5433,1,125,0
1856,167,4,5205,1,179,0
1857,167,4,4765,1,291,0
1858,167,2,2219,0,307,0
1859,167,4,5545,1,91,0
1860,167,4,5386,1,160,0
1861,167,4,5166,1,209,0
1862,167,4,5452,1,105,0
1863,168,4,5158,1,225,0
1864,168,4,5090,1,192,0
1865,168,4,5404,1,133,0
1866,168,2,2377,0,209,0
1867,168,4,5412,1,117,0
1868,168,2,2328,0,270,0
1869,168,4,5605,1,73,0
1870,168,4,5383,1,160,0
1871,168,4,5588,1,83,0
1872,168,2,2325,0,188,0
1873,168,4,5449,1,113,0
1874,168,4,5351,1,139,0
1875,168,4,5423,1,129,0
1876,168,4,5396,1,110,0
1877,168,4,5476,1,104,0
1878,168,4,4201,1,545,0
1879,168,4,5020,1,219,0
1880,168,4,5347,1,156,0
1881,169,0,0,0,134,0
1882,169,4,5389,1,131,0
1883,169,4,5491,1,102,0
1884,169,4,5342,1,137,0
1885,169,4,5468,1,105,0
1886,169,4,5369,1,150,0
1887,169,4,5197,1,168,0
1888,169,4,5309,1,150,0
1889,169,4,5519,1,97,0
1890,169,4,5343,1,144,0
1891,169,2,2381,0,171,0
1892,169,4,4921,1,247,0
1893,169,4,4947,1,236,0
1894,169,4,5175,1,187,0
1895,169,4,5134,1,220,0
1896,169,4,5312,1,147,0
1897,169,4,5482,1,119,0
1898,169,4,5541,1,86,0
1899,169,4,5093,1,217,0
1900,169,0,0,0,101,1
1901,170,4,5599,1,75,0
1902,170,4,5385,1,127,0
1903,170,4,5376,1,131,0
1904,170,2,2411,0,144,0
1905,170,4,5648,1,65,0
1906,170,4,4998,1,255,0
1907,170,4,5349,1,138,0
1908,170,4,5545,1,96,0
1909,170,4,5328,1,159,0
1910,170,4,4886,1,227,0
1911,170,4,5288,1,149,0
1912,170,4,5458,1,118,0
1913,170,4,5241,1,160,0
1914,170,2,2340,0,193,0
1915,170,4,5595,1,92,0
1916,170,4,5510,1,98,0
1917,170,2,2282,0,179,0
1918,170,2,2331,0,179,0
1919,170,4,5249,1,171,0
1920,170,2,2214,0,242,0
1921,170,4,5394,1,135,0
1922,171,4,4920,1,243,0
1923,171,4,5559,1,91,0
1924,171,4,5092,1,222,0
1925,171,0,91,0,127,0
1926,171,4,4676,1,313,0
1927,171,4,5584,1,76,0
1928,171,2,2062,0,484,0
1929,171,4,4934,1,243,0
1930,171,4,5357,1,132,0
1931,171,4,5407,1,127,0
1932,171,4,5308,1,143,0
1933,171,4,5234,1,180,0
1934,171,4,5481,1,108,0
1935,171,2,2439,0,226,0
1936,171,4,4913,1,241,0
1937,171,4,5210,1,176,0
1938,172,4,5344,1,145,0
1939,172,4,5420,1,124,0
1940,172,4,5667,1,61,0
1941,172,4,5554,1,98,0
1942,172,4,5497,1,94,0
1943,172,4,5559,1,88,0
1944,172,4,5186,1,201,0
1945,172,4,5403,1,131,0
1946,172,4,5312,1,170,0
1947,172,4,5206,1,181,0
1948,172,4,5141,1,192,0
1949,172,2,2182,0,194,0
1950,172,4,5312,1,143,0
1951,172,4,5442,1,113,0
1952,172,4,5167,1,188,0
1953,172,3,3457,0,236,0
1954,172,4,5216,1,191,0
1955,172,4,4369,1,413,0
1956,172,2,2419,0,209,0
1957,173,4,5267,1,168,0
1958,173,4,5390,1,136,0
1959,173,4,5276,1,153,0
1960,173,2,2274,0,215,0
1961,173,4,5479,1,101,0
1962,173,4,5539,1,90,0
1963,173,4,5321,1,152,0
1964,173,3,3499,0,200,0
1965,173,4,5557,1,97,0
1966,173,4,5291,1,155,0
1967,173,4,5637,1,71,0
1968,173,4,5203,1,188,0
1969,173,4,5610,1,75,0
1970,173,4,5451,1,124,0
1971,173,4,5523,1,86,0
1972,173,4,5164,1,176,0
1973,173,4,5547,1,89,0
1974,173,2,2309,0,197,0
1975,173,4,5169,1,184,0
1976,173,4,5422,1,126,0
1977,173,4,5551,1,86,0
1978,173,4,5358,1,130,0
1979,173,4,5258,1,155,0
1980,174,4,5514,1,96,0
1981,174,4,5571,1,85,0
1982,174,4,5186,1,184,0
1983,174,4,5446,1,123,0
1984,174,3,3462,0,189,0
1985,174,2,2065,0,305,0
1986,174,1,1235,0,220,0
1987,174,4,5229,1,169,0
1988,174,4,5525,1,88,0
1989,174,4,5538,1,89,0
1990,174,3,3339,0,329,0
1991,174,4,5233,1,152,0
1992,174,3,3413,0,189,0
1993,174,4,5325,1,148,0
1994,174,2,2399,0,212,0
1995,174,4,5388,1,122,0
1996,174,2,2446,0,193,0
1997,174,4,5053,1,203,0
1998,175,4,5278,1,157,0
1999,175,4,5003,1,249,0
2000,175,0,0,0,101,1
2001,175,4,5162,1,204,0
2002,175,1,1246,0,169,0
2003,175,4,5386,1,124,0
2004,175,4,5528,1,102,0
2005,175,4,5448,1,119,0
2006,175,4,5221,1,156,0
2007,175,4,5393,1,180,0
2008,175,4,5298,1,207,0
2009,175,2,2022,0,311,0
2010,175,4,5530,1,90,0
2011,175,4,5118,1,177,0
2012,175,2,2222,0,182,0
2013,175,4,5557,1,93,0
2014,175,4,5238,1,158,0
2015,175,4,5421,1,117,0
2016,175,2,2422,0,183,0
2017,175,2,2373,0,178,0
2018,176,4,5338,1,153,0
2019,176,4,5292,1,159,0
2020,176,4,5036,1,220,0
2021,176,2,2306,0,219,0
2022,176,4,5255,1,165,0
2023,176,4,4588,1,319,0
2024,176,1,1360,0,173,0
2025,176,4,5338,1,153,0
2026,176,2,2406,0,239,0
2027,176,4,5362,1,124,0
2028,176,4,5297,1,173,0
2029,176,4,5319,1,159,0
2030,176,4,4968,1,264,0
2031,176,4,5136,1,190,0
2032,176,4,5499,1,109,0
2033,176,4,5348,1,135,0
2034,176,4,5220,1,202,0
2035,177,4,5025,1,233,0
2036,177,4,5008,1,239,0
2037,177,3,3250,0,289,0
2038,177,4,5179,1,186,0
2039,177,3,3394,0,248,0
2040,177,2,2220,0,204,0
2041,177,4,5009,1,224,0
2042,177,4,5329,1,146,0
2043,177,4,5601,1,79,0
2044,177,4,5432,1,119,0
2045,177,4,5361,1,135,0
2046,177,2,2356,0,275,0
2047,177,4,5572,1,80,0
2048,177,4,5183,1,195,0
2049,177,2,2245,0,154,0
2050,177,4,5029,1,225,0
2051,177,4,5256,1,171,0
2052,177,4,5633,1,69,0
2053,178,4,5397,1,152,0
2054,178,4,5422,1,109,0
2055,178,4,5079,1,224,0
2056,178,4,5493,1,93,0
2057,178,4,5156,1,211,0
2058,178,4,5328,1,141,0
2059,178,4,5052,1,215,0
2060,178,4,5349,1,137,0
2061,178,4,5307,1,140,0
2062,178,4,5577,1,80,0
2063,178,4,5111,1,189,0
2064,178,4,5252,1,160,0
2065,178,4,5425,1,142,0
2066,178,4,5246,1,166,0
2067,178,4,5596,1,77,0
2068,178,3,3441,0,197,0
2069,178,4,5388,1,117,0
2070,178,4,5094,1,199,0
2071,178,4,5237,1,193,0
2072,178,2,2381,0,160,0
2073,179,4,5103,1,237,0
2074,179,4,5576,1,80,0
2075,179,4,5098,1,238,0
2076,179,3,3438,0,192,0
2077,179,4,5345,1,143,0
2078,179,4,5412,1,122,0
2079,179,4,5300,1,143,0
2080,179,4,5321,1,127,0
2081,179,1,1264,0,292,0
2082,179,4,5223,1,174,0
2083,179,2,2300,0,172,0
2084,179,4,5313,1,135,0
2085,179,2,2355,0,179,0
2086,179,4,5094,1,193,0
2087,179,4,5330,1,146,0
2088,179,4,5232,1,160,0
2089,179,4,5363,1,142,0
2090,179,4,5572,1,90,0
2091,179,4,5097,1,244,0
2092,179,4,5452,1,106,0
2093,180,4,4721,1,362,0
2094,180,4,4763,1,284,0
2095,180,2,2254,0,171,0
2096,180,2,2405,0,170,0
2097,180,4,5490,1,103,0
2098,180,4,5466,1,102,0
2099,180,4,5539,1,100,0
2100,180,0,0,0,101,1
2101,180,2,2492,0,218,0
2102,180,4,4809,1,282,0
2103,180,4,5108,1,211,0
2104,180,2,2510,0,286,0
2105,180,2,2348,0,193,0
2106,180,2,2453,0,170,0
2107,180,4,5123,1,194,0
2108,180,4,5380,1,137,0
2109,180,4,5654,1,62,0
2110,181,4,5462,1,108,0
2111,181,4,4770,1,279,0
2112,181,4,5326,1,140,0
2113,181,4,5338,1,145,0
2114,181,4,5544,1,90,0
2115,181,4,5437,1,117,0
2116,181,4,5456,1,123,0
2117,181,4,5376,1,150,0
2118,181,4,4858,1,241,0
2119,181,4,5293,1,149,0
2120,181,4,5401,1,140,0
2121,181,4,5540,1,87,0
2122,181,4,5483,1,117,0
2123,181,2,2012,0,427,0
2124,181,4,5434,1,117,0
2125,181,4,5069,1,182,0
2126,181,4,5122,1,191,0
2127,181,4,5672,1,59,0
2128,181,4,5237,1,158,0
2129,181,4,5560,1,92,0
2130,182,2,2401,0,216,0
2131,182,4,5210,1,163,0
2132,182,4,5583,1,86,0
2133,182,4,5136,1,195,0
2134,182,4,5319,1,177,0
2135,182,4,5047,1,214,0
2136,182,4,5369,1,128,0
2137,182,4,5183,1,169,0
2138,182,2,2392,0,211,0
2139,182,4,5322,1,149,0
2140,182,4,5437,1,118,0
2141,182,4,5249,1,171,0
2142,182,4,5362,1,126,0
2143,182,4,5424,1,118,0
2144,182,4,5390,1,120,0
2145,182,4,5265,1,189,0
2146,182,4,5050,1,252,0
2147,182,2,2372,0,183,0
2148,182,4,4927,1,245,0
2149,183,4,5275,1,150,0
2150,183,4,5323,1,138,0
2151,183,2,2425,0,153,0
2152,183,4,5538,1,95,0
2153,183,4,5331,1,143,0
2154,183,4,5263,1,167,0
2155,183,4,5420,1,118,0
2156,183,2,2352,0,208,0
2157,183,4,5175,1,175,0
2158,183,2,2238,0,210,0
2159,183,4,5246,1,162,0
2160,183,4,5312,1,155,0
2161,183,4,5485,1,132,0
2162,183,4,5711,1,51,0
2163,183,3,3431,0,173,0
2164,183,4,5248,1,147,0
2165,183,4,5366,1,127,0
2166,183,4,4881,1,220,0
2167,183,4,5236,1,168,0
2168,183,4,5134,1,179,0
2169,184,4,5072,1,205,0
2170,184,4,4562,1,299,0
2171,184,4,4689,1,293,0
2172,184,2,2294,0,284,0
2173,184,4,5658,1,64,0
2174,184,4,4235,1,364,0
2175,184,4,4527,1,294,0
2176,184,4,5337,1,170,0
2177,184,4,4734,1,264,0
2178,184,4,4946,1,220,0
2179,184,2,2059,0,419,0
2180,184,4,5365,1,125,0
2181,185,4,4785,1,268,0
2182,185,4,5064,1,204,0
2183,185,4,4375,1,365,0
2184,185,4,4506,1,289,0
2185,185,4,5090,1,219,0
2186,185,4,5055,1,238,0
2187,185,4,5018,1,268,0
2188,185,4,5171,1,185,0
2189,185,4,5200,1,196,0
2190,185,4,5249,1,185,0
2191,185,4,5386,1,122,0
2192,185,3,3283,0,193,0
2193,185,4,5211,1,168,0
2194,185,4,5030,1,219,0
2195,186,2,2314,0,210,0
2196,186,4,5538,1,89,0
2197,186,1,1247,0,201,0
2198,186,4,5332,1,138,0
2199,186,4,5118,1,199,0
2200,186,0,0,0,101,1
2201,186,4,4925,1,287,0
2202,186,4,5401,1,131,0
2203,186,4,5547,1,87,0
2204,186,2,2428,0,164,0
2205,186,4,5135,1,193,0
2206,186,4,5507,1,95,0
2207,186,3,3304,0,151,0
2208,186,4,5323,1,136,0
2209,186,4,5263,1,166,0
2210,186,4,5067,1,253,0
2211,186,4,5055,1,211,0
2212,186,4,5460,1,121,0
2213,186,4,5233,1,190,0
2214,186,4,5582,1,79,0
2215,187,4,5445,1,110,0
2216,187,4,5196,1,186,0
2217,187,4,5320,1,143,0
2218,187,4,5532,1,100,0
2219,187,3,3409,0,214,0
2220,187,2,2358,0,151,0
2221,187,4,5536,1,103,0
2222,187,4,5402,1,130,0
2223,187,4,5506,1,107,0
2224,187,4,5155,1,213,0
2225,187,4,5464,1,108,0
2226,187,4,5090,1,206,0
2227,187,4,5347,1,143,0
2228,187,4,5467,1,118,0
2229,187,4,5154,1,208,0
2230,187,4,5144,1,187,0
2231,187,4,5080,1,226,0
2232,187,4,4910,1,267,0
2233,187,4,5319,1,161,0
2234,188,4,5262,1,172,0
2235,188,1,1357,0,306,0
2236,188,4,5354,1,153,0
2237,188,4,5234,1,144,0
2238,188,3,3061,0,475,0
2239,188,4,5452,1,115,0
2240,188,2,2405,0,216,0
2241,188,4,5379,1,121,0
2242,188,4,5255,1,170,0
2243,188,4,5298,1,161,0
2244,188,4,5442,1,116,0
2245,188,4,5431,1,121,0
2246,188,4,5376,1,130,0
2247,188,2,2297,0,213,0
2248,188,3,3232,0,239,0
2249,188,4,5563,1,82,0
2250,188,4,5093,1,205,0
2251,189,2,2181,0,435,0
2252,189,4,5402,1,114,0
2253,189,4,5396,1,134,0
2254,189,4,5191,1,203,0
2255,189,4,5450,1,112,0
2256,189,4,5335,1,155,0
2257,189,4,5222,1,185,0
2258,189,4,5113,1,195,0
2259,189,4,5517,1,97,0
2260,189,2,2436,0,163,0
2261,189,4,5491,1,105,0
2262,189,4,5520,1,89,0
2263,189,4,5471,1,111,0
2264,189,4,5460,1,109,0
2265,189,4,5081,1,198,0
2266,189,4,5560,1,83,0
2267,189,4,5212,1,153,0
2268,189,4,5326,1,150,0
2269,189,4,5071,1,243,0
2270,189,2,2112,0,259,0
2271,190,4,5306,1,140,0
2272,190,4,5418,1,120,0
2273,190,4,5185,1,191,0
2274,190,2,2400,0,168,0
2275,190,4,5363,1,134,0
2276,190,4,5447,1,121,0
2277,190,4,5501,1,118,0
2278,190,4,5548,1,88,0
2279,190,4,5426,1,121,0
2280,190,4,4990,1,233,0
2281,190,2,2408,0,183,0
2282,190,4,5269,1,152,0
2283,190,4,4969,1,219,0
2284,190,2,2267,0,185,0
2285,190,4,5379,1,150,0
2286,190,4,5511,1,107,0
2287,190,4,5472,1,101,0
2288,190,4,5125,1,179,0
2289,190,4,5116,1,185,0
2290,190,4,5221,1,196,0
2291,190,4,5370,1,142,0
2292,191,4,5157,1,201,0
2293,191,4,5291,1,138,0
2294,191,4,5258,1,173,0
2295,191,4,5544,1,88,0
2296,191,4,5328,1,160,0
2297,191,4,4989,1,223,0
2298,191,4,4911,1,247,0
2299,191,4,5551,1,97,0
2300,191,0,0,0,101,1
2301,191,4,5450,1,109,0
2302,191,4,5456,1,108,0
2303,191,4,5612,1,79,0
2304,191,4,5346,1,153,0
2305,191,4,5393,1,144,0
2306,191,4,5342,1,129,0
2307,191,4,5381,1,131,0
2308,191,4,5446,1,111,0
2309,191,4,5361,1,133,0
2310,191,4,5615,1,72,0
2311,191,4,5096,1,208,0
2312,191,4,5644,1,69,0
2313,191,4,5405,1,123,0
2314,192,2,2228,0,261,0
2315,192,4,5553,1,101,0
2316,192,4,4880,1,258,0
2317,192,4,5476,1,95,0
2318,192,4,5408,1,116,0
2319,192,4,5159,1,204,0
2320,192,4,5418,1,120,0
2321,192,4,5503,1,97,0
2322,192,4,5448,1,118,0
2323,192,2,2349,0,215,0
2324,192,4,5347,1,144,0
2325,192,4,5256,1,162,0
2326,192,4,5293,1,157,0
2327,192,4,5390,1,130,0
2328,192,2,2401,0,195,0
2329,192,4,5017,1,254,0
2330,192,3,3203,0,186,0
2331,192,2,2220,0,195,0
2332,192,4,5522,1,120,0
2333,192,4,5280,1,157,0
2334,193,4,4984,1,247,0
2335,193,2,2256,0,182,0
2336,193,4,5346,1,146,0
2337,193,4,5185,1,176,0
2338,193,4,5213,1,189,0
2339,193,4,5545,1,84,0
2340,193,4,5262,1,163,0
2341,193,4,5388,1,120,0
2342,193,4,4963,1,246,0
2343,193,4,5388,1,125,0
2344,193,1,1084,0,203,0
2345,193,4,5311,1,155,0
2346,193,4,5278,1,163,0
2347,193,4,5117,1,183,0
2348,193,4,5298,1,141,0
2349,193,4,5026,1,218,0
2350,193,4,5450,1,113,0
2351,193,4,5230,1,176,0
2352,193,4,5627,1,70,0
2353,194,4,5598,1,77,0
2354,194,4,5377,1,137,0
2355,194,4,5454,1,124,0
2356,194,4,5535,1,86,0
2357,194,4,5613,1,78,0
2358,194,4,5469,1,104,0
2359,194,4,5262,1,155,0
2360,194,4,5221,1,159,0
2361,194,4,5491,1,102,0
2362,194,4,5295,1,163,0
2363,194,4,5353,1,143,0
2364,194,2,2333,0,176,0
2365,194,4,5374,1,139,0
2366,194,4,4877,1,259,0
2367,194,4,5438,1,135,0
2368,194,4,5372,1,150,0
2369,194,4,5188,1,177,0
2370,194,2,2439,0,144,0
2371,194,4,5388,1,132,0
2372,194,4,5292,1,172,0
2373,194,2,2336,0,241,0
2374,195,4,5342,1,122,0
2375,195,4,5420,1,122,0
2376,195,4,5129,1,208,0
2377,195,2,2357,0,173,0
2378,195,4,5213,1,218,0
2379,195,4,5489,1,93,0
2380,195,4,5650,1,69,0
2381,195,4,5374,1,127,0
2382,195,3,3412,0,177,0
2383,195,4,5409,1,134,0
2384,195,4,5396,1,135,0
2385,195,4,5140,1,196,0
2386,195,4,5037,1,235,0
2387,195,4,5457,1,119,0
2388,195,4,5476,1,102,0
2389,195,4,4912,1,249,0
2390,195,4,5375,1,130,0
2391,195,4,5559,1,93,0
2392,195,4,5305,1,148,0
2393,195,4,5538,1,101,0
2394,195,4,4918,1,246,0
2395,196,4,5192,1,172,0
2396,196,4,5116,1,191,0
2397,196,4,5252,1,156,0
2398,196,3,3301,0,188,0
2399,196,4,5411,1,142,0
2400,196,0,0,0,101,1
2401,196,4,5131,1,186,0
2402,196,4,4901,1,256,0
2403,196,4,5216,1,167,0
2404,196,4,5051,1,220,0
2405,196,4,5441,1,110,0
2406,196,4,5470,1,119,0
2407,196,4,5465,1,100,0
2408,196,4,5066,1,240,0
2409,196,2,2238,0,181,0
2410,196,4,5289,1,143,0
2411,196,4,5465,1,123,0
2412,196,2,2304,0,244,0
2413,197,2,2223,0,257,0
2414,197,4,4927,1,229,0
2415,197,4,5434,1,111,0
2416,197,4,5303,1,139,0
2417,197,4,5378,1,135,0
2418,197,4,5431,1,111,0
2419,197,4,5315,1,135,0
2420,197,4,4820,1,271,0
2421,197,4,5203,1,193,0
2422,197,3,3402,0,188,0
2423,197,4,5422,1,125,0
2424,197,4,5481,1,108,0
2425,197,4,5156,1,194,0
2426,197,4,5294,1,171,0
2427,197,4,5467,1,107,0
2428,197,4,5414,1,135,0
2429,197,4,5560,1,88,0
2430,197,4,5376,1,134,0
2431,197,4,5204,1,174,0
2432,197,4,5273,1,154,0
2433,198,4,4649,1,330,0
2434,198,4,5404,1,148,0
2435,198,4,5317,1,156,0
2436,198,4,5464,1,108,0
2437,198,2,2444,0,154,0
2438,198,4,5330,1,174,0
2439,198,2,2166,0,197,0
2440,198,4,5271,1,151,0
2441,198,4,5489,1,111,0
2442,198,1,1271,0,156,0
2443,198,2,2397,0,185,0
2444,198,2,2378,0,153,0
2445,198,4,5338,1,140,0
2446,198,4,5267,1,171,0
2447,198,4,5393,1,136,0
2448,198,4,5255,1,160,0
2449,198,4,5010,1,216,0
2450,198,4,5388,1,122,0
2451,198,4,5418,1,134,0
2452,199,2,2358,0,173,0
2453,199,4,5162,1,191,0
2454,199,4,5062,1,205,0
2455,199,4,5284,1,163,0
2456,199,4,5528,1,95,0
2457,199,4,5118,1,195,0
2458,199,4,5207,1,179,0
2459,199,4,5495,1,94,0
2460,199,1,1274,0,166,0
2461,199,4,5254,1,147,0
2462,199,4,5354,1,150,0
2463,199,4,5604,1,72,0
2464,199,4,5459,1,116,0
2465,199,2,2322,0,232,0
2466,199,2,2346,0,168,0
2467,199,4,5230,1,178,0
2468,199,4,5402,1,126,0
2469,199,4,5582,1,81,0
2470,199,4,5066,1,195,0
2471,199,2,2263,0,216,0
2472,199,4,5275,1,180,0
2473,200,4,5550,1,85,0
2474,200,4,5208,1,181,0
2475,200,4,5457,1,122,0
2476,200,4,5421,1,133,0
2477,200,4,5247,1,144,0
2478,200,4,5281,1,148,0
2479,200,4,5269,1,181,0
2480,200,4,5401,1,124,0
2481,200,4,5344,1,153,0
2482,200,4,5388,1,140,0
2483,200,4,5412,1,134,0
2484,200,4,5170,1,179,0
2485,200,4,5289,1,147,0
2486,200,3,3478,0,150,0
2487,200,4,5056,1,217,0
2488,200,4,5278,1,140,0
2489,200,4,5599,1,72,0
2490,200,4,5247,1,171,0
2491,200,4,5402,1,121,0
2492,200,4,5055,1,227,0
2493,201,4,5225,1,199,0
2494,201,4,5064,1,216,0
2495,201,4,5507,1,101,0
2496,201,4,5432,1,123,0
2497,201,4,5453,1,106,0
2498,201,4,5021,1,240,0
2499,201,4,5452,1,127,0
2500,201,0,0,0,101,1
2501,201,2,2369,0,205,0
2502,201,4,5368,1,135,0
2503,201,4,5382,1,131,0
2504,201,2,2272,0,183,0
2505,201,4,5463,1,108,0
2506,201,4,5394,1,138,0
2507,201,4,5403,1,124,0
2508,201,2,2145,0,298,0
2509,201,2,2331,0,217,0
2510,201,2,2241,0,180,0
2511,201,4,5104,1,239,0
2512,202,4,5360,1,134,0
2513,202,4,5254,1,162,0
2514,202,0,270,0,187,0
2515,202,1,1152,0,176,0
2516,202,4,5456,1,109,0
2517,202,2,2092,0,165,0
2518,202,2,2343,0,556,0
2519,202,4,5402,1,125,0
2520,202,4,5510,1,95,0
2521,202,0,94,0,132,0
2522,202,4,5258,1,180,0
2523,202,4,5468,1,126,0
2524,202,4,5588,1,81,0
2525,202,4,5148,1,205,0
2526,202,4,5200,1,193,0
2527,202,4,5275,1,157,0
2528,202,4,5556,1,85,0
2529,202,4,5611,1,76,0
2530,202,4,5121,1,224,0
2531,203,4,5138,1,202,0
2532,203,4,4858,1,322,0
2533,203,4,5381,1,122,0
2534,203,4,5229,1,182,0
2535,203,4,5534,1,89,0
2536,203,4,5493,1,118,0
2537,203,2,2323,0,223,0
2538,203,4,5297,1,178,0
2539,203,4,5444,1,116,0
2540,203,4,5051,1,211,0
2541,203,4,5233,1,171,0
2542,203,4,5508,1,128,0
2543,203,4,5403,1,127,0
2544,203,4,5237,1,158,0
2545,203,4,4809,1,305,0
2546,203,4,5266,1,146,0
2547,203,4,5024,1,280,0
2548,204,3,3410,0,285,0
2549,204,4,5233,1,168,0
2550,204,4,4967,1,244,0
2551,204,4,5500,1,97,0
2552,204,4,5345,1,142,0
2553,204,0,94,0,125,0
2554,204,4,5409,1,125,0
2555,204,4,5181,1,166,0
2556,204,4,5580,1,79,0
2557,204,4,4918,1,256,0
2558,204,4,5596,1,74,0
2559,204,4,5393,1,151,0
2560,204,4,5284,1,163,0
2561,204,4,5231,1,177,0
2562,204,4,5426,1,134,0
2563,204,4,5371,1,141,0
2564,204,4,5685,1,55,0
2565,204,4,5440,1,113,0
2566,204,4,5424,1,130,0
2567,204,4,5561,1,96,0
2568,204,4,5439,1,138,0
2569,204,4,5480,1,115,0
2570,204,4,5610,1,74,0
2571,205,4,5176,1,164,0
2572,205,4,5424,1,130,0
2573,205,4,5373,1,122,0
2574,205,4,5437,1,107,0
2575,205,4,5539,1,92,0
2576,205,2,2349,0,143,0
2577,205,3,3448,0,169,0
2578,205,4,5527,1,106,0
2579,205,4,5479,1,116,0
2580,205,4,5497,1,113,0
2581,205,4,5673,1,59,0
2582,205,4,5344,1,140,0
2583,205,2,2407,0,163,0
2584,205,4,5628,1,71,0
2585,205,4,5388,1,146,0
2586,205,4,5621,1,76,0
2587,205,4,5400,1,124,0
2588,205,4,5537,1,98,0
2589,205,4,5635,1,68,0
2590,205,4,5667,1,62,0
2591,205,2,2422,0,166,0
2592,205,4,5568,1,79,0
2593,205,4,5519,1,88,0
2594,205,4,5559,1,94,0
2595,205,4,5556,1,85,0
2596,205,4,5512,1,96,0
2597,205,4,5322,1,156,0
2598,205,4,5417,1,117,0
2599,205,4,5567,1,87,0
2600,206,0,0,0,101,1
2601,206,4,5486,1,120,0
2602,206,4,5528,1,104,0
2603,206,4,5336,1,166,0
2604,206,4,5532,1,102,0
2605,206,4,5596,1,76,0
2606,206,4,5330,1,148,0
2607,206,4,5445,1,116,0
2608,206,4,5437,1,140,0
2609,206,2,2509,0,187,0
2610,206,4,5492,1,109,0
2611,206,4,5200,1,217,0
2612,206,4,5460,1,116,0
2613,206,2,2309,0,163,0
2614,206,4,5528,1,96,0
2615,206,4,5507,1,98,0
2616,206,4,5460,1,114,0
2617,206,4,5228,1,190,0
2618,206,4,5389,1,147,0
2619,206,4,5472,1,106,0
2620,206,4,5553,1,86,0
2621,206,4,5449,1,107,0
2622,206,4,5381,1,116,0
2623,206,4,5362,1,134,0
2624,206,2,2385,0,157,0
2625,207,4,5358,1,141,0
2626,207,2,2342,0,210,0
2627,207,4,5294,1,167,0
2628,207,4,5500,1,94,0
2629,207,4,5232,1,207,0
2630,207,4,5652,1,66,0
2631,207,4,5555,1,83,0
2632,207,4,5463,1,109,0
2633,207,1,1190,0,267,0
2634,207,2,2248,0,152,0
2635,207,4,5539,1,87,0
2636,207,4,5264,1,188,0
2637,207,2,2393,0,179,0
2638,207,4,5548,1,89,0
2639,207,4,5395,1,112,0
2640,207,4,5419,1,129,0
2641,207,4,5520,1,110,0
2642,207,4,5630,1,75,0
2643,207,1,1137,0,137,0
2644,207,4,5416,1,112,0
2645,207,4,5266,1,179,0
2646,207,4,5298,1,162,0
2647,207,4,5515,1,93,0
2648,208,1,1190,0,190,0
2649,208,4,5272,1,165,0
2650,208,4,5440,1,112,0
2651,208,4,5209,1,171,0
2652,208,4,5158,1,203,0
2653,208,4,5570,1,89,0
2654,208,4,4788,1,279,0
2655,208,4,5112,1,193,0
2656,208,4,5113,1,201,0
2657,208,4,5645,1,67,0
2658,208,4,5157,1,195,0
2659,208,2,2344,0,183,0
2660,208,4,5125,1,193,0
2661,208,2,2327,0,173,0
2662,208,2,2375,0,217,0
2663,208,4,5274,1,153,0
2664,208,4,5327,1,137,0
2665,208,4,4965,1,300,0
2666,209,4,4989,1,250,0
2667,209,4,5365,1,137,0
2668,209,4,4330,1,466,0
2669,209,4,5147,1,173,0
2670,209,4,5261,1,154,0
2671,209,4,5145,1,203,0
2672,209,4,4800,1,265,0
2673,209,4,5069,1,198,0
2674,209,4,5084,1,221,0
2675,209,3,3475,0,165,0
2676,209,4,5302,1,150,0
2677,209,4,5242,1,188,0
2678,209,4,5333,1,140,0
2679,209,2,2475,0,172,0
2680,209,4,5419,1,119,0
2681,209,4,5356,1,128,0
2682,210,4,5347,1,141,0
2683,210,2,2263,0,243,0
2684,210,4,5328,1,133,0
2685,210,4,5292,1,149,0
2686,210,4,5391,1,135,0
2687,210,4,5501,1,113,0
2688,210,4,5361,1,130,0
2689,210,4,5358,1,129,0
2690,210,4,5392,1,121,0
2691,210,4,5170,1,189,0
2692,210,4,5579,1,83,0
2693,210,4,4832,1,276,0
2694,210,4,5307,1,145,0
2695,210,4,5069,1,223,0
2696,210,3,3422,0,175,0
2697,210,4,5407,1,118,0
2698,210,4,5028,1,210,0
2699,210,4,5206,1,187,0
2700,210,0,0,0,101,1
2701,210,4,5302,1,161,0
2702,210,4,5330,1,157,0
2703,211,4,5298,1,155,0
2704,211,4,5639,1,67,0
2705,211,4,5442,1,114,0
2706,211,2,2435,0,173,0
2707,211,4,5399,1,135,0
2708,211,4,5097,1,203,0
2709,211,4,5546,1,90,0
2710,211,4,5501,1,115,0
2711,211,4,5157,1,214,0
2712,211,4,5156,1,181,0
2713,211,4,5576,1,88,0
2714,211,1,1328,0,374,0
2715,211,4,5415,1,122,0
2716,211,4,5461,1,108,0
2717,211,4,5190,1,179,0
2718,211,4,4881,1,260,0
2719,211,4,5368,1,135,0
2720,211,4,4777,1,299,0
2721,211,4,5432,1,115,0
2722,212,4,4880,1,261,0
2723,212,4,5462,1,144,0
2724,212,4,5052,1,212,0
2725,212,4,5573,1,87,0
2726,212,4,5355,1,153,0
2727,212,4,5477,1,120,0
2728,212,4,5149,1,205,0
2729,212,0,98,0,353,0
2730,212,4,5420,1,114,0
2731,212,4,5203,1,209,0
2732,212,4,5438,1,109,0
2733,212,4,5146,1,177,0
2734,212,4,5351,1,133,0
2735,212,4,5270,1,172,0
2736,212,4,5131,1,206,0
2737,212,4,5284,1,148,0
2738,212,4,5242,1,168,0
2739,212,4,5470,1,97,0
2740,212,4,5435,1,120,0
2741,213,4,5460,1,112,0
2742,213,4,5412,1,133,0
2743,213,4,5247,1,161,0
2744,213,4,5426,1,119,0
2745,213,4,5436,1,120,0
2746,213,4,5214,1,183,0
2747,213,4,4887,1,256,0
2748,213,4,5514,1,110,0
2749,213,4,5171,1,196,0
2750,213,4,5241,1,164,0
2751,213,4,5431,1,113,0
2752,213,4,5378,1,139,0
2753,213,2,2387,0,161,0
2754,213,4,5387,1,128,0
2755,213,4,5378,1,138,0
2756,213,4,5398,1,136,0
2757,213,4,5205,1,175,0
2758,213,4,5198,1,190,0
2759,213,4,5052,1,195,0
2760,213,4,5244,1,161,0
2761,214,4,5223,1,173,0
2762,214,4,5377,1,143,0
2763,214,4,5360,1,146,0
2764,214,4,5516,1,102,0
2765,214,4,5271,1,156,0
2766,214,4,5351,1,143,0
2767,214,4,5397,1,134,0
2768,214,2,2302,0,181,0
2769,214,4,5341,1,138,0
2770,214,2,2321,0,307,0
2771,214,4,5569,1,87,0
2772,214,4,5143,1,196,0
2773,214,4,5519,1,118,0
2774,214,4,5608,1,74,0
2775,214,4,4979,1,236,0
2776,214,4,5571,1,79,0
2777,214,4,5306,1,138,0
2778,214,4,5276,1,150,0
2779,214,4,5195,1,173,0
2780,214,1,1067,0,165,0
2781,214,4,5187,1,170,0
2782,214,4,5505,1,99,0
2783,215,3,3505,0,182,0
2784,215,2,2307,0,156,0
2785,215,4,5512,1,94,0
2786,215,1,1386,0,244,0
2787,215,4,5134,1,175,0
2788,215,4,5286,1,156,0
2789,215,4,5411,1,150,0
2790,215,4,5413,1,119,0
2791,215,3,3458,0,221,0
2792,215,2,2204,0,410,0
2793,215,4,5559,1,89,0
2794,215,4,5160,1,161,0
2795,215,4,5511,1,102,0
2796,215,4,5500,1,98,0
2797,215,4,5448,1,114,0
2798,215,4,5565,1,82,0
2799,215,4,5470,1,113,0
2800,215,0,0,0,101,1
2801,215,4,5358,1,154,0
2802,215,4,5346,1,130,0
2803,216,3,3443,0,206,0
2804,216,4,5133,1,191,0
2805,216,4,5633,1,69,0
2806,216,0,99,0,171,0
2807,216,4,5425,1,128,0
2808,216,4,5607,1,73,0
2809,216,4,5168,1,208,0
2810,216,4,4139,1,454,0
2811,216,4,5487,1,114,0
2812,216,4,5340,1,159,0
2813,216,4,5438,1,114,0
2814,216,4,5136,1,186,0
2815,216,4,5373,1,138,0
2816,216,4,5443,1,125,0
2817,216,4,4723,1,376,0
2818,216,4,5081,1,187,0
2819,216,4,5015,1,253,0
2820,217,4,4243,1,562,0
2821,217,4,5091,1,198,0
2822,217,4,5390,1,125,0
2823,217,2,2351,0,195,0
2824,217,4,5172,1,207,0
2825,217,4,5228,1,160,0
2826,217,2,2313,0,252,0
2827,217,4,5353,1,131,0
2828,217,4,5255,1,158,0
2829,217,4,5368,1,132,0
2830,217,4,5248,1,160,0
2831,217,4,4875,1,267,0
2832,217,4,5264,1,145,0
2833,217,4,5423,1,148,0
2834,217,4,5367,1,129,0
2835,217,4,5652,1,70,0
2836,217,4,5346,1,145,0
2837,217,4,5414,1,116,0
2838,218,4,5227,1,170,0
2839,218,4,5543,1,95,0
2840,218,2,2312,0,201,0
2841,218,2,2206,0,359,0
2842,218,4,5348,1,144,0
2843,218,4,5506,1,100,0
2844,218,2,2501,0,231,0
2845,218,3,3380,0,245,0
2846,218,4,5262,1,163,0
2847,218,4,5391,1,152,0
2848,218,4,4747,1,299,0
2849,218,4,5452,1,126,0
2850,218,4,5392,1,115,0
2851,218,4,5476,1,100,0
2852,218,4,5372,1,131,0
2853,218,4,5481,1,115,0
2854,218,4,5358,1,157,0
2855,218,4,5475,1,99,0
2856,218,4,5315,1,162,0
2857,218,4,5513,1,92,0
2858,219,4,5442,1,114,0
2859,219,4,5519,1,100,0
2860,219,4,5529,1,92,0
2861,219,4,5482,1,104,0
2862,219,4,5432,1,120,0
2863,219,4,5524,1,100,0
2864,219,2,2348,0,168,0
2865,219,4,5455,1,107,0
2866,219,4,5261,1,153,0
2867,219,4,5581,1,83,0
2868,219,4,5588,1,85,0
2869,219,4,5143,1,208,0
2870,219,4,5176,1,162,0
2871,219,4,5660,1,69,0
2872,219,3,3302,0,365,0
2873,219,2,2357,0,280,0
2874,219,4,5418,1,129,0
2875,219,4,5560,1,95,0
2876,219,4,5357,1,148,0
2877,219,3,3474,0,167,0
2878,219,2,2444,0,178,0
2879,220,4,4968,1,276,0
2880,220,4,5556,1,85,0
2881,220,4,5447,1,123,0
2882,220,4,5409,1,145,0
2883,220,4,5457,1,106,0
2884,220,4,5478,1,117,0
2885,220,4,5625,1,73,0
2886,220,4,5371,1,138,0
2887,220,4,5303,1,160,0
2888,220,4,5592,1,71,0
2889,220,4,5194,1,164,0
2890,220,4,5406,1,135,0
2891,220,3,3506,0,174,0
2892,220,4,5259,1,159,0
2893,220,4,5408,1,125,0
2894,220,4,5692,1,56,0
2895,220,2,2459,0,147,0
2896,220,2,2465,0,151,0
2897,220,2,2378,0,157,0
2898,220,4,5325,1,138,0
2899,220,4,5521,1,95,0
2900,220,0,0,0,101,1
2901,220,4,5248,1,193,0
2902,220,4,5593,1,80,0
2903,220,4,5444,1,123,0
2904,220,4,5515,1,100,0
2905,221,4,5643,1,72,0
2906,221,4,5532,1,98,0
2907,221,3,3647,0,240,0
2908,221,4,5432,1,132,0
2909,221,4,5565,1,86,0
2910,221,3,3408,0,175,0
2911,221,4,5437,1,131,0
2912,221,3,3563,0,235,0
2913,221,4,5562,1,85,0
2914,221,4,5537,1,96,0
2915,221,4,5526,1,99,0
2916,221,4,5437,1,118,0
2917,221,4,5386,1,128,0
2918,221,4,5617,1,70,0
2919,221,4,5255,1,177,0
2920,221,2,2542,0,204,0
2921,221,4,5481,1,101,0
2922,221,4,5194,1,163,0
2923,221,2,2551,0,173,0
2924,221,4,5284,1,134,0
2925,221,4,5485,1,121,0
2926,221,4,5499,1,91,0
2927,221,4,5522,1,120,0
2928,221,4,5473,1,110,0
2929,222,4,5510,1,86,0
2930,222,4,5471,1,105,0
2931,222,4,5323,1,160,0
2932,222,3,3504,0,177,0
2933,222,2,2425,0,182,0
2934,222,4,5390,1,165,0
2935,222,4,5383,1,152,0
2936,222,4,5513,1,112,0
2937,222,4,5497,1,92,0
2938,222,4,5564,1,85,0
2939,222,4,5418,1,142,0
2940,222,4,5541,1,105,0
2941,222,4,5476,1,127,0
2942,222,4,5463,1,145,0
2943,222,4,5579,1,89,0
2944,222,4,5583,1,90,0
2945,222,4,5413,1,126,0
2946,222,4,5334,1,133,0
2947,222,4,5537,1,83,0
2948,222,4,5614,1,76,0
2949,222,4,5537,1,90,0
2950,222,2,2377,0,172,0
2951,222,4,5668,1,64,0
2952,222,4,5131,1,169,0
2953,222,4,5382,1,117,0
2954,223,4,5155,1,197,0
2955,223,3,3416,0,172,0
2956,223,4,5277,1,161,0
2957,223,4,5493,1,98,0
2958,223,4,5585,1,90,0
2959,223,4,5361,1,159,0
2960,223,2,2315,0,155,0
2961,223,4,5512,1,104,0
2962,223,4,5601,1,78,0
2963,223,4,5535,1,84,0
2964,223,4,5312,1,136,0
2965,223,4,5338,1,140,0
2966,223,4,5299,1,158,0
2967,223,4,5426,1,141,0
2968,223,2,2395,0,188,0
2969,223,4,5370,1,128,0
2970,223,4,5595,1,76,0
2971,223,2,2430,0,209,0
2972,223,4,5653,1,65,0
2973,223,4,5413,1,130,0
2974,223,4,5535,1,92,0
2975,223,4,5612,1,72,0
2976,223,4,5393,1,136,0
2977,223,4,5247,1,146,0
2978,223,4,5642,1,71,0
2979,223,4,5666,1,61,0
2980,224,4,5454,1,121,0
2981,224,4,5656,1,63,0
2982,224,2,2427,0,159,0
2983,224,4,5313,1,189,0
2984,224,4,5334,1,130,0
2985,224,4,5624,1,75,0
2986,224,4,5463,1,105,0
2987,224,4,5637,1,70,0
2988,224,4,5496,1,90,0
2989,224,3,3486,0,173,0
2990,224,4,5511,1,99,0
2991,224,4,5692,1,55,0
2992,224,4,5479,1,103,0
2993,224,2,2228,0,209,0
2994,224,4,5538,1,102,0
2995,224,4,4633,1,300,0
2996,224,2,2343,0,257,0
2997,224,4,5583,1,86,0
2998,224,4,5533,1,105,0
2999,224,4,5439,1,134,0
3000,224,0,0,0,101,1
3001,224,4,5224,1,187,0
3002,224,4,5409,1,142,0
3003,225,4,5192,1,162,0
3004,225,4,5312,1,142,0
3005,225,4,5302,1,166,0
3006,225,4,5300,1,156,0
3007,225,2,2299,0,201,0
3008,225,4,5537,1,97,0
3009,225,4,5567,1,85,0
3010,225,2,2441,0,151,0
3011,225,4,5357,1,157,0
3012,225,4,5483,1,114,0
3013,225,4,5615,1,70,0
3014,225,2,2437,0,160,0
3015,225,2,2321,0,146,0
3016,225,4,5566,1,92,0
3017,225,4,5386,1,138,0
3018,225,4,5104,1,175,0
3019,225,4,5335,1,138,0
3020,225,4,5500,1,104,0
3021,225,4,5575,1,86,0
3022,225,4,5577,1,91,0
3023,225,4,5491,1,94,0
3024,225,4,4660,1,268,0
3025,225,2,2457,0,170,0
3026,226,2,2426,0,203,0
3027,226,4,5328,1,152,0
3028,226,4,5436,1,122,0
3029,226,4,5088,1,245,0
3030,226,4,5623,1,69,0
3031,226,4,5559,1,87,0
3032,226,4,5361,1,155,0
3033,226,4,5507,1,102,0
3034,226,4,5403,1,140,0
3035,226,4,5638,1,72,0
3036,226,2,2444,0,141,0
3037,226,4,5476,1,100,0
3038,226,4,5650,1,70,0
3039,226,4,5651,1,70,0
3040,226,4,5561,1,103,0
3041,226,4,5156,1,226,0
3042,226,4,5506,1,98,0
3043,226,4,5545,1,87,0
3044,226,4,5624,1,73,0
3045,226,4,5566,1,80,0
3046,226,4,5083,1,260,0
3047,226,2,2400,0,167,0
3048,226,2,2252,0,211,0
3049,227,4,5473,1,97,0
3050,227,3,3504,0,162,0
3051,227,4,5485,1,106,0
3052,227,4,5578,1,93,0
3053,227,4,5475,1,122,0
3054,227,4,5561,1,94,0
3055,227,4,5426,1,134,0
3056,227,4,5490,1,108,0
3057,227,0,283,0,364,0
3058,227,4,5615,1,84,0
3059,227,4,5535,1,89,0
3060,227,4,5361,1,146,0
3061,227,4,5350,1,131,0
3062,227,4,5628,1,76,0
3063,227,4,5245,1,155,0
3064,227,4,5494,1,101,0
3065,227,2,2366,0,167,0
3066,227,4,5169,1,211,0
3067,227,0,276,0,144,0
3068,227,4,5095,1,275,0
3069,227,4,5492,1,105,0
3070,227,4,5692,1,55,0
3071,227,4,5429,1,135,0
3072,228,4,5405,1,153,0
3073,228,2,2248,0,194,0
3074,228,4,5277,1,157,0
3075,228,4,5360,1,139,0
3076,228,4,5463,1,124,0
3077,228,4,5533,1,98,0
3078,228,4,4980,1,249,0
3079,228,4,5479,1,113,0
3080,228,4,5497,1,102,0
3081,228,4,5031,1,253,0
3082,228,1,1287,0,212,0
3083,228,4,5491,1,107,0
3084,228,4,5505,1,99,0
3085,228,4,5203,1,188,0
3086,228,4,5493,1,110,0
3087,228,4,5392,1,148,0
3088,228,4,5321,1,134,0
3089,228,4,5384,1,119,0
3090,228,3,3501,0,196,0
3091,228,4,5518,1,87,0
3092,228,4,5471,1,117,0
3093,228,4,5670,1,64,0
3094,229,4,5635,1,73,0
3095,229,4,5263,1,142,0
3096,229,2,2393,0,163,0
3097,229,4,5268,1,139,0
3098,229,4,5533,1,81,0
3099,229,3,3546,0,180,0
3100,229,0,0,0,101,1
3101,229,4,5498,1,105,0
3102,229,2,2421,0,164,0
3103,229,4,5581,1,82,0
3104,229,4,5570,1,95,0
3105,229,4,5482,1,111,0
3106,229,4,5581,1,79,0
3107,229,4,5339,1,149,0
3108,229,2,2246,0,177,0
3109,229,4,5442,1,117,0
3110,229,4,5568,1,94,0
3111,229,4,5585,1,85,0
3112,229,4,5303,1,153,0
3113,229,4,5342,1,169,0
3114,229,4,5340,1,123,0
3115,229,2,2358,0,152,0
3116,229,4,5542,1,89,0
3117,229,3,3582,0,166,0
3118,230,4,5053,1,258,0
3119,230,4,5485,1,110,0
3120,230,4,5375,1,147,0
3121,230,4,5579,1,82,0
3122,230,4,5604,1,76,0
3123,230,4,5543,1,93,0
3124,230,4,5618,1,68,0
3125,230,4,4979,1,279,0
3126,230,4,5525,1,112,0
3127,230,4,5477,1,112,0
3128,230,4,5483,1,112,0
3129,230,4,5300,1,134,0
3130,230,4,4918,1,221,0
3131,230,4,5635,1,68,0
3132,230,4,5457,1,124,0
3133,230,3,3506,0,167,0
3134,230,4,5525,1,95,0
3135,230,2,2329,0,183,0
3136,230,4,5436,1,129,0
3137,230,4,5545,1,91,0
3138,230,4,5447,1,128,0
3139,230,4,5622,1,73,0
3140,230,4,5434,1,125,0
3141,230,4,5479,1,119,0
3142,230,4,5515,1,100,0
3143,230,4,5368,1,144,0
3144,231,4,5359,1,170,0
3145,231,4,5118,1,177,0
3146,231,4,5379,1,135,0
3147,231,4,5582,1,91,0
3148,231,4,5236,1,191,0
3149,231,4,5550,1,87,0
3150,231,4,5286,1,158,0
3151,231,4,5486,1,116,0
3152,231,4,5141,1,214,0
3153,231,4,5526,1,100,0
3154,231,4,5666,1,64,0
3155,231,4,5574,1,81,0
3156,231,4,5503,1,98,0
3157,231,4,5476,1,108,0
3158,231,4,5328,1,178,0
3159,231,4,4429,1,325,0
3160,231,4,5442,1,125,0
3161,231,4,5461,1,117,0
3162,231,2,2445,0,155,0
3163,231,3,2743,0,336,0
3164,231,4,5411,1,157,0
3165,232,1,1127,0,184,0
3166,232,4,5478,1,103,0
3167,232,3,3597,0,159,0
3168,232,4,5215,1,159,0
3169,232,4,5517,1,91,0
3170,232,4,5313,1,165,0
3171,232,4,5589,1,90,0
3172,232,4,5496,1,105,0
3173,232,4,5520,1,103,0
3174,232,4,5470,1,102,0
3175,232,4,5626,1,74,0
3176,232,4,5420,1,136,0
3177,232,4,5649,1,63,0
3178,232,4,5625,1,70,0
3179,232,4,5606,1,96,0
3180,232,4,4923,1,212,0
3181,232,4,5651,1,68,0
3182,232,2,2496,0,156,0
3183,232,4,5624,1,73,0
3184,232,4,5561,1,80,0
3185,232,3,3270,0,196,0
3186,232,4,5491,1,102,0
3187,232,4,5622,1,75,0
3188,232,2,2437,0,161,0
3189,232,2,2162,0,181,0
3190,232,4,5281,1,171,0
3191,233,4,5293,1,182,0
3192,233,4,5582,1,86,0
3193,233,4,5406,1,107,0
3194,233,4,5432,1,113,0
3195,233,4,5426,1,126,0
3196,233,4,5490,1,103,0
3197,233,4,5590,1,84,0
3198,233,4,5581,1,78,0
3199,233,4,5551,1,98,0
3200,233,0,0,0,101,1
3201,233,4,5603,1,79,0
3202,233,4,5379,1,128,0
3203,233,4,5587,1,87,0
3204,233,4,5323,1,152,0
3205,233,4,5475,1,111,0
3206,233,4,5633,1,69,0
3207,233,4,5413,1,142,0
3208,233,4,5585,1,79,0
3209,233,4,5462,1,101,0
3210,233,4,5522,1,85,0
3211,233,4,5537,1,87,0
3212,233,4,5220,1,179,0
3213,233,4,5441,1,113,0
3214,233,4,5357,1,140,0
3215,233,4,5421,1,137,0
3216,233,4,5564,1,91,0
3217,233,4,5590,1,83,0
3218,233,4,5619,1,69,0
3219,233,0,93,0,139,0
3220,233,4,5473,1,102,0
3221,234,4,4937,1,209,0
3222,234,4,5510,1,111,0
3223,234,4,5505,1,94,0
3224,234,4,4741,1,395,0
3225,234,4,5508,1,103,0
3226,234,4,5145,1,193,0
3227,234,2,2331,0,163,0
3228,234,2,2194,0,160,0
3229,234,4,5525,1,79,0
3230,234,4,5680,1,60,0
3231,234,4,5536,1,104,0
3232,234,4,5159,1,168,0
3233,234,4,5307,1,148,0
3234,234,4,5477,1,125,0
3235,234,4,5565,1,83,0
3236,234,4,5686,1,56,0
3237,234,4,5448,1,115,0
3238,234,4,5637,1,74,0
3239,234,4,5412,1,138,0
3240,234,4,5487,1,98,0
3241,234,4,5532,1,138,0
3242,234,3,3577,0,168,0
3243,234,4,5508,1,110,0
3244,234,4,5662,1,63,0
3245,235,4,5386,1,136,0
3246,235,4,5425,1,168,0
3247,235,2,2371,0,142,0
3248,235,4,5393,1,113,0
3249,235,4,5338,1,140,0
3250,235,4,5332,1,158,0
3251,235,2,2441,0,140,0
3252,235,4,5376,1,133,0
3253,235,4,5331,1,147,0
3254,235,4,5309,1,183,0
3255,235,4,5473,1,125,0
3256,235,4,5299,1,147,0
3257,235,4,5557,1,87,0
3258,235,4,5383,1,172,0
3259,235,4,5494,1,109,0
3260,235,4,5379,1,130,0
3261,235,4,5554,1,93,0
3262,235,4,5440,1,123,0
3263,235,4,5537,1,91,0
3264,235,4,5177,1,179,0
3265,235,4,5481,1,92,0
3266,235,4,5359,1,147,0
3267,235,4,5464,1,110,0
3268,235,4,5546,1,95,0
3269,236,4,5190,1,169,0
3270,236,4,5146,1,245,0
3271,236,4,5372,1,146,0
3272,236,4,4900,1,213,0
3273,236,4,5328,1,154,0
3274,236,4,5523,1,105,0
3275,236,3,3524,0,183,0
3276,236,4,5552,1,94,0
3277,236,3,3376,0,184,0
3278,236,4,5328,1,174,0
3279,236,4,5337,1,166,0
3280,236,4,5277,1,180,0
3281,236,4,5395,1,132,0
3282,236,4,5656,1,61,0
3283,236,4,5618,1,68,0
3284,236,4,5608,1,88,0
3285,236,4,5385,1,152,0
3286,236,4,5424,1,137,0
3287,236,4,5455,1,112,0
3288,236,4,5556,1,82,0
3289,236,4,5245,1,164,0
3290,236,3,3435,0,214,0
3291,236,4,5532,1,82,0
3292,237,4,5188,1,168,0
3293,237,4,5377,1,160,0
3294,237,1,1266,0,202,0
3295,237,4,5446,1,125,0
3296,237,2,2303,0,172,0
3297,237,4,5567,1,80,0
3298,237,4,5498,1,96,0
3299,237,4,5518,1,98,0
3300,237,0,0,0,101,1
3301,237,4,5099,1,209,0
3302,237,4,5204,1,209,0
3303,237,0,94,0,116,0
3304,237,4,5539,1,84,0
3305,237,4,5454,1,109,0
3306,237,4,5272,1,184,0
3307,237,4,5326,1,150,0
3308,237,4,5569,1,92,0
3309,237,4,5528,1,87,0
3310,237,4,5426,1,126,0
3311,237,4,5485,1,123,0
3312,237,4,5303,1,147,0
3313,237,4,5398,1,150,0
3314,237,4,5361,1,142,0
3315,237,4,5448,1,130,0
3316,238,4,5502,1,93,0
3317,238,4,5394,1,127,0
3318,238,4,5356,1,145,0
3319,238,4,5553,1,93,0
3320,238,4,5424,1,136,0
3321,238,4,5552,1,92,0
3322,238,4,5509,1,93,0
3323,238,4,5447,1,126,0
3324,238,4,5355,1,142,0
3325,238,4,5550,1,95,0
3326,238,4,5201,1,183,0
3327,238,4,5606,1,81,0
3328,238,4,5565,1,79,0
3329,238,4,5651,1,65,0
3330,238,4,5651,1,66,0
3331,238,4,5169,1,198,0
3332,238,2,2273,0,183,0
3333,238,4,5313,1,138,0
3334,238,4,5511,1,110,0
3335,238,4,5618,1,79,0
3336,238,4,5550,1,101,0
3337,238,4,5591,1,75,0
3338,238,4,5423,1,136,0
3339,238,4,5468,1,98,0
3340,238,4,5494,1,113,0
3341,238,4,5503,1,108,0
3342,238,4,5421,1,137,0
3343,238,4,5590,1,85,0
3344,239,4,5552,1,90,0
3345,239,3,3569,0,186,0
3346,239,4,5300,1,167,0
3347,239,0,188,0,187,0
3348,239,4,5403,1,142,0
3349,239,4,5558,1,89,0
3350,239,4,5647,1,64,0
3351,239,4,5649,1,66,0
3352,239,2,2494,0,220,0
3353,239,4,5473,1,128,0
3354,239,4,5400,1,120,0
3355,239,4,5444,1,133,0
3356,239,4,5577,1,87,0
3357,239,4,5347,1,121,0
3358,239,2,2411,0,170,0
3359,239,4,5445,1,106,0
3360,239,4,5611,1,80,0
3361,239,2,2286,0,202,0
3362,239,4,5323,1,168,0
3363,239,4,5470,1,109,0
3364,239,4,5536,1,102,0
3365,239,4,5614,1,82,0
3366,239,4,5430,1,108,0
3367,239,4,5534,1,97,0
3368,239,4,5497,1,113,0
3369,240,4,4832,1,305,0
3370,240,4,5588,1,88,0
3371,240,4,5518,1,102,0
3372,240,4,5641,1,68,0
3373,240,2,2417,0,152,0
3374,240,4,5131,1,184,0
3375,240,4,5340,1,121,0
3376,240,4,5433,1,123,0
3377,240,2,2370,0,208,0
3378,240,4,5462,1,127,0
3379,240,2,2429,0,155,0
3380,240,4,5505,1,110,0
3381,240,4,5474,1,116,0
3382,240,4,5540,1,106,0
3383,240,4,5516,1,112,0
3384,240,4,5453,1,112,0
3385,240,4,5497,1,105,0
3386,240,0,282,0,151,0
3387,240,4,5434,1,137,0
3388,240,4,5545,1,92,0
3389,240,2,2525,0,159,0
3390,240,4,5395,1,149,0
3391,240,4,5536,1,103,0
3392,240,4,5464,1,111,0
3393,241,4,5417,1,129,0
3394,241,4,5213,1,180,0
3395,241,2,2523,0,223,0
3396,241,4,5383,1,117,0
3397,241,0,95,0,273,0
3398,241,4,5473,1,121,0
3399,241,4,5535,1,96,0
3400,241,0,0,0,101,1
3401,241,4,5328,1,149,0
3402,241,4,5324,1,140,0
3403,241,4,5637,1,68,0
3404,241,4,5631,1,68,0
3405,241,4,5408,1,131,0
3406,241,2,2409,0,235,0
3407,241,4,5676,1,60,0
3408,241,4,5487,1,122,0
3409,241,4,5397,1,146,0
3410,241,4,5401,1,122,0
3411,241,4,5544,1,85,0
3412,241,4,5511,1,97,0
3413,241,2,2304,0,195,0
3414,241,2,2288,0,147,0
3415,241,3,3569,0,159,0
3416,242,4,5484,1,111,0
3417,242,4,5258,1,165,0
3418,242,4,5412,1,156,0
3419,242,2,2472,0,167,0
3420,242,4,5472,1,100,0
3421,242,4,5607,1,73,0
3422,242,4,5078,1,265,0
3423,242,4,5443,1,119,0
3424,242,4,5033,1,289,0
3425,242,4,5105,1,180,0
3426,242,4,5644,1,68,0
3427,242,4,5557,1,84,0
3428,242,4,5466,1,110,0
3429,242,4,5378,1,117,0
3430,242,4,5522,1,98,0
3431,242,2,2245,0,170,0
3432,242,4,5290,1,151,0
3433,242,2,2378,0,158,0
3434,242,4,5694,1,53,0
3435,242,4,5537,1,89,0
3436,242,4,5296,1,182,0
3437,242,4,5478,1,114,0
3438,242,4,5634,1,65,0
3439,242,4,5502,1,119,0
3440,243,4,5399,1,138,0
3441,243,4,5406,1,123,0
3442,243,4,5611,1,83,0
3443,243,4,5537,1,86,0
3444,243,4,5335,1,127,0
3445,243,4,5417,1,117,0
3446,243,4,5697,1,56,0
3447,243,3,3536,0,164,0
3448,243,4,5407,1,125,0
3449,243,2,2505,0,153,0
3450,243,4,5501,1,102,0
3451,243,2,2417,0,168,0
3452,243,2,2431,0,155,0
3453,243,4,5406,1,135,0
3454,243,2,2533,0,254,0
3455,243,4,4812,1,259,0
3456,243,4,5352,1,122,0
3457,243,4,5464,1,132,0
3458,243,4,5257,1,175,0
3459,243,4,5567,1,81,0
3460,243,4,5356,1,139,0
3461,243,2,2322,0,189,0
3462,244,4,5501,1,105,0
3463,244,4,5385,1,147,0
3464,244,3,3481,0,177,0
3465,244,4,5526,1,87,0
3466,244,4,5626,1,73,0
3467,244,4,4840,1,228,0
3468,244,4,5221,1,183,0
3469,244,4,5472,1,121,0
3470,244,4,5648,1,69,0
3471,244,1,1071,0,114,0
3472,244,4,5457,1,108,0
3473,244,4,5555,1,87,0
3474,244,4,5435,1,115,0
3475,244,4,5341,1,140,0
3476,244,4,5498,1,97,0
3477,244,4,5402,1,152,0
3478,244,4,5456,1,122,0
3479,244,4,5344,1,148,0
3480,244,4,5408,1,140,0
3481,244,4,5297,1,174,0
3482,244,4,5594,1,79,0
3483,244,0,183,0,122,0
3484,244,4,5566,1,94,0
3485,244,4,5500,1,75,0
3486,244,4,5388,1,118,0
3487,245,2,1803,0,374,0
3488,245,4,5461,1,106,0
3489,245,4,5660,1,64,0
3490,245,4,5324,1,156,0
3491,245,4,5437,1,108,0
3492,245,4,5339,1,150,0
3493,245,4,5125,1,242,0
3494,245,4,5577,1,75,0
3495,245,4,5572,1,87,0
3496,245,4,5592,1,86,0
3497,245,2,2138,0,304,0
3498,245,4,5605,1,74,0
3499,245,4,5372,1,129,0
3500,245,0,0,0,101,1
3501,245,3,3232,0,196,0
3502,245,4,5526,1,105,0
3503,245,4,5299,1,163,0
3504,245,4,5340,1,151,0
3505,245,2,2263,0,141,0
3506,245,4,5281,1,184,0
3507,245,4,5571,1,86,0
3508,245,4,5552,1,94,0
3509,246,4,5245,1,160,0
3510,246,4,5635,1,72,0
3511,246,4,5554,1,97,0
3512,246,4,5570,1,75,0
3513,246,4,5342,1,171,0
3514,246,4,5293,1,153,0
3515,246,4,5649,1,66,0
3516,246,4,5435,1,113,0
3517,246,4,5564,1,83,0
3518,246,4,5532,1,96,0
3519,246,4,5542,1,99,0
3520,246,4,5290,1,143,0
3521,246,4,5502,1,98,0
3522,246,4,5483,1,120,0
3523,246,4,5470,1,102,0
3524,246,3,3527,0,192,0
3525,246,4,5247,1,163,0
3526,246,4,5319,1,149,0
3527,246,4,5602,1,82,0
3528,246,2,2417,0,144,0
3529,246,2,2370,0,157,0
3530,246,4,5633,1,67,0
3531,246,4,5427,1,107,0
3532,246,4,4965,1,223,0
3533,246,4,5634,1,69,0
3534,246,4,5534,1,98,0
3535,246,4,5364,1,157,0
3536,247,4,5294,1,174,0
3537,247,4,5481,1,106,0
3538,247,4,5526,1,93,0
3539,247,4,5533,1,95,0
3540,247,4,5569,1,85,0
3541,247,4,5550,1,92,0
3542,247,4,5475,1,120,0
3543,247,4,5557,1,96,0
3544,247,4,5635,1,73,0
3545,247,4,5263,1,148,0
3546,247,4,5522,1,100,0
3547,247,4,5538,1,97,0
3548,247,4,5226,1,177,0
3549,247,4,5383,1,150,0
3550,247,4,5565,1,107,0
3551,247,4,5528,1,91,0
3552,247,4,5544,1,121,0
3553,247,4,5376,1,116,0
3554,247,4,5639,1,70,0
3555,247,2,2341,0,218,0
3556,247,2,2269,0,253,0
3557,247,4,5563,1,91,0
3558,247,4,5561,1,88,0
3559,247,4,5240,1,176,0
3560,247,4,5497,1,113,0
3561,247,4,5535,1,98,0
3562,248,4,5538,1,94,0
3563,248,2,2383,0,171,0
3564,248,4,5639,1,67,0
3565,248,4,5363,1,157,0
3566,248,4,5555,1,87,0
3567,248,3,3537,0,164,0
3568,248,4,5469,1,114,0
3569,248,4,5622,1,76,0
3570,248,4,5538,1,104,0
3571,248,0,97,0,139,0
3572,248,4,5498,1,104,0
3573,248,2,2308,0,158,0
3574,248,4,5616,1,71,0
3575,248,4,5384,1,126,0
3576,248,4,5493,1,97,0
3577,248,2,2167,0,178,0
3578,248,4,5524,1,107,0
3579,248,4,5501,1,113,0
3580,248,0,192,0,216,0
3581,248,4,5507,1,102,0
3582,248,3,3603,0,177,0
3583,248,3,3488,0,161,0
3584,248,4,5541,1,95,0
3585,248,4,5356,1,127,0
3586,248,4,5531,1,103,0
3587,248,2,2303,0,162,0
3588,249,4,5507,1,109,0
3589,249,4,5510,1,120,0
3590,249,2,2267,0,181,0
3591,249,4,5423,1,85,0
3592,249,2,1691,0,486,0
3593,249,0,0,0,110,0
3594,249,4,5486,1,97,0
3595,249,4,5325,1,160,0
3596,249,4,5566,1,87,0
3597,249,4,5560,1,99,0
3598,249,4,5468,1,106,0
3599,249,4,5611,1,83,0
3600,249,0,0,0,101,1
3601,249,4,5543,1,99,0
3602,249,4,5374,1,125,0
3603,249,4,5646,1,64,0
3604,249,4,5225,1,168,0
3605,249,4,5270,1,178,0
3606,249,4,5481,1,108,0
3607,249,4,5620,1,64,0
3608,249,4,5418,1,139,0
3609,249,2,2385,0,167,0
3610,249,4,5515,1,98,0
3611,250,2,2419,0,181,0
3612,250,4,5553,1,97,0
3613,250,2,2209,0,167,0
3614,250,4,5447,1,126,0
3615,250,4,5434,1,122,0
3616,250,2,2462,0,187,0
3617,250,4,5254,1,178,0
3618,250,4,5399,1,130,0
3619,250,4,5568,1,95,0
3620,250,2,2406,0,171,0
3621,250,1,1226,0,150,0
3622,250,2,2426,0,156,0
3623,250,1,1165,0,122,0
3624,250,4,5353,1,155,0
3625,250,4,5639,1,64,0
3626,250,4,5455,1,115,0
3627,250,4,5656,1,73,0
3628,250,4,5594,1,74,0
3629,250,3,3441,0,194,0
3630,250,4,5387,1,113,0
3631,250,4,5585,1,75,0
3632,250,4,5557,1,92,0
3633,250,4,5632,1,72,0
3634,250,4,5330,1,173,0
3635,250,4,5445,1,103,0
3636,251,2,2447,0,187,0
3637,251,4,5307,1,141,0
3638,251,4,5378,1,132,0
3639,251,4,5542,1,67,0
3640,251,4,5474,1,97,0
3641,251,4,5546,1,96,0
3642,251,4,5459,1,161,0
3643,251,4,5377,1,154,0
3644,251,4,5264,1,153,0
3645,251,4,5652,1,64,0
3646,251,4,5407,1,119,0
3647,251,0,99,0,243,0
3648,251,4,5628,1,73,0
3649,251,2,2339,0,183,0
3650,251,4,5695,1,55,0
3651,251,4,5322,1,169,0
3652,251,4,5380,1,129,0
3653,251,4,5492,1,115,0
3654,251,2,1554,0,625,0
3655,251,4,5487,1,117,0
3656,251,4,5172,1,191,0
3657,251,4,5625,1,77,0
3658,252,2,2431,0,250,0
3659,252,2,2417,0,179,0
3660,252,4,5501,1,93,0
3661,252,4,5368,1,138,0
3662,252,3,3334,0,182,0
3663,252,4,5276,1,143,0
3664,252,4,5399,1,115,0
3665,252,0,0,0,102,0
3666,252,4,5468,1,130,0
3667,252,2,2387,0,163,0
3668,252,4,5512,1,108,0
3669,252,4,5562,1,81,0
3670,252,4,5415,1,129,0
3671,252,4,5372,1,133,0
3672,252,4,5533,1,103,0
3673,252,4,5652,1,64,0
3674,252,4,5651,1,68,0
3675,252,4,5508,1,115,0
3676,252,4,5469,1,107,0
3677,252,4,5623,1,73,0
3678,252,1,1391,0,176,0
3679,252,2,2324,0,192,0
3680,252,4,5553,1,87,0
3681,252,4,5483,1,135,0
3682,252,4,5441,1,108,0
3683,253,4,5503,1,106,0
3684,253,4,5314,1,170,0
3685,253,4,5604,1,74,0
3686,253,4,5608,1,74,0
3687,253,4,5575,1,93,0
3688,253,4,5565,1,87,0
3689,253,4,5645,1,63,0
3690,253,4,5413,1,159,0
3691,253,4,5521,1,97,0
3692,253,4,5408,1,124,0
3693,253,4,5633,1,64,0
3694,253,4,5578,1,80,0
3695,253,4,5442,1,111,0
3696,253,2,2426,0,170,0
3697,253,4,5009,1,212,0
3698,253,4,5308,1,150,0
3699,253,4,5497,1,84,0
3700,253,0,0,0,101,1
3701,253,4,5334,1,159,0
3702,253,2,2379,0,188,0
3703,253,4,5497,1,92,0
3704,253,4,5392,1,149,0
3705,253,4,5443,1,112,0
3706,253,2,2315,0,150,0
3707,253,2,2376,0,164,0
3708,254,4,5376,1,146,0
3709,254,4,5444,1,101,0
3710,254,4,5494,1,116,0
3711,254,4,5171,1,170,0
3712,254,4,5568,1,90,0
3713,254,4,5385,1,122,0
3714,254,4,5664,1,61,0
3715,254,4,5444,1,128,0
3716,254,4,4982,1,198,0
3717,254,4,5556,1,89,0
3718,254,4,4593,1,290,0
3719,254,4,5542,1,102,0
3720,254,3,3473,0,207,0
3721,254,4,5302,1,144,0
3722,254,4,5568,1,90,0
3723,254,4,5487,1,97,0
3724,254,4,5063,1,256,0
3725,254,4,5621,1,72,0
3726,254,3,3318,0,231,0
3727,254,4,5475,1,122,0
3728,254,4,5371,1,120,0
3729,254,4,5615,1,75,0
3730,254,4,5538,1,106,0
3731,254,4,5402,1,138,0
3732,255,4,5530,1,107,0
3733,255,4,5311,1,146,0
3734,255,4,5600,1,81,0
3735,255,4,5345,1,121,0
3736,255,2,2378,0,178,0
3737,255,4,5347,1,155,0
3738,255,4,5695,1,54,0
3739,255,3,3419,0,219,0
3740,255,4,5412,1,125,0
3741,255,3,3094,0,232,0
3742,255,4,5259,1,181,0
3743,255,4,5597,1,83,0
3744,255,3,3481,0,151,0
3745,255,4,5253,1,163,0
3746,255,4,5489,1,142,0
3747,255,4,5615,1,78,0
3748,255,4,5194,1,179,0
3749,255,4,5360,1,136,0
3750,255,4,5487,1,115,0
3751,255,4,5468,1,131,0
3752,255,4,5610,1,76,0
3753,255,4,5416,1,128,0
3754,255,3,3367,0,193,0
3755,256,4,5627,1,72,0
3756,256,4,5325,1,167,0
3757,256,4,5483,1,108,0
3758,256,4,5483,1,118,0
3759,256,4,5673,1,62,0
3760,256,4,5189,1,172,0
3761,256,4,5577,1,85,0
3762,256,4,5306,1,163,0
3763,256,4,5365,1,137,0
3764,256,4,5015,1,188,0
3765,256,4,4890,1,224,0
3766,256,4,5492,1,138,0
3767,256,4,5597,1,84,0
3768,256,4,5565,1,91,0
3769,256,4,5303,1,149,0
3770,256,4,5388,1,125,0
3771,256,4,5629,1,66,0
3772,256,3,3433,0,215,0
3773,256,4,5426,1,142,0
3774,256,1,1143,0,143,0
3775,256,4,5618,1,80,0
3776,256,4,5238,1,198,0
3777,256,4,5516,1,99,0
3778,257,3,3488,0,153,0
3779,257,4,5339,1,140,0
3780,257,4,5372,1,101,0
3781,257,4,5622,1,70,0
3782,257,4,5325,1,149,0
3783,257,4,5339,1,172,0
3784,257,2,2482,0,162,0
3785,257,4,5323,1,164,0
3786,257,4,5286,1,136,0
3787,257,4,5237,1,157,0
3788,257,4,5023,1,210,0
3789,257,4,5440,1,137,0
3790,257,4,5604,1,79,0
3791,257,4,5674,1,60,0
3792,257,4,5007,1,201,0
3793,257,4,5381,1,133,0
3794,257,4,5056,1,196,0
3795,257,2,2493,0,142,0
3796,257,4,5214,1,163,0
3797,257,4,5458,1,126,0
3798,257,2,2399,0,157,0
3799,257,4,5470,1,122,0
3800,257,0,0,0,101,1
3801,258,0,99,0,244,0
3802,258,4,5472,1,116,0
3803,258,4,5417,1,131,0
3804,258,4,5518,1,115,0
3805,258,2,2499,0,223,0
3806,258,2,2147,0,282,0
3807,258,4,5459,1,133,0
3808,258,4,5319,1,167,0
3809,258,4,5572,1,88,0
3810,258,4,5077,1,205,0
3811,258,4,5166,1,187,0
3812,258,4,5018,1,218,0
3813,258,4,5440,1,125,0
3814,258,4,5221,1,188,0
3815,258,2,2429,0,160,0
3816,258,4,5388,1,136,0
3817,258,4,5326,1,133,0
3818,258,4,5563,1,94,0
3819,258,4,5353,1,143,0
3820,259,4,5015,1,298,0
3821,259,4,5448,1,125,0
3822,259,2,2072,0,244,0
3823,259,4,5631,1,72,0
3824,259,4,5473,1,121,0
3825,259,2,2472,0,426,0
3826,259,3,3334,0,164,0
3827,259,4,5284,1,180,0
3828,259,4,5036,1,197,0
3829,259,4,5487,1,112,0
3830,259,4,5576,1,88,0
3831,259,2,2384,0,197,0
3832,259,4,5581,1,87,0
3833,259,4,5173,1,166,0
3834,259,4,5497,1,105,0
3835,259,4,5474,1,161,0
3836,259,4,5550,1,99,0
3837,259,2,2446,0,174,0
3838,259,2,2427,0,167,0
3839,259,4,5362,1,113,0
3840,259,4,5271,1,147,0
3841,260,3,3559,0,180,0
3842,260,4,5648,1,68,0
3843,260,4,5473,1,120,0
3844,260,4,5289,1,173,0
3845,260,4,5516,1,131,0
3846,260,4,5271,1,183,0
3847,260,4,5642,1,74,0
3848,260,2,2317,0,144,0
3849,260,4,5448,1,145,0
3850,260,4,5582,1,84,0
3851,260,4,5309,1,157,0
3852,260,4,5035,1,288,0
3853,260,4,5537,1,107,0
3854,260,4,5299,1,142,0
3855,260,4,5492,1,110,0
3856,260,4,4906,1,244,0
3857,260,2,2445,0,169,0
3858,260,4,5499,1,117,0
3859,260,2,2326,0,204,0
3860,260,4,5439,1,116,0
3861,260,4,5480,1,103,0
3862,261,4,5209,1,170,0
3863,261,4,5278,1,149,0
3864,261,3,3431,0,186,0
3865,261,4,5642,1,70,0
3866,261,4,5542,1,87,0
3867,261,4,5441,1,152,0
3868,261,4,5393,1,136,0
3869,261,4,5501,1,123,0
3870,261,4,5444,1,130,0
3871,261,4,5581,1,83,0
3872,261,4,5471,1,118,0
3873,261,4,4758,1,366,0
3874,261,2,2435,0,173,0
3875,261,4,5479,1,111,0
3876,261,0,181,0,280,0
3877,261,4,5119,1,176,0
3878,261,4,5148,1,240,0
3879,261,4,5502,1,112,0
3880,261,4,5516,1,110,0
3881,261,2,2386,0,151,0
3882,262,4,5362,1,158,0
3883,262,2,2390,0,167,0
3884,262,4,5500,1,108,0
3885,262,2,2417,0,171,0
3886,262,4,5027,1,194,0
3887,262,4,5376,1,167,0
3888,262,4,5520,1,82,0
3889,262,4,5396,1,140,0
3890,262,3,3368,0,156,0
3891,262,4,5394,1,144,0
3892,262,4,5348,1,162,0
3893,262,0,183,0,121,0
3894,262,4,5309,1,193,0
3895,262,4,5574,1,83,0
3896,262,4,5443,1,135,0
3897,262,4,5331,1,155,0
3898,262,2,2251,0,165,0
3899,262,4,5542,1,74,0
3900,262,0,0,0,101,1
3901,262,4,5397,1,113,0
3902,262,4,5268,1,138,0
3903,262,2,2194,0,155,0
3904,262,4,5309,1,115,0
3905,262,0,98,0,123,0
3906,263,4,5464,1,106,0
3907,263,4,5218,1,200,0
3908,263,4,5429,1,139,0
3909,263,4,5460,1,115,0
3910,263,4,5229,1,162,0
3911,263,4,5559,1,99,0
3912,263,4,5462,1,112,0
3913,263,4,5554,1,88,0
3914,263,4,5600,1,79,0
3915,263,4,5376,1,144,0
3916,263,4,5187,1,223,0
3917,263,4,5516,1,99,0
3918,263,4,5087,1,176,0
3919,263,4,5355,1,155,0
3920,263,4,5345,1,167,0
3921,263,4,5639,1,71,0
3922,263,4,5273,1,170,0
3923,263,2,2508,0,173,0
3924,263,2,2407,0,215,0
3925,263,4,5387,1,111,0
3926,263,4,5544,1,103,0
3927,263,4,5380,1,143,0
3928,264,4,5235,1,147,0
3929,264,4,5377,1,155,0
3930,264,4,5651,1,67,0
3931,264,4,5383,1,139,0
3932,264,4,5469,1,108,0
3933,264,3,3439,0,199,0
3934,264,3,3355,0,191,0
3935,264,4,5568,1,87,0
3936,264,4,5342,1,152,0
3937,264,4,5589,1,86,0
3938,264,4,5494,1,114,0
3939,264,2,2256,0,179,0
3940,264,4,5594,1,55,0
3941,264,4,5174,1,169,0
3942,264,4,5443,1,130,0
3943,264,2,2351,0,168,0
3944,264,4,4523,1,302,0
3945,264,2,2430,0,227,0
3946,264,4,5242,1,195,0
3947,264,4,5411,1,133,0
3948,264,1,1136,0,137,0
3949,265,2,1850,0,346,0
3950,265,4,5305,1,171,0
3951,265,4,5371,1,130,0
3952,265,4,5591,1,98,0
3953,265,2,2332,0,145,0
3954,265,4,5146,1,188,0
3955,265,2,2399,0,184,0
3956,265,4,5497,1,111,0
3957,265,4,5494,1,118,0
3958,265,4,5221,1,196,0
3959,265,3,3240,0,196,0
3960,265,4,5450,1,125,0
3961,265,4,5450,1,112,0
3962,265,0,97,0,231,0
3963,265,4,5262,1,183,0
3964,265,4,5445,1,114,0
3965,265,4,5603,1,78,0
3966,265,4,5565,1,91,0
3967,265,4,5217,1,198,0
3968,265,4,5498,1,113,0
3969,266,4,5293,1,142,0
3970,266,2,2392,0,170,0
3971,266,0,92,0,168,0
3972,266,4,5428,1,122,0
3973,266,3,3468,0,177,0
3974,266,4,5415,1,121,0
3975,266,4,5474,1,119,0
3976,266,4,4957,1,314,0
3977,266,4,5481,1,112,0
3978,266,4,5333,1,148,0
3979,266,4,5505,1,114,0
3980,266,4,5476,1,117,0
3981,266,4,5512,1,111,0
3982,266,4,5521,1,106,0
3983,266,4,5199,1,157,0
3984,266,4,5364,1,165,0
3985,266,4,5563,1,93,0
3986,266,4,5329,1,161,0
3987,266,4,5384,1,153,0
3988,266,4,5568,1,88,0
3989,266,4,5402,1,130,0
3990,266,4,5505,1,92,0
3991,267,2,2421,0,252,0
3992,267,4,5352,1,144,0
3993,267,4,5461,1,109,0
3994,267,4,5487,1,109,0
3995,267,2,2179,0,200,0
3996,267,4,5453,1,123,0
3997,267,1,1181,0,151,0
3998,267,2,2302,0,166,0
3999,267,4,5554,1,101,0
4000,267,0,0,0,101,1
4001,267,4,5423,1,132,0
