1,0,1,1227,0,320,0
2,0,1,1030,0,379,0
3,0,0,0,0,144,0
4,1,0,85,0,482,0
5,1,1,1283,0,279,0
6,1,0,0,0,117,0
7,1,0,90,0,283,0
8,1,0,0,0,348,0
9,1,1,1020,0,441,0
10,1,1,1021,0,203,0
11,1,1,1491,0,285,0
12,1,1,1099,0,271,0
13,1,0,97,0,253,0
14,1,0,91,0,251,0
15,2,1,1182,0,343,0
16,2,1,1203,0,260,0
17,2,0,97,0,194,0
18,2,0,334,0,394,0
19,2,1,1160,0,277,0
20,2,0,97,0,164,0
21,2,0,261,0,371,0
22,2,0,163,0,346,0
23,2,1,924,0,545,0
24,3,1,1127,0,409,0
25,3,1,1074,0,344,0
26,3,0,97,0,322,0
27,3,1,1205,0,265,0
28,3,0,184,0,297,0
29,3,0,360,0,289,0
30,3,0,191,0,159,0
31,3,0,179,0,457,0
32,3,1,1240,0,331,0
33,3,1,997,0,292,0
34,4,0,94,0,166,0
35,4,0,92,0,220,0
36,4,0,98,0,169,0
37,4,0,96,0,197,0
38,4,0,166,0,300,0
39,4,0,97,0,384,0
40,4,0,184,0,542,0
41,4,2,1962,0,425,0
42,4,2,2111,0,207,0
43,4,0,98,0,256,0
44,4,1,1007,0,356,0
45,5,0,190,0,204,0
46,5,1,1334,0,307,0
47,5,1,1107,0,290,0
48,5,1,1156,0,280,0
49,5,0,94,0,189,0
50,5,1,1161,0,292,0
51,5,0,94,0,202,0
52,5,1,1094,0,328,0
53,5,1,1318,0,206,0
54,5,1,1240,0,238,0
55,5,1,1041,0,300,0
56,6,1,1006,0,342,0
57,6,1,1245,0,441,0
58,6,1,1128,0,312,0
59,6,1,1011,0,311,0
60,6,1,1038,0,317,0
61,6,1,1201,0,328,0
62,6,2,2283,0,409,0
63,6,2,2197,0,155,0
64,6,1,1032,0,218,0
65,6,1,1196,0,288,0
66,6,1,1184,0,334,0
67,7,2,2027,0,410,0
68,7,2,2079,0,460,0
69,7,1,1116,0,202,0
70,7,1,1192,0,360,0
71,7,1,1085,0,285,0
72,7,0,181,0,188,0
73,7,1,1151,0,255,0
74,7,1,1305,0,249,0
75,7,1,1009,0,235,0
76,7,0,269,0,303,0
77,8,0,171,0,243,0
78,8,1,1082,0,204,0
79,8,1,1174,0,275,0
80,8,1,1218,0,409,0
81,8,3,3169,0,267,0
82,8,3,3016,0,372,0
83,8,1,1310,0,405,0
84,8,1,1242,0,228,0
85,8,1,1077,0,694,0
86,9,1,1317,0,416,0
87,9,2,1813,0,550,0
88,9,2,1963,0,420,0
89,9,2,1852,0,539,0
90,9,2,2231,0,322,0
91,9,0,84,0,175,0
92,9,1,1181,0,271,0
93,9,2,1966,0,323,0
94,10,1,1217,0,594,0
95,10,2,2232,0,368,0
96,10,2,1925,0,412,0
97,10,1,1057,0,300,0
98,10,2,1628,0,623,0
99,10,2,1873,0,576,0
100,11,0,0,0,1001,1
101,11,0,98,0,123,0
102,11,1,1036,0,537,0
103,11,1,1068,0,567,0
104,11,0,93,0,184,0
105,11,0,84,0,248,0
106,11,2,2316,0,309,0
107,11,1,1003,0,260,0
108,11,3,2891,0,527,0
109,12,3,2688,0,506,0
110,12,2,2082,0,399,0
111,12,1,1135,0,226,0
112,12,1,1211,0,445,0
113,12,0,0,0,217,0
114,12,2,1789,0,581,0
115,12,3,3447,0,356,0
116,12,1,956,0,517,0
117,13,3,3325,0,289,0
118,13,2,2065,0,261,0
119,13,3,3125,0,314,0
120,13,1,1359,0,269,0
121,13,2,2039,0,475,0
122,13,1,1283,0,309,0
123,13,1,1197,0,285,0
124,13,2,2449,0,433,0
125,13,2,1967,0,329,0
126,13,0,93,0,212,0
127,14,2,2270,0,306,0
128,14,1,1319,0,199,0
129,14,2,2045,0,378,0
130,14,1,1271,0,412,0
131,14,2,2331,0,254,0
132,14,0,189,0,160,0
133,14,2,2322,0,247,0
134,14,3,3289,0,325,0
135,14,1,1289,0,354,0
136,14,1,1219,0,217,0
137,14,1,1277,0,213,0
138,15,3,2829,0,431,0
139,15,1,1326,0,432,0
140,15,0,88,0,283,0
141,15,2,2305,0,351,0
142,15,3,2685,0,453,0
143,15,2,2143,0,295,0
144,15,1,1230,0,445,0
145,15,2,2215,0,282,0
146,15,1,1214,0,182,0
147,16,2,2343,0,275,0
148,16,3,3474,0,181,0
149,16,3,2716,0,641,0
150,16,2,2071,0,438,0
151,16,2,1956,0,548,0
152,17,3,2994,0,401,0
153,17,3,3316,0,214,0
154,17,2,2019,0,376,0
155,17,0,80,0,255,0
156,17,3,3252,0,335,0
157,17,3,3404,0,388,0
158,17,2,2294,0,200,0
159,17,3,3073,0,685,0
160,17,3,2903,0,383,0
161,18,3,3167,0,383,0
162,18,0,97,0,161,0
163,18,3,3011,0,372,0
164,18,2,2227,0,374,0
165,18,2,2153,0,351,0
166,18,1,1320,0,287,0
167,18,2,2173,0,276,0
168,18,3,3225,0,424,0
169,18,3,3169,0,388,0
170,19,1,1262,0,281,0
171,19,1,1150,0,435,0
172,19,3,3044,0,322,0
173,19,2,2541,0,350,0
174,19,2,2068,0,436,0
175,19,2,2311,0,235,0
176,19,3,2850,0,490,0
177,19,3,2982,0,366,0
178,20,3,3000,0,486,0
179,20,3,3241,0,352,0
180,20,2,1946,0,505,0
181,20,2,2121,0,730,0
182,20,1,1194,0,321,0
183,21,2,2184,0,524,0
184,21,3,3130,0,462,0
185,21,1,1315,0,245,0
186,21,2,2280,0,383,0
187,21,3,2788,0,558,0
188,21,2,2220,0,208,0
189,21,1,1306,0,305,0
190,21,1,1301,0,672,0
191,22,1,1341,0,558,0
192,22,0,186,0,173,0
193,22,2,1905,0,481,0
194,22,2,2224,0,301,0
195,22,2,2120,0,357,0
196,22,3,2962,0,348,0
197,22,2,1990,0,503,0
198,22,1,1301,0,527,0
199,23,2,2138,0,256,0
200,23,0,0,0,102,1
201,23,1,1196,0,373,0
202,23,2,2230,0,228,0
203,23,3,3152,0,299,0
204,23,3,2885,0,457,0
205,23,2,2369,0,415,0
206,23,2,2467,0,414,0
207,23,3,3031,0,301,0
208,23,0,95,0,177,0
209,24,3,2509,0,666,0
210,24,2,2368,0,179,0
211,24,1,1269,0,361,0
212,24,3,2675,0,457,0
213,24,3,3361,0,313,0
214,24,0,182,0,238,0
215,24,3,3159,0,394,0
216,24,3,2941,0,402,0
217,24,2,2329,0,215,0
218,24,1,1257,0,270,0
219,25,2,2209,0,206,0
220,25,2,2315,0,196,0
221,25,3,3211,0,238,0
222,25,3,2925,0,440,0
223,25,3,3041,0,438,0
224,25,3,3231,0,425,0
225,25,3,3245,0,259,0
226,25,1,1037,0,357,0
227,25,2,2081,0,409,0
228,25,4,4813,1,293,0
229,26,3,3317,0,346,0
230,26,4,4754,1,399,0
231,26,3,2791,0,455,0
232,26,4,4575,1,341,0
233,26,3,2706,0,429,0
234,26,2,2183,0,393,0
235,26,2,2105,0,239,0
236,26,1,1128,0,236,0
237,26,2,2100,0,313,0
238,27,2,2340,0,221,0
239,27,2,2344,0,328,0
240,27,2,2015,0,265,0
241,27,3,2871,0,513,0
242,27,4,4731,1,338,0
243,27,3,3025,0,454,0
244,27,3,3229,0,285,0
245,27,2,2218,0,250,0
246,27,3,3410,0,204,0
247,27,3,3226,0,336,0
248,28,4,4790,1,274,0
249,28,3,3179,0,350,0
250,28,2,1845,0,549,0
251,28,2,2119,0,341,0
252,28,2,2200,0,225,0
253,28,2,2223,0,235,0
254,28,3,3146,0,350,0
255,28,2,1909,0,535,0
256,28,4,4374,1,389,0
257,29,4,4464,1,416,0
258,29,2,1890,0,401,0
259,29,2,2522,0,314,0
260,29,1,918,0,412,0
261,29,2,2198,0,294,0
262,29,4,4399,1,480,0
263,29,3,2955,0,515,0
264,29,2,1958,0,364,0
265,30,2,2308,0,189,0
266,30,3,3251,0,296,0
267,30,3,2897,0,346,0
268,30,2,2314,0,386,0
269,30,2,2422,0,204,0
270,30,3,2901,0,426,0
271,30,4,4929,1,356,0
272,30,4,4390,1,562,0
273,31,3,2652,0,519,0
274,31,3,3079,0,442,0
275,31,2,2179,0,282,0
276,31,2,2225,0,349,0
277,31,3,3315,0,422,0
278,31,2,2271,0,351,0
279,31,2,2190,0,365,0
280,31,2,2375,0,294,0
281,31,2,2125,0,465,0
282,32,4,4743,1,328,0
283,32,4,4775,1,422,0
284,32,3,3198,0,332,0
285,32,4,4840,1,336,0
286,32,4,5086,1,274,0
287,32,3,3377,0,289,0
288,32,0,99,0,414,0
289,32,2,2349,0,243,0
290,32,4,5467,1,92,0
291,32,4,4981,1,244,0
292,33,2,2013,0,408,0
293,33,0,283,0,198,0
294,33,4,5500,1,99,0
295,33,4,5128,1,176,0
296,33,4,4934,1,253,0
297,33,4,5207,1,173,0
298,33,3,3314,0,200,0
299,33,4,5071,1,196,0
300,33,0,99,0,1001,1
301,33,4,4760,1,257,0
302,33,2,2377,0,220,0
303,33,4,5246,1,141,0
304,34,4,4864,1,256,0
305,34,4,5274,1,147,0
306,34,4,4711,1,273,0
307,34,2,2095,0,285,0
308,34,2,2154,0,313,0
309,34,4,4989,1,246,0
310,34,4,4800,1,261,0
311,34,2,2268,0,201,0
312,34,4,4938,1,224,0
313,34,1,1519,0,238,0
314,34,4,4814,1,337,0
315,34,4,4030,1,501,0
316,35,3,3187,0,305,0
317,35,3,3148,0,256,0
318,35,3,3332,0,314,0
319,35,3,3391,0,224,0
320,35,4,4868,1,225,0
321,35,4,4943,1,267,0
322,35,4,4859,1,229,0
323,35,2,2290,0,313,0
324,35,3,3269,0,572,0
325,35,4,4831,1,248,0
326,35,4,4622,1,344,0
327,36,4,4723,1,268,0
328,36,3,2979,0,390,0
329,36,3,3203,0,343,0
330,36,3,2944,0,342,0
331,36,4,4390,1,524,0
332,36,4,4625,1,509,0
333,36,4,5076,1,235,0
334,36,2,2074,0,335,0
335,37,3,2990,0,454,0
336,37,3,3075,0,283,0
337,37,1,1129,0,575,0
338,37,2,2418,0,409,0
339,37,4,3805,1,535,0
340,37,4,5099,1,189,0
341,37,4,4864,1,317,0
342,37,4,4593,1,332,0
343,37,4,5029,1,290,0
344,38,4,4282,1,403,0
345,38,3,3320,0,253,0
346,38,4,4901,1,266,0
347,38,0,165,0,449,0
348,38,4,5229,1,154,0
349,38,4,5272,1,174,0
350,38,2,2137,0,289,0
351,38,4,5274,1,157,0
352,38,3,3456,0,344,0
353,38,4,4309,1,549,0
354,38,4,5103,1,208,0
355,39,2,1968,0,350,0
356,39,2,1639,0,475,0
357,39,4,4227,1,448,0
358,39,4,5301,1,147,0
359,39,4,4567,1,332,0
360,39,4,4761,1,312,0
361,39,4,5011,1,231,0
362,39,0,0,0,169,0
363,39,4,5141,1,245,0
364,39,4,5391,1,140,0
365,39,1,1091,0,223,0
366,40,1,1498,0,373,0
367,40,4,5206,1,164,0
368,40,4,5382,1,131,0
369,40,4,5450,1,101,0
370,40,4,5136,1,275,0
371,40,2,2449,0,203,0
372,40,4,5388,1,133,0
373,40,4,5189,1,177,0
374,40,4,5229,1,207,0
375,40,3,3306,0,195,0
376,40,4,5479,1,102,0
377,40,4,5315,1,189,0
378,40,4,4824,1,430,0
379,40,4,5230,1,172,0
380,41,3,3300,0,650,0
381,41,4,5180,1,216,0
382,41,4,5253,1,179,0
383,41,4,5241,1,163,0
384,41,4,4910,1,324,0
385,41,4,5287,1,177,0
386,41,4,5063,1,207,0
387,41,4,5032,1,243,0
388,41,4,5371,1,141,0
389,41,4,5309,1,154,0
390,41,4,4782,1,308,0
391,41,4,5266,1,186,0
392,41,3,2835,0,401,0
393,41,4,5477,1,93,0
394,42,4,4906,1,242,0
395,42,4,5275,1,173,0
396,42,4,5102,1,149,0
397,42,0,190,0,126,0
398,42,4,4932,1,211,0
399,42,4,5084,1,177,0
400,42,0,99,0,1001,1
401,42,4,5497,1,81,0
402,42,4,4814,1,312,0
403,42,4,5099,1,235,0
404,42,0,0,0,126,0
405,42,4,4997,1,204,0
406,42,3,3298,0,212,0
407,43,4,4952,1,257,0
408,43,4,5269,1,136,0
409,43,4,4925,1,290,0
410,43,3,3213,0,322,0
411,43,4,5063,1,245,0
412,43,4,5175,1,146,0
413,43,4,5006,1,232,0
414,43,4,4913,1,269,0
415,43,4,4946,1,279,0
416,43,2,2278,0,310,0
417,43,4,4609,1,412,0
418,43,4,5307,1,159,0
419,44,4,4443,1,407,0
420,44,4,4258,1,398,0
421,44,4,4624,1,470,0
422,44,4,4991,1,197,0
423,44,4,5202,1,178,0
424,44,4,5432,1,106,0
425,44,2,2286,0,198,0
426,44,4,5044,1,244,0
427,44,3,3304,0,307,0
428,44,4,5212,1,177,0
429,44,3,2384,0,496,0
430,44,4,5059,1,219,0
431,45,4,5126,1,210,0
432,45,1,1053,0,261,0
433,45,4,5333,1,192,0
434,45,2,2343,0,158,0
435,45,3,3306,0,272,0
436,45,3,3255,0,215,0
437,45,4,5063,1,208,0
438,45,4,5271,1,157,0
439,45,4,5372,1,161,0
440,45,4,5429,1,131,0
441,45,3,2867,0,326,0
442,45,1,1274,0,172,0
443,45,4,5438,1,97,0
444,45,4,5186,1,168,0
445,45,4,5233,1,201,0
446,45,4,5217,1,202,0
447,46,4,5414,1,103,0
448,46,0,190,0,195,0
449,46,4,5087,1,302,0
450,46,4,5286,1,163,0
451,46,4,5493,1,94,0
452,46,4,5061,1,208,0
453,46,4,5291,1,138,0
454,46,4,5206,1,181,0
455,46,4,4923,1,265,0
456,46,4,5190,1,228,0
457,46,4,5120,1,280,0
458,46,4,5083,1,261,0
459,46,4,5060,1,299,0
460,46,4,4295,1,355,0
461,47,4,4928,1,211,0
462,47,4,5363,1,127,0
463,47,2,2383,0,280,0
464,47,2,1969,0,227,0
465,47,4,5317,1,138,0
466,47,4,4618,1,322,0
467,47,4,4958,1,269,0
468,47,4,5252,1,232,0
469,47,4,5234,1,237,0
470,47,2,2428,0,298,0
471,47,4,5302,1,124,0
472,47,4,5419,1,108,0
473,47,4,5477,1,103,0
474,47,4,4875,1,275,0
475,48,1,1082,0,417,0
476,48,4,5383,1,141,0
477,48,3,3318,0,552,0
478,48,4,5244,1,181,0
479,48,4,5178,1,175,0
480,48,4,5252,1,146,0
481,48,0,0,0,196,0
482,48,3,3336,0,219,0
483,48,4,5179,1,183,0
484,48,3,3269,0,214,0
485,48,4,4758,1,542,0
486,48,4,4894,1,270,0
487,48,4,5118,1,240,0
488,49,4,5239,1,153,0
489,49,4,5213,1,203,0
490,49,4,4562,1,329,0
491,49,4,4941,1,253,0
492,49,4,4978,1,235,0
493,49,4,5483,1,105,0
494,49,4,5007,1,233,0
495,49,4,5459,1,112,0
496,49,4,5358,1,135,0
497,49,4,5169,1,255,0
498,49,4,5215,1,151,0
499,49,4,5253,1,186,0
500,50,0,99,0,1001,1
501,50,4,5155,1,236,0
502,50,4,5300,1,155,0
503,50,4,5453,1,95,0
504,50,4,4411,1,525,0
505,50,4,5250,1,187,0
506,50,4,5248,1,223,0
507,50,4,5209,1,213,0
508,50,4,4881,1,357,0
509,50,2,2330,0,326,0
510,50,4,4515,1,291,0
511,50,2,2248,0,218,0
512,51,3,3338,0,234,0
513,51,3,3227,0,304,0
514,51,4,5209,1,212,0
515,51,4,5024,1,287,0
516,51,2,2253,0,219,0
517,51,4,5211,1,196,0
518,51,4,5384,1,134,0
519,51,4,5276,1,196,0
520,51,4,5011,1,201,0
521,51,4,5393,1,122,0
522,51,4,4802,1,354,0
523,51,4,5106,1,208,0
524,51,1,1179,0,136,0
525,51,4,5216,1,170,0
526,51,4,4819,1,260,0
527,52,4,5112,1,246,0
528,52,3,3560,0,972,0
529,52,3,3338,0,272,0
530,52,4,5138,1,239,0
531,52,4,5054,1,261,0
532,52,3,3041,0,315,0
533,52,0,196,0,236,0
534,52,4,5459,1,91,0
535,52,4,5230,1,145,0
536,52,4,5365,1,109,0
537,52,4,5300,1,149,0
538,52,4,4979,1,202,0
539,53,4,5446,1,95,0
540,53,3,3354,0,261,0
541,53,4,5098,1,182,0
542,53,2,1928,0,356,0
543,53,4,5349,1,109,0
544,53,4,5515,1,77,0
545,53,4,5010,1,279,0
546,53,4,5271,1,133,0
547,53,4,5469,1,90,0
548,53,4,5346,1,125,0
549,53,4,5282,1,152,0
550,53,3,3283,0,405,0
551,53,4,4860,1,204,0
552,53,0,86,0,151,0
553,53,4,5262,1,144,0
554,53,4,5369,1,109,0
555,53,1,1277,0,212,0
556,53,4,5529,1,76,0
557,53,4,5430,1,120,0
558,54,0,99,0,209,0
559,54,3,3094,0,223,0
560,54,4,5055,1,191,0
561,54,4,4997,1,230,0
562,54,4,5044,1,207,0
563,54,4,5374,1,112,0
564,54,4,5351,1,107,0
565,54,4,5294,1,148,0
566,54,4,5145,1,165,0
567,54,4,5499,1,79,0
568,54,4,5290,1,120,0
569,54,4,4807,1,281,0
570,54,4,5192,1,152,0
571,54,4,5325,1,129,0
572,54,4,5440,1,104,0
573,54,4,4997,1,224,0
574,54,4,5503,1,82,0
575,55,3,3540,0,693,0
576,55,4,5275,1,158,0
577,55,4,5386,1,115,0
578,55,4,4871,1,305,0
579,55,4,4967,1,300,0
580,55,4,5138,1,160,0
581,55,4,4874,1,353,0
582,55,3,3443,0,233,0
583,55,2,2311,0,169,0
584,55,3,3448,0,333,0
585,55,4,5083,1,200,0
586,55,4,5151,1,165,0
587,55,4,5363,1,133,0
588,55,3,3346,0,256,0
589,56,4,5132,1,166,0
590,56,4,5297,1,149,0
591,56,4,5394,1,106,0
592,56,4,4824,1,238,0
593,56,4,5387,1,102,0
594,56,4,5160,1,172,0
595,56,4,4784,1,320,0
596,56,4,5101,1,185,0
597,56,4,4816,1,289,0
598,56,4,5279,1,135,0
599,56,4,5199,1,149,0
600,56,0,99,0,1001,1
601,56,4,5487,1,80,0
602,56,4,4962,1,206,0
603,57,4,5163,1,184,0
604,57,4,5323,1,111,0
605,57,4,5201,1,152,0
606,57,4,5333,1,113,0
607,57,2,2089,0,212,0
608,57,4,4973,1,187,0
609,57,4,4872,1,240,0
610,57,4,4988,1,208,0
611,57,4,5145,1,174,0
612,57,2,2267,0,295,0
613,57,4,5379,1,109,0
614,57,4,5378,1,104,0
615,57,1,1105,0,240,0
616,57,4,5130,1,174,0
617,57,2,2235,0,155,0
618,57,4,5339,1,122,0
619,57,2,2170,0,341,0
620,57,4,5410,1,102,0
621,58,4,5291,1,130,0
622,58,4,5378,1,104,0
623,58,4,5154,1,170,0
624,58,4,5489,1,101,0
625,58,4,5465,1,86,0
626,58,4,5054,1,186,0
627,58,4,5335,1,130,0
628,58,2,2093,0,350,0
629,58,4,5220,1,167,0
630,58,4,5162,1,182,0
631,58,4,4899,1,282,0
632,58,4,5106,1,188,0
633,58,4,5064,1,236,0
634,58,4,5277,1,154,0
635,58,0,99,0,254,0
636,58,4,5211,1,168,0
637,58,1,1480,0,300,0
638,59,4,5072,1,200,0
639,59,2,2173,0,257,0
640,59,2,2301,0,394,0
641,59,4,3937,1,440,0
642,59,4,5199,1,157,0
643,59,4,4881,1,242,0
644,59,0,94,0,174,0
645,59,2,2267,0,254,0
646,59,4,4395,1,336,0
647,59,3,3306,0,330,0
648,59,4,5164,1,170,0
649,59,3,3449,0,240,0
650,60,4,5437,1,104,0
651,60,4,5153,1,160,0
652,60,4,5161,1,197,0
653,60,4,4668,1,347,0
654,60,4,5274,1,119,0
655,60,4,4525,1,429,0
656,60,2,2348,0,235,0
657,60,4,4938,1,235,0
658,60,4,5330,1,139,0
659,60,4,4862,1,280,0
660,60,4,5183,1,162,0
661,60,4,4786,1,372,0
662,60,4,4575,1,373,0
663,61,3,2992,0,583,0
664,61,2,2164,0,484,0
665,61,4,5030,1,232,0
666,61,4,4906,1,267,0
667,61,2,2250,0,249,0
668,61,4,5336,1,130,0
669,61,4,5339,1,109,0
670,61,4,5235,1,144,0
671,61,2,2234,0,135,0
672,61,4,5380,1,111,0
673,61,4,5225,1,162,0
674,61,4,5074,1,186,0
675,61,1,1215,0,308,0
676,62,4,4949,1,247,0
677,62,4,5151,1,163,0
678,62,4,5129,1,177,0
679,62,4,4761,1,290,0
680,62,4,5043,1,207,0
681,62,4,4991,1,211,0
682,62,2,2347,0,294,0
683,62,4,4827,1,307,0
684,62,4,4794,1,275,0
685,62,4,5175,1,169,0
686,62,4,4810,1,284,0
687,62,4,5111,1,193,0
688,62,4,5113,1,159,0
689,62,4,5133,1,185,0
690,63,4,4912,1,261,0
691,63,4,4720,1,363,0
692,63,4,5267,1,155,0
693,63,4,4811,1,229,0
694,63,2,2278,0,285,0
695,63,2,2141,0,233,0
696,63,4,4310,1,483,0
697,63,4,5100,1,174,0
698,63,4,4613,1,378,0
699,63,4,4854,1,244,0
700,64,0,99,0,1001,1
701,64,4,5195,1,156,0
702,64,4,5243,1,172,0
703,64,4,5162,1,177,0
704,64,4,5092,1,208,0
705,64,1,1244,0,250,0
706,64,2,2085,0,293,0
707,64,4,5505,1,78,0
708,64,4,5517,1,76,0
709,64,4,5351,1,119,0
710,64,4,4804,1,315,0
711,64,4,4870,1,305,0
712,64,4,4284,1,431,0
713,65,3,3460,0,634,0
714,65,4,4774,1,323,0
715,65,2,2396,0,254,0
716,65,4,4528,1,430,0
717,65,4,5203,1,181,0
718,65,4,4944,1,237,0
719,65,4,5206,1,173,0
720,65,4,4547,1,440,0
721,65,4,4786,1,338,0
722,65,4,5303,1,113,0
723,65,4,5172,1,185,0
724,66,4,4833,1,303,0
725,66,4,4480,1,431,0
726,66,4,5479,1,89,0
727,66,4,5428,1,106,0
728,66,4,5486,1,90,0
729,66,4,5546,1,70,0
730,66,4,5190,1,177,0
731,66,4,4612,1,401,0
732,66,4,5493,1,85,0
733,66,4,5247,1,158,0
734,66,4,5303,1,133,0
735,66,2,1979,0,237,0
736,66,4,5132,1,180,0
737,66,4,4773,1,320,0
738,66,4,5236,1,151,0
739,66,4,5369,1,126,0
740,67,4,4930,1,276,0
741,67,4,4918,1,292,0
742,67,4,5134,1,194,0
743,67,3,3429,0,238,0
744,67,4,5512,1,84,0
745,67,4,5338,1,137,0
746,67,3,3352,0,277,0
747,67,4,4912,1,301,0
748,67,4,5263,1,161,0
749,67,4,4870,1,282,0
750,67,4,4772,1,326,0
751,67,4,5532,1,76,0
752,67,4,5086,1,172,0
753,67,2,2315,0,304,0
754,67,4,5134,1,194,0
755,68,1,1081,0,553,0
756,68,4,5049,1,196,0
757,68,4,5211,1,193,0
758,68,4,5290,1,144,0
759,68,4,5162,1,161,0
760,68,4,4860,1,268,0
761,68,4,4975,1,259,0
762,68,4,5415,1,101,0
763,68,4,5229,1,170,0
764,68,4,5441,1,102,0
765,68,4,5438,1,101,0
766,68,4,4783,1,304,0
767,68,4,5047,1,265,0
768,68,4,5096,1,192,0
769,68,4,5419,1,104,0
770,69,4,5372,1,124,0
771,69,4,5180,1,162,0
772,69,4,5099,1,197,0
773,69,3,2983,0,601,0
774,69,4,5508,1,84,0
775,69,4,5379,1,136,0
776,69,3,3205,0,444,0
777,69,3,3425,0,231,0
778,69,4,4764,1,370,0
779,69,4,5201,1,183,0
780,69,3,3292,0,435,0
781,69,4,5255,1,150,0
782,70,4,4849,1,292,0
783,70,4,5256,1,153,0
784,70,1,1280,0,175,0
785,70,4,5457,1,96,0
786,70,4,4996,1,211,0
787,70,4,4720,1,336,0
788,70,4,4842,1,275,0
789,70,3,3236,0,368,0
790,70,4,4965,1,271,0
791,70,4,5068,1,197,0
792,70,4,5172,1,189,0
793,70,4,5078,1,196,0
794,70,4,5185,1,193,0
795,71,4,4866,1,287,0
796,71,4,5389,1,122,0
797,71,4,4999,1,221,0
798,71,4,5374,1,112,0
799,71,4,4695,1,297,0
800,71,1,1284,0,1001,1
801,71,4,5245,1,147,0
802,71,4,5168,1,205,0
803,71,4,4701,1,372,0
804,71,4,5356,1,125,0
805,71,4,5318,1,137,0
806,72,3,2923,0,469,0
807,72,3,3403,0,264,0
808,72,4,4658,1,331,0
809,72,4,5305,1,157,0
810,72,4,5487,1,80,0
811,72,4,5159,1,180,0
812,72,0,184,0,211,0
813,72,4,4729,1,354,0
814,72,4,5252,1,160,0
815,72,4,5031,1,216,0
816,72,4,5173,1,167,0
817,72,4,4355,1,438,0
818,72,4,5063,1,202,0
819,72,4,5320,1,145,0
820,73,4,4847,1,297,0
821,73,4,4147,1,620,0
822,73,4,5233,1,169,0
823,73,4,5204,1,159,0
824,73,4,5391,1,135,0
825,73,4,5422,1,103,0
826,73,4,5197,1,162,0
827,73,4,5044,1,212,0
828,73,4,5171,1,173,0
829,73,4,5123,1,190,0
830,73,4,5177,1,150,0
831,73,4,4888,1,276,0
832,73,4,4678,1,365,0
833,74,4,4319,1,509,0
834,74,4,5413,1,116,0
835,74,3,3433,0,193,0
836,74,4,5281,1,146,0
837,74,4,4937,1,217,0
838,74,4,5041,1,224,0
839,74,1,1282,0,145,0
840,74,4,5267,1,164,0
841,74,4,4500,1,442,0
842,74,4,5354,1,128,0
843,74,4,5232,1,184,0
844,74,4,4135,1,614,0
845,74,4,4935,1,274,0
846,74,4,5478,1,89,0
847,75,4,5138,1,192,0
848,75,4,5100,1,175,0
849,75,4,4744,1,285,0
850,75,4,4446,1,553,0
851,75,4,5085,1,227,0
852,75,4,4976,1,259,0
853,75,4,5086,1,191,0
854,75,4,4770,1,252,0
855,75,4,5539,1,71,0
856,75,2,1781,0,404,0
857,75,4,4383,1,412,0
858,75,4,5407,1,113,0
859,75,4,5437,1,99,0
860,76,4,5215,1,168,0
861,76,4,4340,1,818,0
862,76,4,5553,1,67,0
863,76,4,5307,1,138,0
864,76,1,1329,0,172,0
865,76,1,1170,0,316,0
866,76,4,5161,1,235,0
867,76,4,4928,1,272,0
868,76,4,5141,1,199,0
869,76,4,5158,1,183,0
870,76,4,4825,1,291,0
871,76,4,5173,1,164,0
872,76,4,5492,1,88,0
873,77,4,5328,1,120,0
874,77,4,5511,1,83,0
875,77,4,5054,1,243,0
876,77,4,5217,1,165,0
877,77,4,5464,1,88,0
878,77,4,5151,1,173,0
879,77,4,4891,1,290,0
880,77,4,5034,1,223,0
881,77,4,4908,1,292,0
882,77,4,5236,1,166,0
883,77,4,5150,1,198,0
884,77,4,5234,1,221,0
885,77,4,4550,1,365,0
886,77,4,4879,1,306,0
887,77,4,5278,1,142,0
888,78,4,4866,1,292,0
889,78,0,99,0,223,0
890,78,4,4997,1,237,0
891,78,4,5549,1,67,0
892,78,4,5322,1,142,0
893,78,4,5040,1,232,0
894,78,4,5447,1,95,0
895,78,4,4971,1,341,0
896,78,4,4870,1,267,0
897,78,4,5059,1,238,0
898,78,4,5391,1,119,0
899,78,4,5409,1,104,0
900,78,1,1284,0,1001,1
901,79,4,4791,1,272,0
902,79,4,4203,1,420,0
903,79,4,5035,1,199,0
904,79,2,2440,0,271,0
905,79,4,5244,1,168,0
906,79,1,1183,0,174,0
907,79,4,5382,1,121,0
908,79,4,5367,1,127,0
909,79,1,1128,0,163,0
910,79,4,4820,1,252,0
911,79,4,5245,1,149,0
912,79,4,5126,1,177,0
913,79,4,4465,1,423,0
914,79,4,5149,1,164,0
915,80,4,5259,1,151,0
916,80,4,5388,1,109,0
917,80,4,4532,1,287,0
918,80,4,5029,1,255,0
919,80,4,5289,1,154,0
920,80,4,4820,1,314,0
921,80,4,5495,1,88,0
922,80,4,5151,1,173,0
923,80,4,4826,1,274,0
924,80,4,4956,1,273,0
925,80,4,5420,1,108,0
926,80,4,5071,1,218,0
927,80,4,5263,1,151,0
928,80,4,5014,1,254,0
929,80,4,4836,1,301,0
930,81,4,4945,1,254,0
931,81,4,5301,1,141,0
932,81,4,5155,1,142,0
933,81,2,2310,0,170,0
934,81,4,5046,1,220,0
935,81,4,5196,1,170,0
936,81,4,5241,1,157,0
937,81,4,4693,1,372,0
938,81,4,4857,1,220,0
939,81,4,4993,1,220,0
940,81,4,4637,1,401,0
941,81,4,5118,1,179,0
942,81,4,5255,1,165,0
943,81,4,5466,1,92,0
944,81,4,5326,1,158,0
945,81,4,5059,1,237,0
946,82,4,5176,1,168,0
947,82,4,5342,1,131,0
948,82,4,5458,1,96,0
949,82,1,1282,0,190,0
950,82,4,5119,1,214,0
951,82,1,1167,0,209,0
952,82,4,4920,1,274,0
953,82,4,5373,1,139,0
954,82,4,4851,1,293,0
955,82,4,5084,1,208,0
956,82,4,5021,1,222,0
957,82,4,5226,1,146,0
958,82,4,5319,1,124,0
959,82,4,5298,1,145,0
960,82,4,4935,1,267,0
961,82,4,5248,1,160,0
962,83,4,4765,1,314,0
963,83,4,5405,1,107,0
964,83,4,4363,1,445,0
965,83,2,2298,0,200,0
966,83,4,4965,1,203,0
967,83,4,5194,1,171,0
968,83,4,5129,1,215,0
969,83,4,5334,1,128,0
970,83,0,99,0,223,0
971,83,4,5036,1,195,0
972,83,4,5069,1,230,0
973,83,4,5087,1,215,0
974,83,4,5326,1,129,0
975,83,2,2385,0,299,0
976,83,4,5107,1,202,0
977,84,4,5303,1,133,0
978,84,4,4794,1,256,0
979,84,4,4788,1,327,0
980,84,4,4628,1,362,0
981,84,4,5052,1,208,0
982,84,4,5416,1,105,0
983,84,4,5311,1,131,0
984,84,4,4766,1,297,0
985,84,4,5404,1,113,0
986,84,4,5387,1,119,0
987,84,2,2192,0,334,0
988,84,4,5367,1,113,0
989,84,4,4699,1,287,0
990,84,4,5320,1,129,0
991,84,2,2230,0,338,0
992,85,4,5540,1,80,0
993,85,4,5208,1,168,0
994,85,4,5199,1,153,0
995,85,4,4579,1,347,0
996,85,4,5444,1,94,0
997,85,4,4910,1,317,0
998,85,4,4763,1,293,0
999,85,4,5144,1,168,0
1000,85,1,1284,0,1001,1
1001,85,4,5146,1,175,0
1002,85,4,5109,1,176,0
1003,85,4,5450,1,94,0
1004,86,4,5123,1,195,0
1005,86,4,5227,1,178,0
1006,86,4,4831,1,322,0
1007,86,4,5464,1,91,0
1008,86,4,5085,1,230,0
1009,86,4,5053,1,214,0
1010,86,4,5201,1,166,0
1011,86,4,5051,1,209,0
1012,86,4,4923,1,261,0
1013,86,4,5283,1,139,0
1014,86,4,4920,1,276,0
1015,86,4,5304,1,139,0
1016,86,1,1176,0,145,0
1017,86,4,5457,1,97,0
1018,86,4,4845,1,272,0
1019,86,0,99,0,146,0
1020,86,4,5402,1,114,0
1021,87,3,3238,0,399,0
1022,87,4,5201,1,159,0
1023,87,4,4878,1,254,0
1024,87,4,4796,1,322,0
1025,87,4,5448,1,110,0
1026,87,4,5151,1,189,0
1027,87,4,5321,1,130,0
1028,87,4,5441,1,97,0
1029,87,4,5261,1,143,0
1030,87,4,5427,1,102,0
1031,87,4,4927,1,296,0
1032,87,4,5189,1,175,0
1033,87,4,5551,1,70,0
1034,87,4,5249,1,165,0
1035,87,1,1238,0,298,0
1036,87,4,5271,1,158,0
1037,87,4,5348,1,112,0
1038,88,2,2277,0,370,0
1039,88,4,4545,1,324,0
1040,88,4,4942,1,233,0
1041,88,4,4807,1,297,0
1042,88,0,183,0,338,0
1043,88,2,2268,0,499,0
1044,88,4,5293,1,150,0
1045,88,4,5358,1,115,0
1046,88,4,5259,1,140,0
1047,88,4,5453,1,93,0
1048,88,4,5036,1,174,0
1049,88,4,4632,1,388,0
1050,89,4,5178,1,182,0
1051,89,3,3055,0,338,0
1052,89,4,5225,1,171,0
1053,89,4,4865,1,273,0
1054,89,4,5512,1,75,0
1055,89,4,5431,1,105,0
1056,89,4,5217,1,156,0
1057,89,4,4857,1,230,0
1058,89,4,5121,1,188,0
1059,89,4,5011,1,245,0
1060,89,4,5195,1,183,0
1061,89,4,4584,1,313,0
1062,89,4,5353,1,121,0
1063,89,4,5098,1,189,0
1064,89,4,5439,1,94,0
1065,89,4,5080,1,217,0
1066,89,4,5272,1,158,0
1067,90,4,4856,1,244,0
1068,90,4,5281,1,137,0
1069,90,4,5540,1,72,0
1070,90,4,4958,1,228,0
1071,90,4,5023,1,233,0
1072,90,4,5392,1,114,0
1073,90,4,5338,1,120,0
1074,90,1,1052,0,342,0
1075,90,4,5112,1,177,0
1076,90,4,4799,1,317,0
1077,90,4,4904,1,223,0
1078,90,4,5067,1,212,0
1079,90,2,2133,0,353,0
1080,90,0,99,0,169,0
1081,90,3,3281,0,264,0
1082,91,4,5229,1,175,0
1083,91,4,5187,1,175,0
1084,91,4,5222,1,165,0
1085,91,4,5078,1,230,0
1086,91,4,5160,1,167,0
1087,91,4,5298,1,126,0
1088,91,4,5061,1,230,0
1089,91,4,5418,1,107,0
1090,91,4,5082,1,179,0
1091,91,4,5195,1,167,0
1092,91,4,5321,1,164,0
1093,91,4,5305,1,141,0
1094,91,4,4901,1,289,0
1095,91,3,3401,0,259,0
1096,91,4,4901,1,298,0
1097,91,4,5299,1,124,0
1098,91,4,5217,1,196,0
1099,92,4,5240,1,156,0
1100,92,1,1284,0,1001,1
1101,92,4,4921,1,261,0
1102,92,4,4826,1,319,0
1103,92,3,3365,0,233,0
1104,92,4,4365,1,512,0
1105,92,4,5350,1,132,0
1106,92,4,5166,1,171,0
1107,92,4,5246,1,169,0
1108,92,4,5544,1,69,0
1109,92,4,5234,1,151,0
1110,93,4,4205,1,613,0
1111,93,4,5402,1,112,0
1112,93,4,5485,1,89,0
1113,93,4,5465,1,92,0
1114,93,4,4453,1,466,0
1115,93,4,5344,1,130,0
1116,93,0,99,0,175,0
1117,93,4,5403,1,113,0
1118,93,4,5015,1,190,0
1119,93,4,5383,1,106,0
1120,93,4,4950,1,270,0
1121,93,4,5205,1,157,0
1122,93,4,5426,1,106,0
1123,93,4,5381,1,117,0
1124,93,2,2172,0,315,0
1125,94,4,4866,1,408,0
1126,94,4,5283,1,152,0
1127,94,4,4825,1,313,0
1128,94,4,5510,1,90,0
1129,94,0,183,0,356,0
1130,94,4,5314,1,137,0
1131,94,4,5312,1,129,0
1132,94,4,5112,1,190,0
1133,94,4,5216,1,215,0
1134,94,4,4912,1,300,0
1135,94,4,5486,1,89,0
1136,94,4,4653,1,270,0
1137,94,4,5458,1,91,0
1138,94,4,5464,1,93,0
1139,94,4,5432,1,95,0
1140,94,4,5310,1,122,0
1141,95,2,2034,0,308,0
1142,95,4,4976,1,220,0
1143,95,4,5065,1,226,0
1144,95,4,5446,1,98,0
1145,95,4,5083,1,203,0
1146,95,4,5104,1,207,0
1147,95,0,193,0,138,0
1148,95,4,5484,1,89,0
1149,95,4,4967,1,223,0
1150,95,4,5370,1,122,0
1151,95,4,5188,1,169,0
1152,95,4,5102,1,193,0
1153,95,4,5400,1,121,0
1154,95,2,2280,0,250,0
1155,95,4,5363,1,127,0
1156,95,4,4909,1,267,0
1157,95,3,3458,0,303,0
1158,95,4,5270,1,141,0
1159,96,4,5271,1,137,0
1160,96,4,5091,1,214,0
1161,96,4,4731,1,301,0
1162,96,4,4749,1,263,0
1163,96,4,5391,1,118,0
1164,96,4,4950,1,265,0
1165,96,4,5544,1,71,0
1166,96,3,3156,0,503,0
1167,96,4,5353,1,118,0
1168,96,4,4444,1,477,0
1169,96,4,5258,1,143,0
1170,96,4,5446,1,98,0
1171,96,4,5318,1,132,0
1172,96,1,1224,0,166,0
1173,96,4,5376,1,108,0
1174,97,4,4711,1,348,0
1175,97,4,5096,1,207,0
1176,97,4,5218,1,181,0
1177,97,4,5354,1,122,0
1178,97,4,5304,1,137,0
1179,97,4,4992,1,241,0
1180,97,4,5107,1,201,0
1181,97,4,5079,1,253,0
1182,97,4,5063,1,230,0
1183,97,4,5240,1,170,0
1184,97,4,5247,1,171,0
1185,97,4,5341,1,131,0
1186,97,4,5141,1,182,0
1187,97,4,4960,1,248,0
1188,97,4,5317,1,154,0
1189,98,4,5080,1,213,0
1190,98,4,5046,1,216,0
1191,98,4,4929,1,250,0
1192,98,4,5315,1,145,0
1193,98,4,5231,1,136,0
1194,98,4,5216,1,163,0
1195,98,4,5016,1,207,0
1196,98,4,4836,1,302,0
1197,98,4,5503,1,80,0
1198,98,2,2194,0,498,0
1199,98,4,4869,1,301,0
1200,99,1,1284,0,1001,1
1201,99,4,4652,1,379,0
1202,99,4,5313,1,142,0
1203,99,4,5258,1,154,0
1204,99,2,2106,0,316,0
1205,99,4,4941,1,232,0
1206,99,4,5024,1,241,0
1207,99,4,5339,1,122,0
1208,99,4,4820,1,312,0
1209,99,4,5055,1,242,0
1210,99,4,5391,1,109,0
1211,99,4,5276,1,151,0
1212,99,4,5091,1,198,0
1213,99,4,5125,1,189,0
1214,100,4,5170,1,198,0
1215,100,0,188,0,269,0
1216,100,4,4517,1,382,0
1217,100,4,5038,1,206,0
1218,100,4,4870,1,226,0
1219,100,4,4996,1,242,0
1220,100,4,4738,1,247,0
1221,100,4,4883,1,205,0
1222,100,4,5525,1,75,0
1223,100,1,1122,0,223,0
1224,100,4,5318,1,142,0
1225,100,4,5342,1,124,0
1226,100,4,4403,1,507,0
1227,100,4,5118,1,173,0
1228,101,4,4953,1,272,0
1229,101,3,3205,0,321,0
1230,101,4,4855,1,300,0
1231,101,4,5434,1,96,0
1232,101,4,4871,1,337,0
1233,101,4,5039,1,260,0
1234,101,4,4736,1,343,0
1235,101,4,4906,1,211,0
1236,101,4,5196,1,176,0
1237,101,4,5052,1,204,0
1238,101,4,5393,1,116,0
1239,101,4,5336,1,120,0
1240,101,4,4867,1,411,0
1241,101,4,5469,1,93,0
1242,102,4,4885,1,239,0
1243,102,4,4749,1,332,0
1244,102,2,2156,0,169,0
1245,102,1,1141,0,359,0
1246,102,4,4706,1,327,0
1247,102,4,4706,1,381,0
1248,102,4,5063,1,235,0
1249,102,4,4879,1,272,0
1250,102,4,5455,1,98,0
1251,102,0,192,0,332,0
1252,102,4,5383,1,112,0
1253,102,4,5271,1,119,0
1254,102,4,5051,1,173,0
1255,103,1,1100,0,265,0
1256,103,4,4846,1,313,0
1257,103,4,4724,1,349,0
1258,103,2,2113,0,206,0
1259,103,0,99,0,169,0
1260,103,4,5313,1,137,0
1261,103,4,5021,1,200,0
1262,103,4,5127,1,187,0
1263,103,4,4811,1,313,0
1264,103,4,5116,1,227,0
1265,103,4,5174,1,168,0
1266,103,4,4346,1,462,0
1267,103,0,99,0,129,0
1268,103,4,5183,1,166,0
1269,104,4,4881,1,355,0
1270,104,4,5247,1,172,0
1271,104,4,5244,1,167,0
1272,104,4,5478,1,88,0
1273,104,4,5057,1,228,0
1274,104,4,5438,1,100,0
1275,104,4,5437,1,97,0
1276,104,4,5476,1,92,0
1277,104,4,4937,1,276,0
1278,104,4,5020,1,195,0
1279,104,4,5120,1,192,0
1280,104,4,5501,1,85,0
1281,104,4,5416,1,98,0
1282,104,3,3013,0,466,0
1283,104,4,5297,1,145,0
1284,104,4,4994,1,228,0
1285,105,2,2368,0,363,0
1286,105,4,5346,1,132,0
1287,105,4,5104,1,210,0
1288,105,4,5276,1,156,0
1289,105,4,5418,1,109,0
1290,105,4,4722,1,280,0
1291,105,4,5376,1,119,0
1292,105,4,5478,1,85,0
1293,105,4,4447,1,407,0
1294,105,4,5509,1,100,0
1295,105,4,5348,1,134,0
1296,105,4,4760,1,352,0
1297,105,4,5319,1,133,0
1298,105,4,4916,1,252,0
1299,105,4,5255,1,148,0
1300,106,1,1284,0,1001,1
1301,106,4,5304,1,144,0
1302,106,3,2965,0,377,0
1303,106,4,5441,1,90,0
1304,106,4,5210,1,160,0
1305,106,4,5086,1,194,0
1306,106,4,5203,1,166,0
1307,106,2,2426,0,235,0
1308,106,4,5251,1,170,0
1309,106,4,5314,1,140,0
1310,106,4,5416,1,105,0
1311,106,4,5234,1,149,0
1312,106,4,5293,1,145,0
1313,106,4,5495,1,85,0
1314,106,4,5072,1,293,0
1315,106,4,5229,1,174,0
1316,107,4,5153,1,177,0
1317,107,4,4907,1,290,0
1318,107,3,3086,0,451,0
1319,107,4,5059,1,184,0
1320,107,4,5016,1,233,0
1321,107,4,4894,1,262,0
1322,107,3,3046,0,371,0
1323,107,4,4849,1,299,0
1324,107,4,5456,1,96,0
1325,107,4,5439,1,93,0
1326,107,0,186,0,203,0
1327,107,1,1035,0,228,0
1328,107,4,5444,1,92,0
1329,108,4,5179,1,186,0
1330,108,4,5331,1,127,0
1331,108,4,5454,1,85,0
1332,108,2,2280,0,235,0
1333,108,1,881,0,619,0
1334,108,4,5496,1,77,0
1335,108,4,5357,1,147,0
1336,108,4,5359,1,131,0
1337,108,4,5519,1,78,0
1338,108,4,5439,1,86,0
1339,108,4,5337,1,148,0
1340,108,4,5235,1,157,0
1341,108,4,5570,1,62,0
1342,108,3,3177,0,215,0
1343,108,4,5512,1,80,0
1344,108,4,5541,1,71,0
1345,108,4,5007,1,191,0
1346,108,4,5510,1,90,0
1347,108,4,5509,1,79,0
1348,108,4,5364,1,122,0
1349,108,4,5366,1,154,0
1350,108,4,5234,1,182,0
1351,109,4,5576,1,64,0
1352,109,4,5460,1,83,0
1353,109,4,5573,1,62,0
1354,109,2,2207,0,417,0
1355,109,2,2002,0,415,0
1356,109,4,5305,1,116,0
1357,109,4,5289,1,113,0
1358,109,4,4721,1,243,0
1359,109,4,5524,1,72,0
1360,109,4,5237,1,150,0
1361,109,4,5509,1,79,0
1362,109,4,5442,1,118,0
1363,109,4,5538,1,72,0
1364,109,4,5576,1,60,0
1365,109,4,5531,1,71,0
1366,109,4,5570,1,63,0
1367,109,2,2325,0,180,0
1368,109,4,5558,1,65,0
1369,109,4,5251,1,146,0
1370,109,4,5234,1,164,0
1371,109,4,5109,1,188,0
1372,110,4,4069,1,587,0
1373,110,4,4884,1,233,0
1374,110,4,4907,1,304,0
1375,110,4,5300,1,146,0
1376,110,4,5262,1,160,0
1377,110,4,4825,1,307,0
1378,110,4,5359,1,146,0
1379,110,4,5213,1,157,0
1380,110,4,5412,1,122,0
1381,110,4,5301,1,130,0
1382,110,4,4946,1,274,0
1383,110,4,5473,1,92,0
1384,110,0,190,0,174,0
1385,110,4,5439,1,101,0
1386,110,4,4906,1,226,0
1387,110,4,5293,1,153,0
1388,111,4,4942,1,280,0
1389,111,4,4740,1,317,0
1390,111,2,2290,0,414,0
1391,111,4,4799,1,370,0
1392,111,4,5252,1,168,0
1393,111,4,4982,1,186,0
1394,111,4,4512,1,432,0
1395,111,4,5387,1,124,0
1396,111,4,5384,1,124,0
1397,111,4,4883,1,245,0
1398,111,4,5010,1,239,0
1399,112,4,4746,1,356,0
1400,112,2,2359,0,1001,1
1401,112,4,5187,1,189,0
1402,112,4,5244,1,184,0
1403,112,1,1064,0,328,0
1404,112,4,4190,1,630,0
1405,112,2,2211,0,299,0
1406,112,4,5391,1,120,0
1407,112,4,5355,1,134,0
1408,112,4,5290,1,173,0
1409,113,4,5310,1,147,0
1410,113,4,4826,1,303,0
1411,113,4,5328,1,118,0
1412,113,4,5028,1,212,0
1413,113,4,4881,1,305,0
1414,113,4,4887,1,264,0
1415,113,4,5282,1,153,0
1416,113,4,5085,1,269,0
1417,113,4,4788,1,371,0
1418,113,4,5449,1,98,0
1419,113,4,5199,1,190,0
1420,113,4,5150,1,196,0
1421,113,4,5151,1,175,0
1422,113,4,5262,1,168,0
1423,114,1,1054,0,199,0
1424,114,4,4834,1,330,0
1425,114,4,4956,1,275,0
1426,114,4,5488,1,87,0
1427,114,4,4576,1,433,0
1428,114,3,3272,0,301,0
1429,114,4,4819,1,274,0
1430,114,4,5180,1,139,0
1431,114,4,5111,1,191,0
1432,114,4,5075,1,206,0
1433,114,4,5230,1,191,0
1434,114,4,4945,1,277,0
1435,114,4,5094,1,222,0
1436,115,4,4817,1,267,0
1437,115,4,5073,1,228,0
1438,115,4,5102,1,220,0
1439,115,4,5544,1,74,0
1440,115,4,5273,1,158,0
1441,115,4,4638,1,363,0
1442,115,4,4950,1,263,0
1443,115,4,5333,1,139,0
1444,115,4,5415,1,113,0
1445,115,0,99,0,138,0
1446,115,4,4852,1,283,0
1447,115,4,5310,1,149,0
1448,115,4,5496,1,87,0
1449,115,4,5443,1,101,0
1450,115,4,4581,1,433,0
1451,115,4,5265,1,165,0
1452,115,4,5207,1,179,0
1453,116,4,4790,1,375,0
1454,116,4,4984,1,253,0
1455,116,4,4867,1,315,0
1456,116,4,5064,1,236,0
1457,116,4,4974,1,291,0
1458,116,4,4932,1,240,0
1459,116,4,4991,1,208,0
1460,116,4,5304,1,146,0
1461,116,4,4785,1,315,0
1462,116,3,3290,0,236,0
1463,116,4,4916,1,254,0
1464,117,4,4540,1,462,0
1465,117,4,5229,1,164,0
1466,117,4,5412,1,96,0
1467,117,4,5471,1,96,0
1468,117,4,4925,1,289,0
1469,117,4,4893,1,262,0
1470,117,4,5369,1,126,0
1471,117,4,4621,1,386,0
1472,117,4,5155,1,200,0
1473,117,4,4947,1,274,0
1474,117,4,5347,1,133,0
1475,117,4,5482,1,91,0
1476,117,4,5202,1,187,0
1477,117,4,4883,1,303,0
1478,117,4,4754,1,350,0
1479,118,4,4976,1,268,0
1480,118,4,5098,1,241,0
1481,118,4,5502,1,86,0
1482,118,4,5138,1,167,0
1483,118,4,5288,1,158,0
1484,118,4,5233,1,164,0
1485,118,4,5451,1,100,0
1486,118,4,5231,1,177,0
1487,118,4,4917,1,294,0
1488,118,4,5244,1,189,0
1489,118,4,5400,1,115,0
1490,118,4,5100,1,224,0
1491,118,4,5301,1,152,0
1492,118,4,5169,1,195,0
1493,118,4,4885,1,291,0
1494,118,4,5436,1,104,0
1495,118,4,5173,1,196,0
1496,118,4,5356,1,133,0
1497,119,4,5521,1,80,0
1498,119,0,275,0,238,0
1499,119,4,5175,1,182,0
1500,119,2,2359,0,1001,1
1501,119,4,5326,1,143,0
1502,119,4,5058,1,228,0
1503,119,4,4413,1,522,0
1504,119,4,5123,1,213,0
1505,119,4,4556,1,307,0
1506,119,4,5398,1,112,0
1507,120,4,4884,1,291,0
1508,120,4,4785,1,266,0
1509,120,4,5347,1,135,0
1510,120,4,5095,1,199,0
1511,120,4,5519,1,81,0
1512,120,4,5549,1,67,0
1513,120,4,4894,1,230,0
1514,120,4,5295,1,130,0
1515,120,4,5215,1,183,0
1516,120,4,4986,1,197,0
1517,120,4,4870,1,310,0
1518,120,4,5187,1,207,0
1519,120,4,4979,1,266,0
1520,120,4,4732,1,317,0
1521,120,4,5538,1,72,0
1522,120,4,5420,1,110,0
1523,120,1,1257,0,183,0
1524,121,4,5046,1,241,0
1525,121,4,5436,1,107,0
1526,121,4,4707,1,274,0
1527,121,3,3380,0,313,0
1528,121,4,5089,1,210,0
1529,121,4,4902,1,271,0
1530,121,4,4880,1,237,0
1531,121,4,5206,1,184,0
1532,121,4,5048,1,242,0
1533,121,4,4491,1,462,0
1534,121,4,5210,1,207,0
1535,121,4,5324,1,144,0
1536,121,4,5357,1,119,0
1537,122,4,4541,1,460,0
1538,122,4,4699,1,379,0
1539,122,4,5356,1,122,0
1540,122,4,5102,1,221,0
1541,122,4,5181,1,175,0
1542,122,4,5205,1,181,0
1543,122,4,5382,1,118,0
1544,122,4,5251,1,159,0
1545,122,2,2201,0,336,0
1546,122,4,5049,1,244,0
1547,122,4,5204,1,175,0
1548,122,4,5168,1,202,0
1549,122,4,5225,1,188,0
1550,122,4,5230,1,189,0
1551,122,4,5475,1,90,0
1552,123,4,4808,1,361,0
1553,123,4,5270,1,146,0
1554,123,4,5056,1,228,0
1555,123,4,5023,1,202,0
1556,123,4,5088,1,234,0
1557,123,4,5173,1,181,0
1558,123,4,5208,1,188,0
1559,123,2,2251,0,449,0
1560,123,4,5259,1,167,0
1561,123,4,5166,1,228,0
1562,123,4,5441,1,105,0
1563,123,4,5235,1,163,0
1564,123,4,4999,1,259,0
1565,123,4,5131,1,179,0
1566,123,4,5378,1,106,0
1567,124,4,5110,1,212,0
1568,124,1,1191,0,246,0
1569,124,4,4610,1,423,0
1570,124,4,5107,1,207,0
1571,124,4,5297,1,150,0
1572,124,4,4762,1,298,0
1573,124,4,4388,1,460,0
1574,124,4,5352,1,135,0
1575,124,4,5352,1,132,0
1576,124,4,5366,1,108,0
1577,124,4,4850,1,306,0
1578,124,4,5126,1,217,0
1579,124,4,4724,1,374,0
1580,125,4,4848,1,302,0
1581,125,4,5142,1,210,0
1582,125,4,5184,1,174,0
1583,125,4,5093,1,166,0
1584,125,4,5315,1,146,0
1585,125,4,5107,1,209,0
1586,125,4,4655,1,424,0
1587,125,4,5421,1,104,0
1588,125,4,5454,1,96,0
1589,125,4,4628,1,381,0
1590,125,4,5163,1,230,0
1591,125,4,5343,1,128,0
1592,125,0,99,0,190,0
1593,125,4,5368,1,132,0
1594,126,4,4359,1,535,0
1595,126,4,5321,1,111,0
1596,126,4,5187,1,178,0
1597,126,4,5219,1,167,0
1598,126,4,4945,1,279,0
1599,126,4,4681,1,269,0
1600,126,2,2359,0,1001,1
1601,126,4,4952,1,279,0
1602,126,4,5388,1,121,0
1603,126,4,5274,1,159,0
1604,126,4,5293,1,138,0
1605,126,4,5176,1,181,0
1606,127,3,3267,0,262,0
1607,127,4,5309,1,146,0
1608,127,4,5400,1,106,0
1609,127,4,5226,1,179,0
1610,127,4,5256,1,168,0
1611,127,4,5365,1,116,0
1612,127,4,5264,1,158,0
1613,127,4,5329,1,136,0
1614,127,2,2399,0,217,0
1615,127,4,5494,1,86,0
1616,127,4,5134,1,205,0
1617,127,4,5032,1,251,0
1618,127,4,5177,1,191,0
1619,127,4,5314,1,150,0
1620,127,4,4952,1,279,0
1621,127,2,2033,0,279,0
1622,127,4,5236,1,176,0
1623,127,4,5034,1,246,0
1624,128,4,4237,1,571,0
1625,128,4,4892,1,303,0
1626,128,4,4904,1,299,0
1627,128,4,5402,1,107,0
1628,128,4,5322,1,158,0
1629,128,4,5122,1,196,0
1630,128,4,5249,1,166,0
1631,128,4,5342,1,148,0
1632,128,4,5054,1,202,0
1633,128,4,5064,1,242,0
1634,128,4,4865,1,324,0
1635,128,4,5178,1,185,0
1636,128,4,5354,1,133,0
1637,129,3,3026,0,362,0
1638,129,4,5395,1,118,0
1639,129,3,3116,0,277,0
1640,129,4,4801,1,339,0
1641,129,4,5121,1,234,0
1642,129,4,5085,1,215,0
1643,129,4,5375,1,122,0
1644,129,4,5072,1,251,0
1645,129,4,5240,1,138,0
1646,129,4,5524,1,74,0
1647,129,4,5270,1,166,0
1648,129,4,5426,1,134,0
1649,129,4,5497,1,89,0
1650,129,4,5402,1,116,0
1651,129,4,5341,1,115,0
1652,129,4,5389,1,112,0
1653,129,4,5160,1,203,0
1654,129,1,1097,0,303,0
1655,130,4,5088,1,158,0
1656,130,4,5082,1,205,0
1657,130,4,5464,1,102,0
1658,130,4,5182,1,195,0
1659,130,4,5485,1,91,0
1660,130,4,5127,1,206,0
1661,130,4,5252,1,166,0
1662,130,4,4985,1,270,0
1663,130,4,5449,1,101,0
1664,130,3,3335,0,199,0
1665,130,4,5301,1,139,0
1666,130,4,5313,1,146,0
1667,130,4,5533,1,70,0
1668,130,4,5499,1,98,0
1669,130,4,5278,1,148,0
1670,130,4,5459,1,99,0
1671,130,4,5507,1,81,0
1672,130,4,4788,1,227,0
1673,130,4,5404,1,113,0
1674,130,4,5312,1,136,0
1675,130,4,5390,1,120,0
1676,130,4,5390,1,112,0
1677,130,4,5442,1,98,0
1678,131,4,5513,1,79,0
1679,131,4,5424,1,103,0
1680,131,4,5282,1,151,0
1681,131,4,5530,1,79,0
1682,131,4,5276,1,145,0
1683,131,4,5457,1,97,0
1684,131,4,5413,1,92,0
1685,131,4,4845,1,359,0
1686,131,4,5209,1,185,0
1687,131,4,4759,1,320,0
1688,131,4,4935,1,280,0
1689,131,4,4842,1,272,0
1690,131,4,5281,1,163,0
1691,131,4,5459,1,90,0
1692,131,4,5503,1,82,0
1693,131,1,1292,0,350,0
1694,131,4,5379,1,103,0
1695,131,4,5129,1,168,0
1696,131,4,5465,1,95,0
1697,132,4,5254,1,123,0
1698,132,4,5487,1,86,0
1699,132,4,5470,1,84,0
1700,132,2,2457,0,1001,1
1701,132,4,5179,1,194,0
1702,132,4,5429,1,110,0
1703,132,4,5397,1,109,0
1704,132,4,5478,1,95,0
1705,132,4,5300,1,147,0
1706,132,4,5411,1,115,0
1707,132,4,5515,1,77,0
1708,132,1,1312,0,217,0
1709,132,4,5300,1,123,0
1710,132,4,5404,1,118,0
1711,132,4,5382,1,127,0
1712,132,4,5242,1,163,0
1713,132,4,5221,1,202,0
1714,132,4,5501,1,81,0
1715,132,4,5452,1,106,0
1716,133,4,5477,1,94,0
1717,133,4,5491,1,91,0
1718,133,4,5340,1,140,0
1719,133,4,5054,1,197,0
1720,133,4,5434,1,101,0
1721,133,4,5354,1,114,0
1722,133,4,4938,1,288,0
1723,133,4,5525,1,77,0
1724,133,4,5122,1,232,0
1725,133,4,5387,1,121,0
1726,133,4,5493,1,88,0
1727,133,4,5348,1,134,0
1728,133,4,5545,1,69,0
1729,133,2,2356,0,201,0
1730,133,4,5342,1,137,0
1731,133,4,5231,1,201,0
1732,133,4,4931,1,288,0
1733,133,4,4937,1,308,0
1734,133,4,5179,1,191,0
1735,133,4,5058,1,235,0
1736,134,4,5142,1,217,0
1737,134,4,5319,1,139,0
1738,134,4,5216,1,170,0
1739,134,4,4782,1,349,0
1740,134,4,5438,1,103,0
1741,134,3,3291,0,306,0
1742,134,4,4996,1,206,0
1743,134,4,5299,1,157,0
1744,134,4,5498,1,84,0
1745,134,4,5349,1,133,0
1746,134,4,4875,1,299,0
1747,134,4,5416,1,110,0
1748,134,4,5267,1,156,0
1749,134,4,5333,1,125,0
1750,134,4,5340,1,142,0
1751,134,4,5114,1,218,0
1752,134,4,4886,1,282,0
1753,135,4,4984,1,234,0
1754,135,1,1243,0,342,0
1755,135,4,5364,1,128,0
1756,135,2,2181,0,595,0
1757,135,2,2168,0,307,0
1758,135,4,5298,1,152,0
1759,135,4,5046,1,213,0
1760,135,4,5385,1,125,0
1761,135,4,5232,1,169,0
1762,135,4,5017,1,255,0
1763,135,4,4832,1,334,0
1764,135,4,4878,1,302,0
1765,136,4,4711,1,312,0
1766,136,4,5075,1,178,0
1767,136,4,4638,1,396,0
1768,136,4,4866,1,308,0
1769,136,4,5421,1,109,0
1770,136,4,4367,1,512,0
1771,136,4,4601,1,430,0
1772,136,4,5402,1,118,0
1773,136,4,4893,1,321,0
1774,136,4,4950,1,191,0
1775,136,4,5339,1,124,0
1776,136,4,5117,1,214,0
1777,137,3,3213,0,348,0
1778,137,4,5520,1,76,0
1779,137,4,5180,1,219,0
1780,137,4,5226,1,156,0
1781,137,4,4820,1,314,0
1782,137,4,5342,1,133,0
1783,137,4,5211,1,157,0
1784,137,4,5343,1,142,0
1785,137,4,4797,1,324,0
1786,137,4,4505,1,486,0
1787,137,4,4819,1,329,0
1788,137,4,4899,1,270,0
1789,137,4,5226,1,165,0
1790,137,4,4878,1,282,0
1791,138,4,5320,1,145,0
1792,138,4,4285,1,556,0
1793,138,4,4948,1,273,0
1794,138,4,4952,1,269,0
1795,138,4,5059,1,212,0
1796,138,4,5291,1,141,0
1797,138,4,5326,1,152,0
1798,138,4,5234,1,189,0
1799,138,4,5332,1,155,0
1800,138,2,2359,0,1001,1
1801,138,4,5122,1,215,0
1802,139,4,5411,1,113,0
1803,139,4,5259,1,162,0
1804,139,4,5313,1,146,0
1805,139,2,2132,0,467,0
1806,139,4,5252,1,163,0
1807,139,4,5280,1,158,0
1808,139,1,1075,0,301,0
1809,139,4,5211,1,155,0
1810,139,4,4782,1,324,0
1811,139,4,5426,1,106,0
1812,139,4,5044,1,240,0
1813,139,4,5031,1,247,0
1814,139,4,4859,1,278,0
1815,139,4,5033,1,173,0
1816,139,4,5293,1,150,0
1817,140,4,4697,1,369,0
1818,140,4,5110,1,216,0
1819,140,4,5184,1,193,0
1820,140,4,5183,1,186,0
1821,140,4,4904,1,309,0
1822,140,0,99,0,202,0
1823,140,4,5337,1,135,0
1824,140,4,5416,1,113,0
1825,140,4,4939,1,280,0
1826,140,4,5118,1,170,0
1827,140,2,2179,0,277,0
1828,140,4,5234,1,168,0
1829,140,4,5403,1,113,0
1830,140,4,5086,1,208,0
1831,140,4,5251,1,157,0
1832,141,4,4784,1,346,0
1833,141,4,5247,1,163,0
1834,141,4,5077,1,244,0
1835,141,4,4997,1,249,0
1836,141,4,5001,1,257,0
1837,141,4,4854,1,315,0
1838,141,4,5470,1,95,0
1839,141,4,5080,1,226,0
1840,141,4,5427,1,108,0
1841,141,4,5060,1,198,0
1842,141,4,4798,1,296,0
1843,141,4,4999,1,245,0
1844,142,1,1073,0,747,0
1845,142,3,3514,0,596,0
1846,142,4,5027,1,205,0
1847,142,4,4984,1,257,0
1848,142,4,5050,1,239,0
1849,142,4,4678,1,365,0
1850,142,4,5178,1,172,0
1851,142,4,5221,1,179,0
1852,142,4,5289,1,157,0
1853,142,4,5140,1,162,0
1854,142,0,99,0,152,0
1855,142,4,5021,1,258,0
1856,142,4,5419,1,106,0
1857,142,4,5339,1,139,0
1858,143,4,5019,1,253,0
1859,143,4,5148,1,204,0
1860,143,4,5334,1,127,0
1861,143,4,4946,1,256,0
1862,143,4,5289,1,160,0
1863,143,4,5563,1,66,0
1864,143,4,5026,1,205,0
1865,143,4,4901,1,301,0
1866,143,2,2063,0,424,0
1867,143,4,5259,1,157,0
1868,143,4,5343,1,132,0
1869,143,4,5520,1,79,0
1870,143,4,5562,1,69,0
1871,143,4,5531,1,75,0
1872,143,4,5187,1,186,0
1873,143,2,2070,0,382,0
1874,143,4,5353,1,128,0
1875,144,4,5192,1,190,0
1876,144,4,5404,1,132,0
1877,144,4,5150,1,214,0
1878,144,4,5203,1,184,0
1879,144,4,5430,1,106,0
1880,144,4,5301,1,149,0
1881,144,4,4707,1,347,0
1882,144,4,5507,1,78,0
1883,144,4,5352,1,120,0
1884,144,4,5306,1,174,0
1885,144,4,5536,1,73,0
1886,144,4,5335,1,164,0
1887,144,4,4944,1,253,0
1888,144,4,4871,1,297,0
1889,144,4,5004,1,255,0
1890,144,2,2146,0,337,0
1891,144,4,5240,1,144,0
1892,145,4,5236,1,150,0
1893,145,4,5390,1,121,0
1894,145,3,3577,0,525,0
1895,145,4,4979,1,230,0
1896,145,4,5247,1,130,0
1897,145,4,5460,1,108,0
1898,145,4,4900,1,263,0
1899,145,4,5326,1,128,0
1900,145,2,2457,0,1001,1
1901,145,4,4771,1,225,0
1902,145,4,5470,1,95,0
1903,145,4,5144,1,195,0
1904,146,4,5348,1,133,0
1905,146,4,4781,1,225,0
1906,146,4,5371,1,127,0
1907,146,4,4793,1,352,0
1908,146,4,5435,1,104,0
1909,146,4,5091,1,239,0
1910,146,4,5262,1,160,0
1911,146,4,5506,1,77,0
1912,146,4,5564,1,65,0
1913,146,4,5486,1,82,0
1914,146,4,5551,1,71,0
1915,146,4,5343,1,134,0
1916,146,4,5236,1,166,0
1917,146,4,5524,1,76,0
1918,146,1,994,0,399,0
1919,146,3,3037,0,389,0
1920,146,4,5267,1,167,0
1921,146,4,5495,1,84,0
1922,147,4,5127,1,205,0
1923,147,4,4962,1,229,0
1924,147,4,5264,1,158,0
1925,147,4,5201,1,181,0
1926,147,4,5558,1,69,0
1927,147,4,5337,1,134,0
1928,147,4,5379,1,113,0
1929,147,4,5200,1,186,0
1930,147,4,5515,1,75,0
1931,147,4,4865,1,304,0
1932,147,4,5059,1,173,0
1933,147,4,5254,1,147,0
1934,147,4,5547,1,69,0
1935,147,4,5292,1,204,0
1936,147,4,5240,1,181,0
1937,147,4,5343,1,123,0
1938,147,4,5482,1,92,0
1939,147,4,5096,1,211,0
1940,147,4,5410,1,113,0
1941,147,0,99,0,149,0
1942,147,4,4884,1,220,0
1943,148,4,5488,1,85,0
1944,148,4,5412,1,99,0
1945,148,2,2137,0,525,0
1946,148,4,5168,1,196,0
1947,148,4,5427,1,107,0
1948,148,0,0,0,143,0
1949,148,4,5408,1,106,0
1950,148,4,5259,1,167,0
1951,148,4,5368,1,121,0
1952,148,4,5093,1,214,0
1953,148,2,1783,0,925,0
1954,148,4,5553,1,69,0
1955,148,4,5388,1,112,0
1956,148,4,5199,1,189,0
1957,148,4,5347,1,153,0
1958,149,4,5479,1,88,0
1959,149,4,5076,1,182,0
1960,149,4,5106,1,214,0
1961,149,4,5140,1,217,0
1962,149,4,5159,1,177,0
1963,149,4,5407,1,115,0
1964,149,4,5246,1,173,0
1965,149,4,5422,1,106,0
1966,149,4,5244,1,153,0
1967,149,4,5505,1,82,0
1968,149,4,5374,1,147,0
1969,149,4,5296,1,149,0
1970,149,4,5414,1,111,0
1971,149,4,4995,1,181,0
1972,149,4,5404,1,117,0
1973,149,4,5157,1,204,0
1974,149,4,5149,1,204,0
1975,149,4,5002,1,202,0
1976,149,4,5495,1,90,0
1977,149,4,4857,1,215,0
1978,150,4,5243,1,164,0
1979,150,4,5434,1,116,0
1980,150,4,5156,1,203,0
1981,150,1,945,0,631,0
1982,150,2,2130,0,352,0
1983,150,4,5446,1,99,0
1984,150,4,5335,1,122,0
1985,150,4,5575,1,63,0
1986,150,4,5399,1,103,0
1987,150,4,5087,1,183,0
1988,150,4,5381,1,122,0
1989,150,4,5416,1,112,0
1990,150,4,5502,1,81,0
1991,150,4,5092,1,170,0
1992,150,4,5456,1,107,0
1993,150,4,5131,1,157,0
1994,150,4,5446,1,97,0
1995,150,4,5190,1,240,0
1996,150,4,5361,1,110,0
1997,151,4,5345,1,137,0
1998,151,4,5518,1,84,0
1999,151,4,5083,1,230,0
2000,151,2,2457,0,1001,1
2001,151,4,5463,1,95,0
2002,151,4,5211,1,158,0
2003,151,4,5405,1,116,0
2004,151,4,5322,1,144,0
2005,151,4,5448,1,91,0
2006,151,4,5128,1,254,0
2007,151,4,5468,1,93,0
2008,151,4,5153,1,171,0
2009,151,4,5295,1,144,0
2010,151,4,5429,1,98,0
2011,151,4,5294,1,172,0
2012,151,4,5472,1,88,0
2013,151,4,5223,1,168,0
2014,152,4,5417,1,112,0
2015,152,4,5176,1,220,0
2016,152,4,5579,1,62,0
2017,152,4,5341,1,136,0
2018,152,4,5395,1,118,0
2019,152,4,5459,1,100,0
2020,152,4,4779,1,352,0
2021,152,4,5210,1,184,0
2022,152,4,5530,1,70,0
2023,152,4,5458,1,94,0
2024,152,4,5329,1,142,0
2025,152,4,5475,1,100,0
2026,152,4,5452,1,119,0
2027,152,4,5517,1,77,0
2028,152,4,5565,1,64,0
2029,152,4,5497,1,75,0
2030,152,4,4873,1,244,0
2031,152,4,5341,1,134,0
2032,152,4,4898,1,197,0
2033,152,4,4754,1,291,0
2034,152,4,5161,1,166,0
2035,152,4,5322,1,129,0
2036,152,4,5337,1,131,0
2037,153,2,2008,0,500,0
2038,153,4,5498,1,88,0
2039,153,4,5524,1,77,0
2040,153,4,5047,1,246,0
2041,153,4,5458,1,102,0
2042,153,4,5097,1,164,0
2043,153,4,5338,1,127,0
2044,153,4,5275,1,143,0
2045,153,4,5417,1,106,0
2046,153,3,3206,0,489,0
2047,153,4,5195,1,208,0
2048,153,4,4769,1,367,0
2049,154,2,2030,0,1001,0
2050,154,4,5371,1,124,0
2051,154,4,5525,1,75,0
2052,154,4,5287,1,158,0
2053,154,4,5154,1,211,0
2054,154,4,5436,1,105,0
2055,154,4,5497,1,90,0
2056,154,4,5488,1,83,0
2057,154,4,5491,1,86,0
2058,154,4,4527,1,781,0
2059,154,2,1902,0,362,0
2060,154,4,5169,1,190,0
2061,155,3,3511,0,1001,0
2062,155,4,5306,1,180,0
2063,155,4,5525,1,77,0
2064,155,4,5158,1,204,0
2065,155,4,5397,1,119,0
2066,155,4,5451,1,103,0
2067,155,4,5408,1,188,0
2068,155,4,4533,1,462,0
2069,155,4,5492,1,85,0
2070,155,4,5312,1,181,0
2071,155,4,5528,1,79,0
2072,155,4,5463,1,100,0
2073,155,4,5366,1,122,0
2074,155,2,2168,0,241,0
2075,155,4,5400,1,120,0
2076,155,4,5127,1,193,0
2077,155,4,5124,1,178,0
2078,156,4,5383,1,123,0
2079,156,3,2895,0,388,0
2080,156,4,5467,1,95,0
2081,156,4,5568,1,64,0
2082,156,4,5120,1,187,0
2083,156,3,3395,0,278,0
2084,156,4,5327,1,161,0
2085,156,4,5430,1,96,0
2086,156,4,4714,1,256,0
2087,156,4,5475,1,96,0
2088,156,4,5365,1,121,0
2089,156,4,5298,1,134,0
2090,156,4,5284,1,154,0
2091,156,4,4985,1,266,0
2092,156,4,5074,1,226,0
2093,156,4,4905,1,285,0
2094,156,4,5486,1,87,0
2095,156,4,5548,1,64,0
2096,156,4,5401,1,116,0
2097,157,4,4941,1,236,0
2098,157,4,5249,1,130,0
2099,157,4,5249,1,194,0
2100,157,2,2457,0,1001,1
2101,157,4,5517,1,72,0
2102,157,4,5329,1,134,0
2103,157,4,5269,1,146,0
2104,157,4,5180,1,191,0
2105,157,4,5327,1,126,0
2106,157,4,4980,1,237,0
2107,157,4,5450,1,98,0
2108,157,4,5463,1,89,0
2109,157,4,5425,1,109,0
2110,157,4,5502,1,87,0
2111,157,4,5456,1,97,0
2112,157,4,5440,1,110,0
2113,157,2,2028,0,182,0
2114,158,4,5123,1,210,0
2115,158,4,5425,1,121,0
2116,158,4,5315,1,144,0
2117,158,4,5386,1,113,0
2118,158,4,5247,1,160,0
2119,158,4,5438,1,108,0
2120,158,4,5388,1,108,0
2121,158,4,4548,1,366,0
2122,158,4,5574,1,61,0
2123,158,4,5185,1,179,0
2124,158,4,5367,1,150,0
2125,158,4,5098,1,174,0
2126,158,2,2350,0,172,0
2127,158,4,5486,1,85,0
2128,158,2,1940,0,352,0
2129,158,4,5428,1,106,0
2130,158,4,5446,1,104,0
2131,158,4,5511,1,80,0
2132,158,4,5458,1,97,0
2133,158,4,5517,1,99,0
2134,159,1,742,0,548,0
2135,159,4,5103,1,184,0
2136,159,4,5535,1,70,0
2137,159,3,3045,0,254,0
2138,159,4,5494,1,86,0
2139,159,4,5202,1,153,0
2140,159,4,5495,1,85,0
2141,159,4,5230,1,149,0
2142,159,4,5306,1,136,0
2143,159,4,5072,1,229,0
2144,159,4,5338,1,136,0
2145,159,4,5140,1,197,0
2146,159,4,5259,1,198,0
2147,159,4,5187,1,205,0
2148,159,4,5483,1,86,0
2149,159,4,5449,1,102,0
2150,159,4,5257,1,184,0
2151,159,4,5243,1,159,0
2152,159,4,5457,1,127,0
2153,159,4,5368,1,119,0
2154,160,4,5338,1,141,0
2155,160,4,5525,1,79,0
2156,160,4,5350,1,109,0
2157,160,4,5485,1,98,0
2158,160,4,5232,1,178,0
2159,160,4,5188,1,151,0
2160,160,4,5364,1,131,0
2161,160,4,5402,1,109,0
2162,160,3,3311,0,204,0
2163,160,4,5143,1,204,0
2164,160,4,5234,1,211,0
2165,160,4,5525,1,74,0
2166,160,4,5539,1,72,0
2167,160,3,3442,0,239,0
2168,160,4,5302,1,148,0
2169,160,4,5477,1,82,0
2170,160,4,5239,1,174,0
2171,160,4,5292,1,137,0
2172,160,4,5437,1,107,0
2173,160,4,5307,1,133,0
2174,160,4,5346,1,115,0
2175,160,4,5413,1,96,0
2176,161,4,5012,1,242,0
2177,161,4,5450,1,124,0
2178,161,4,5160,1,196,0
2179,161,4,5447,1,100,0
2180,161,4,5429,1,120,0
2181,161,4,5377,1,126,0
2182,161,4,5322,1,142,0
2183,161,4,5396,1,117,0
2184,161,4,5167,1,199,0
2185,161,4,5281,1,198,0
2186,161,4,5484,1,89,0
2187,161,4,5084,1,240,0
2188,161,4,5370,1,127,0
2189,161,4,5452,1,88,0
2190,161,4,5455,1,100,0
2191,161,4,5388,1,116,0
2192,161,4,5395,1,118,0
2193,161,4,5358,1,119,0
2194,161,4,5044,1,240,0
2195,161,4,5514,1,81,0
2196,162,4,4685,1,376,0
2197,162,4,5421,1,116,0
2198,162,4,5503,1,81,0
2199,162,4,5116,1,194,0
2200,162,2,2457,0,1001,1
2201,162,4,5154,1,172,0
2202,162,4,5539,1,69,0
2203,162,4,5496,1,88,0
2204,162,4,5029,1,195,0
2205,162,4,5268,1,159,0
2206,162,4,5458,1,99,0
2207,162,2,2103,0,285,0
2208,162,0,99,0,168,0
2209,162,4,5163,1,170,0
2210,163,4,5514,1,72,0
2211,163,4,5139,1,171,0
2212,163,4,5502,1,78,0
2213,163,4,5300,1,158,0
2214,163,4,5399,1,107,0
2215,163,4,5219,1,132,0
2216,163,4,5024,1,182,0
2217,163,4,4990,1,238,0
2218,163,4,5516,1,79,0
2219,163,4,5340,1,134,0
2220,163,4,4957,1,271,0
2221,163,4,5530,1,74,0
2222,163,4,5359,1,127,0
2223,163,4,5298,1,156,0
2224,163,4,5481,1,88,0
2225,163,4,5193,1,184,0
2226,163,4,4782,1,287,0
2227,163,4,5310,1,124,0
2228,163,4,5411,1,98,0
2229,163,4,4937,1,223,0
2230,163,4,5315,1,116,0
2231,164,4,5304,1,140,0
2232,164,4,5497,1,88,0
2233,164,4,5335,1,105,0
2234,164,4,5230,1,140,0
2235,164,4,5536,1,73,0
2236,164,4,5450,1,94,0
2237,164,4,5153,1,216,0
2238,164,4,4879,1,223,0
2239,164,4,5275,1,161,0
2240,164,4,5415,1,116,0
2241,164,4,5229,1,222,0
2242,164,4,5475,1,88,0
2243,164,4,4946,1,288,0
2244,164,4,5237,1,173,0
2245,164,4,5275,1,164,0
2246,164,4,4954,1,270,0
2247,164,4,5066,1,189,0
2248,164,4,5544,1,70,0
2249,164,4,5437,1,108,0
2250,164,4,5397,1,116,0
2251,164,4,5466,1,94,0
2252,165,4,5403,1,120,0
2253,165,4,5509,1,81,0
2254,165,4,5457,1,107,0
2255,165,4,5388,1,119,0
2256,165,4,5314,1,115,0
2257,165,4,5476,1,88,0
2258,165,4,5411,1,108,0
2259,165,4,5590,1,61,0
2260,165,4,5332,1,142,0
2261,165,4,5437,1,100,0
2262,165,4,5314,1,120,0
2263,165,4,5259,1,150,0
2264,165,4,5100,1,199,0
2265,165,4,5439,1,104,0
2266,165,4,5429,1,108,0
2267,165,4,4885,1,232,0
2268,165,4,5376,1,115,0
2269,165,4,5389,1,113,0
2270,165,4,5531,1,77,0
2271,165,4,5398,1,119,0
2272,165,4,5404,1,122,0
2273,165,4,5041,1,204,0
2274,165,4,4980,1,266,0
2275,165,4,5346,1,131,0
2276,166,4,5415,1,109,0
2277,166,4,5508,1,84,0
2278,166,2,2110,0,307,0
2279,166,4,5343,1,139,0
2280,166,4,5399,1,117,0
2281,166,4,5394,1,123,0
2282,166,4,5446,1,110,0
2283,166,4,5494,1,86,0
2284,166,4,5474,1,101,0
2285,166,4,5417,1,110,0
2286,166,4,5408,1,114,0
2287,166,4,5073,1,183,0
2288,166,4,5510,1,83,0
2289,166,4,4889,1,304,0
2290,166,4,5260,1,136,0
2291,166,4,5459,1,102,0
2292,166,4,5553,1,70,0
2293,166,4,5539,1,70,0
2294,166,1,1142,0,388,0
2295,166,4,4874,1,226,0
2296,166,4,5434,1,121,0
2297,167,4,5445,1,97,0
2298,167,4,5382,1,116,0
2299,167,3,3029,0,629,0
2300,167,2,2457,0,1001,1
2301,167,4,5578,1,61,0
2302,167,4,5437,1,105,0
2303,167,4,5497,1,86,0
2304,167,4,4977,1,303,0
2305,167,4,5402,1,100,0
2306,167,4,5349,1,134,0
2307,167,4,4720,1,281,0
2308,167,4,5273,1,175,0
2309,167,4,5374,1,127,0
2310,168,4,4738,1,267,0
2311,168,4,5469,1,95,0
2312,168,4,5560,1,65,0
2313,168,4,5539,1,70,0
2314,168,4,5344,1,137,0
2315,168,4,5148,1,256,0
2316,168,4,5341,1,120,0
2317,168,4,5533,1,77,0
2318,168,4,5324,1,143,0
2319,168,4,5085,1,160,0
2320,168,4,5514,1,78,0
2321,168,4,4911,1,306,0
2322,168,4,5449,1,101,0
2323,168,4,5315,1,119,0
2324,168,4,5299,1,155,0
2325,168,4,5317,1,144,0
2326,168,4,5241,1,169,0
2327,168,4,5366,1,131,0
2328,168,4,4989,1,270,0
2329,168,4,5117,1,188,0
2330,168,4,5365,1,131,0
2331,169,4,5196,1,153,0
2332,169,4,5203,1,186,0
2333,169,4,5203,1,197,0
2334,169,4,5494,1,83,0
2335,169,4,5148,1,194,0
2336,169,4,5200,1,178,0
2337,169,4,5216,1,203,0
2338,169,4,5367,1,124,0
2339,169,4,5136,1,214,0
2340,169,4,5393,1,104,0
2341,169,4,4749,1,298,0
2342,169,4,5274,1,158,0
2343,169,4,5492,1,86,0
2344,169,4,5518,1,81,0
2345,169,4,5462,1,92,0
2346,169,4,5182,1,172,0
2347,169,2,2195,0,241,0
2348,169,4,5540,1,71,0
2349,169,4,5222,1,181,0
2350,169,4,5354,1,129,0
2351,170,4,5337,1,127,0
2352,170,4,5406,1,114,0
2353,170,4,5333,1,138,0
2354,170,4,5343,1,158,0
2355,170,4,4867,1,294,0
2356,170,4,5226,1,195,0
2357,170,4,5389,1,121,0
2358,170,4,5359,1,115,0
2359,170,4,5336,1,123,0
2360,170,4,5483,1,90,0
2361,170,4,5433,1,108,0
2362,170,4,5466,1,98,0
2363,170,4,5246,1,181,0
2364,170,4,5339,1,139,0
2365,170,4,5558,1,66,0
2366,170,1,1179,0,266,0
2367,170,4,5463,1,92,0
2368,170,4,5437,1,106,0
2369,170,4,5461,1,95,0
2370,170,4,5021,1,200,0
2371,170,4,4971,1,245,0
2372,171,4,4964,1,182,0
2373,171,4,4802,1,341,0
2374,171,4,5513,1,77,0
2375,171,2,2085,0,419,0
2376,171,4,5490,1,88,0
2377,171,4,5468,1,94,0
2378,171,4,5466,1,96,0
2379,171,4,5115,1,219,0
2380,171,4,5451,1,98,0
2381,171,4,5450,1,98,0
2382,171,4,5377,1,112,0
2383,171,4,5545,1,70,0
2384,171,4,5430,1,100,0
2385,171,4,5427,1,105,0
2386,171,1,1159,0,162,0
2387,171,4,5271,1,165,0
2388,171,4,5528,1,89,0
2389,171,4,5251,1,150,0
2390,171,4,5095,1,202,0
2391,171,4,5325,1,142,0
2392,171,4,5275,1,168,0
2393,172,1,777,0,695,0
2394,172,4,5494,1,85,0
2395,172,2,1863,0,334,0
2396,172,4,4914,1,285,0
2397,172,4,5227,1,190,0
2398,172,4,5368,1,116,0
2399,172,4,5335,1,142,0
2400,172,2,2457,0,1001,1
2401,172,4,5423,1,100,0
2402,172,4,5216,1,179,0
2403,173,4,5289,1,152,0
2404,173,4,5220,1,182,0
2405,173,4,5212,1,181,0
2406,173,4,5466,1,96,0
2407,173,4,5477,1,83,0
2408,173,2,2548,0,239,0
2409,173,4,5434,1,95,0
2410,173,1,1359,0,433,0
2411,173,1,980,0,505,0
2412,173,4,5437,1,119,0
2413,173,3,3527,0,230,0
2414,173,4,5492,1,84,0
2415,173,4,4952,1,198,0
2416,173,4,5422,1,112,0
2417,174,4,4652,1,631,0
2418,174,4,5284,1,152,0
2419,174,4,4851,1,230,0
2420,174,4,5494,1,87,0
2421,174,4,5248,1,142,0
2422,174,4,5595,1,57,0
2423,174,4,5400,1,122,0
2424,174,4,5369,1,126,0
2425,174,4,5504,1,86,0
2426,174,4,5485,1,90,0
2427,174,4,5281,1,155,0
2428,174,4,5396,1,115,0
2429,174,4,5253,1,135,0
2430,174,4,5340,1,136,0
2431,174,4,5521,1,73,0
2432,174,4,5156,1,207,0
2433,174,4,5297,1,166,0
2434,174,4,5567,1,65,0
2435,174,2,2182,0,894,0
2436,175,4,5269,1,190,0
2437,175,4,5555,1,72,0
2438,175,4,5316,1,133,0
2439,175,4,5500,1,88,0
2440,175,4,5498,1,83,0
2441,175,4,4904,1,293,0
2442,175,4,5230,1,140,0
2443,175,4,5501,1,85,0
2444,175,4,5314,1,144,0
2445,175,4,5490,1,79,0
2446,175,4,5473,1,96,0
2447,175,4,5441,1,97,0
2448,175,4,5429,1,90,0
2449,175,4,5084,1,221,0
2450,175,4,5178,1,195,0
2451,175,4,5137,1,167,0
2452,175,4,5259,1,161,0
2453,175,4,5269,1,162,0
2454,175,4,4985,1,249,0
2455,175,4,5493,1,91,0
2456,175,4,5315,1,119,0
2457,175,4,5008,1,256,0
2458,176,4,5023,1,223,0
2459,176,4,5168,1,192,0
2460,176,4,5242,1,173,0
2461,176,2,2013,0,185,0
2462,176,4,4777,1,296,0
2463,176,4,5080,1,200,0
2464,176,4,5135,1,197,0
2465,176,3,3000,0,773,0
2466,176,4,5470,1,101,0
2467,176,4,5304,1,136,0
2468,176,4,5117,1,196,0
2469,176,4,5537,1,72,0
2470,176,3,3261,0,395,0
2471,177,4,5514,1,78,0
2472,177,4,5490,1,89,0
2473,177,4,5360,1,129,0
2474,177,4,5247,1,150,0
2475,177,4,5454,1,93,0
2476,177,4,5443,1,101,0
2477,177,4,5530,1,75,0
2478,177,4,5479,1,86,0
2479,177,4,5500,1,83,0
2480,177,4,5211,1,183,0
2481,177,4,5510,1,80,0
2482,177,4,5326,1,149,0
2483,177,4,5336,1,160,0
2484,177,4,4789,1,249,0
2485,177,4,5528,1,71,0
2486,177,4,5394,1,140,0
2487,177,4,5289,1,173,0
2488,177,4,5391,1,119,0
2489,177,4,5491,1,85,0
2490,177,4,5505,1,84,0
2491,177,2,2359,0,562,0
2492,177,4,5489,1,84,0
2493,177,4,5307,1,153,0
2494,178,4,5332,1,136,0
2495,178,4,5458,1,101,0
2496,178,4,5517,1,79,0
2497,178,4,5196,1,181,0
2498,178,4,5155,1,204,0
2499,178,4,4940,1,242,0
2500,178,2,2457,0,1001,1
2501,178,4,5444,1,100,0
2502,178,4,5364,1,104,0
2503,178,4,5302,1,114,0
2504,178,2,2305,0,182,0
2505,178,4,5272,1,134,0
2506,178,4,5512,1,86,0
2507,178,4,5289,1,139,0
2508,178,4,5209,1,168,0
2509,178,4,5511,1,82,0
2510,178,4,5434,1,108,0
2511,179,4,5276,1,169,0
2512,179,4,5313,1,119,0
2513,179,2,2247,0,219,0
2514,179,4,5401,1,117,0
2515,179,2,2247,0,344,0
2516,179,4,5305,1,146,0
2517,179,3,3290,0,246,0
2518,179,4,5449,1,96,0
2519,179,4,5538,1,72,0
2520,179,4,5295,1,145,0
2521,179,4,5245,1,138,0
2522,179,4,5516,1,79,0
2523,179,4,5308,1,145,0
2524,179,4,5562,1,64,0
2525,179,4,4944,1,272,0
2526,180,3,2806,0,976,0
2527,180,4,5428,1,112,0
2528,180,2,2456,0,660,0
2529,180,4,5479,1,93,0
2530,180,4,5487,1,86,0
2531,180,4,5524,1,79,0
2532,180,4,5404,1,113,0
2533,180,4,5297,1,217,0
2534,180,4,5524,1,83,0
2535,180,4,5352,1,131,0
2536,180,4,5178,1,176,0
2537,180,4,5210,1,197,0
2538,180,4,5450,1,108,0
2539,180,4,5423,1,109,0
2540,180,4,5158,1,186,0
2541,180,4,5451,1,96,0
2542,180,4,5442,1,99,0
2543,180,4,5252,1,171,0
2544,180,4,5367,1,127,0
2545,181,1,1217,0,308,0
2546,181,4,5492,1,86,0
2547,181,4,5406,1,110,0
2548,181,4,4781,1,349,0
2549,181,4,5531,1,71,0
2550,181,4,5154,1,169,0
2551,181,4,5465,1,92,0
2552,181,4,5513,1,82,0
2553,181,4,5485,1,81,0
2554,181,4,5408,1,115,0
2555,181,4,4992,1,251,0
2556,181,4,5333,1,137,0
2557,181,2,2098,0,340,0
2558,181,4,5462,1,94,0
2559,181,4,5532,1,71,0
2560,181,4,5084,1,217,0
2561,181,4,5418,1,115,0
2562,181,4,5446,1,96,0
2563,181,4,4968,1,228,0
2564,181,4,5229,1,183,0
2565,181,4,5478,1,91,0
2566,182,4,5053,1,190,0
2567,182,4,4972,1,296,0
2568,182,4,4991,1,231,0
2569,182,3,3238,0,538,0
2570,182,4,4745,1,332,0
2571,182,4,5488,1,95,0
2572,182,4,5438,1,105,0
2573,182,4,5514,1,80,0
2574,182,4,5482,1,91,0
2575,182,4,5217,1,154,0
2576,182,4,5437,1,105,0
2577,182,4,5050,1,232,0
2578,182,4,5364,1,131,0
2579,182,4,5530,1,73,0
2580,182,2,2311,0,183,0
2581,182,4,5172,1,164,0
2582,183,4,5365,1,113,0
2583,183,4,5290,1,212,0
2584,183,4,5151,1,164,0
2585,183,4,5300,1,116,0
2586,183,4,5436,1,123,0
2587,183,4,5239,1,155,0
2588,183,4,5269,1,124,0
2589,183,4,5286,1,150,0
2590,183,4,5211,1,186,0
2591,183,4,5414,1,130,0
2592,183,4,5406,1,115,0
2593,183,4,5524,1,73,0
2594,183,4,5050,1,227,0
2595,183,1,1353,0,159,0
2596,183,4,5365,1,126,0
2597,183,4,5024,1,209,0
2598,183,4,5031,1,253,0
2599,183,4,5377,1,118,0
2600,184,2,2457,0,1001,1
2601,184,4,5403,1,115,0
2602,184,4,5537,1,70,0
2603,184,4,4417,1,371,0
2604,184,4,5325,1,131,0
2605,184,4,5299,1,153,0
2606,184,4,5372,1,107,0
2607,184,4,5143,1,198,0
2608,184,1,1120,0,180,0
2609,184,4,5550,1,69,0
2610,184,4,5290,1,156,0
2611,184,4,5415,1,97,0
2612,184,4,5333,1,143,0
2613,184,4,5304,1,147,0
2614,184,4,5460,1,101,0
2615,184,4,5404,1,109,0
2616,184,4,5458,1,89,0
2617,184,4,5474,1,90,0
2618,184,4,5223,1,146,0
2619,184,4,5252,1,129,0
2620,185,4,5123,1,196,0
2621,185,4,5274,1,145,0
2622,185,4,5520,1,73,0
2623,185,4,5006,1,251,0
2624,185,4,4519,1,275,0
2625,185,4,5521,1,86,0
2626,185,4,5231,1,238,0
2627,185,4,5518,1,76,0
2628,185,4,5529,1,77,0
2629,185,4,5469,1,104,0
2630,185,4,5476,1,90,0
2631,185,4,5392,1,122,0
2632,185,4,5370,1,122,0
2633,185,4,5426,1,94,0
2634,185,4,5192,1,179,0
2635,185,4,5323,1,138,0
2636,185,4,5371,1,116,0
2637,185,4,5511,1,77,0
2638,185,4,5344,1,118,0
2639,185,4,5484,1,93,0
2640,185,2,2535,0,170,0
2641,185,4,5283,1,133,0
2642,185,1,1251,0,156,0
2643,186,4,5556,1,68,0
2644,186,4,5351,1,159,0
2645,186,4,5529,1,72,0
2646,186,4,5576,1,61,0
2647,186,4,5524,1,72,0
2648,186,4,5436,1,109,0
2649,186,4,5321,1,130,0
2650,186,4,5024,1,237,0
2651,186,4,5541,1,73,0
2652,186,4,5433,1,106,0
2653,186,4,5202,1,183,0
2654,186,4,5418,1,110,0
2655,186,4,5365,1,128,0
2656,186,4,5468,1,96,0
2657,186,4,4988,1,182,0
2658,186,4,5358,1,162,0
2659,186,1,1185,0,159,0
2660,186,4,4984,1,262,0
2661,186,3,3129,0,494,0
2662,186,4,5556,1,68,0
2663,186,0,99,0,172,0
2664,187,4,5341,1,142,0
2665,187,4,5435,1,107,0
2666,187,4,5169,1,198,0
2667,187,4,5345,1,141,0
2668,187,4,5346,1,166,0
2669,187,4,5259,1,185,0
2670,187,4,5003,1,247,0
2671,187,4,5153,1,168,0
2672,187,4,5564,1,65,0
2673,187,4,5134,1,174,0
2674,187,4,5518,1,78,0
2675,187,4,5435,1,108,0
2676,187,3,2920,0,309,0
2677,187,4,5466,1,93,0
2678,187,4,5290,1,160,0
2679,187,4,5454,1,102,0
2680,187,4,5364,1,130,0
2681,187,4,4674,1,276,0
2682,188,2,2051,0,660,0
2683,188,4,5252,1,174,0
2684,188,4,5296,1,153,0
2685,188,4,5338,1,132,0
2686,188,4,5122,1,226,0
2687,188,4,5471,1,93,0
2688,188,4,5414,1,91,0
2689,188,4,5231,1,164,0
2690,188,4,5360,1,126,0
2691,188,4,5464,1,80,0
2692,188,4,5315,1,147,0
2693,188,4,5566,1,61,0
2694,188,4,4983,1,200,0
2695,188,4,5408,1,108,0
2696,188,4,5075,1,195,0
2697,188,4,5558,1,63,0
2698,188,4,5423,1,111,0
2699,188,4,5362,1,174,0
2700,189,2,2457,0,1001,1
2701,189,4,5412,1,118,0
2702,189,4,5351,1,132,0
2703,189,4,5434,1,102,0
2704,189,4,5351,1,125,0
2705,189,4,5409,1,113,0
2706,189,4,5343,1,146,0
2707,189,4,4700,1,261,0
2708,189,4,5139,1,191,0
2709,189,4,5313,1,155,0
2710,189,4,5286,1,157,0
2711,189,4,5450,1,96,0
2712,189,4,5249,1,165,0
2713,189,4,5311,1,142,0
2714,189,3,3112,0,533,0
2715,189,4,5440,1,105,0
2716,190,3,3433,0,226,0
2717,190,4,5131,1,197,0
2718,190,4,5114,1,204,0
2719,190,4,5231,1,188,0
2720,190,4,5197,1,186,0
2721,190,4,4851,1,323,0
2722,190,4,5320,1,145,0
2723,190,4,5381,1,113,0
2724,190,4,5494,1,83,0
2725,190,4,5330,1,143,0
2726,190,4,5462,1,96,0
2727,190,4,5256,1,178,0
2728,190,4,5530,1,72,0
2729,190,4,5081,1,231,0
2730,190,4,5025,1,211,0
2731,190,4,5214,1,134,0
2732,190,4,5507,1,79,0
2733,190,4,4992,1,196,0
2734,190,4,5553,1,69,0
2735,190,4,5314,1,149,0
2736,191,4,5208,1,183,0
2737,191,4,5362,1,130,0
2738,191,4,5474,1,93,0
2739,191,4,5089,1,228,0
2740,191,4,5378,1,124,0
2741,191,4,5287,1,160,0
2742,191,4,5301,1,140,0
2743,191,4,5554,1,67,0
2744,191,4,5486,1,85,0
2745,191,4,5370,1,160,0
2746,191,4,5219,1,172,0
2747,191,4,5465,1,92,0
2748,191,4,5386,1,108,0
2749,191,4,5443,1,109,0
2750,191,4,5535,1,74,0
2751,191,4,5420,1,113,0
2752,191,4,5280,1,155,0
2753,191,4,5421,1,110,0
2754,191,4,5496,1,83,0
2755,191,4,4989,1,265,0
2756,191,4,5516,1,81,0
2757,191,4,5153,1,217,0
2758,192,4,5137,1,208,0
2759,192,4,5286,1,138,0
2760,192,4,5451,1,89,0
2761,192,4,5367,1,142,0
2762,192,4,5391,1,127,0
2763,192,4,5273,1,168,0
2764,192,4,5447,1,102,0
2765,192,4,5264,1,151,0
2766,192,4,5291,1,131,0
2767,192,4,4573,1,330,0
2768,192,4,5091,1,335,0
2769,192,4,5582,1,57,0
2770,192,4,5365,1,127,0
2771,192,4,5380,1,115,0
2772,192,4,5049,1,236,0
2773,192,4,5113,1,229,0
2774,192,4,5287,1,133,0
2775,192,4,5349,1,121,0
2776,192,4,5503,1,85,0
2777,192,4,5392,1,117,0
2778,193,4,5491,1,89,0
2779,193,4,5136,1,187,0
2780,193,4,5373,1,126,0
2781,193,4,5513,1,76,0
2782,193,4,5433,1,102,0
2783,193,4,5545,1,68,0
2784,193,4,5293,1,151,0
2785,193,4,5326,1,145,0
2786,193,4,5380,1,123,0
2787,193,4,5481,1,93,0
2788,193,4,5074,1,234,0
2789,193,4,5265,1,163,0
2790,193,4,5365,1,123,0
2791,193,4,5524,1,81,0
2792,193,4,4820,1,253,0
2793,193,4,4909,1,200,0
2794,193,4,5199,1,185,0
2795,193,2,2529,0,271,0
2796,194,2,2380,0,644,0
2797,194,4,5410,1,107,0
2798,194,4,5160,1,205,0
2799,194,4,5436,1,102,0
2800,194,2,2457,0,1001,1
2801,194,4,5527,1,78,0
2802,194,4,5180,1,183,0
2803,194,4,4810,1,338,0
2804,194,4,5230,1,156,0
2805,194,4,5530,1,69,0
2806,194,4,5275,1,157,0
2807,194,4,5096,1,190,0
2808,194,4,5219,1,174,0
2809,194,4,5557,1,66,0
2810,194,4,5577,1,62,0
2811,195,2,2401,0,612,0
2812,195,4,5514,1,82,0
2813,195,4,5308,1,131,0
2814,195,4,5476,1,86,0
2815,195,4,5466,1,95,0
2816,195,4,5076,1,230,0
2817,195,4,5242,1,168,0
2818,195,4,5524,1,79,0
2819,195,4,5512,1,78,0
2820,195,4,5536,1,74,0
2821,195,4,5217,1,206,0
2822,195,4,5430,1,102,0
2823,195,4,5458,1,97,0
2824,195,4,5478,1,105,0
2825,195,4,5564,1,73,0
2826,195,4,5271,1,145,0
2827,196,2,2325,0,956,0
2828,196,4,4907,1,301,0
2829,196,4,5420,1,118,0
2830,196,4,4994,1,237,0
2831,196,4,5050,1,179,0
2832,196,4,5058,1,397,0
2833,196,4,5499,1,80,0
2834,196,4,5135,1,226,0
2835,196,3,3345,0,299,0
2836,196,4,5565,1,62,0
2837,196,4,5340,1,112,0
2838,196,4,5542,1,71,0
2839,196,4,5323,1,127,0
2840,196,2,2218,0,151,0
2841,196,4,4969,1,242,0
2842,196,2,2360,0,147,0
2843,196,4,5481,1,92,0
2844,196,4,5419,1,97,0
2845,197,4,5384,1,115,0
2846,197,4,5286,1,141,0
2847,197,4,5471,1,93,0
2848,197,4,5500,1,87,0
2849,197,4,5538,1,70,0
2850,197,4,5410,1,103,0
2851,197,4,5120,1,185,0
2852,197,4,5480,1,91,0
2853,197,4,5418,1,113,0
2854,197,4,5510,1,81,0
2855,197,4,5523,1,79,0
2856,197,4,5116,1,219,0
2857,197,4,5336,1,141,0
2858,197,4,5327,1,136,0
2859,197,4,5259,1,144,0
2860,197,4,4802,1,300,0
2861,197,4,5438,1,115,0
2862,197,3,3281,0,231,0
2863,197,4,5193,1,160,0
2864,197,4,5413,1,121,0
2865,197,4,5509,1,82,0
2866,197,4,5484,1,92,0
2867,197,4,5495,1,85,0
2868,197,4,5534,1,72,0
2869,198,4,5054,1,252,0
2870,198,4,5545,1,71,0
2871,198,4,4982,1,272,0
2872,198,4,5538,1,72,0
2873,198,4,5431,1,102,0
2874,198,4,5424,1,106,0
2875,198,4,5196,1,185,0
2876,198,4,4732,1,462,0
2877,198,4,5202,1,161,0
2878,198,4,5478,1,91,0
2879,198,4,5125,1,167,0
2880,198,4,5557,1,66,0
2881,198,4,5288,1,140,0
2882,198,4,5367,1,125,0
2883,198,4,5102,1,218,0
2884,198,0,99,0,165,0
2885,198,4,5498,1,85,0
2886,198,4,5515,1,76,0
2887,198,4,5407,1,118,0
2888,199,4,5567,1,64,0
2889,199,4,4330,1,557,0
2890,199,4,5429,1,90,0
2891,199,4,5422,1,97,0
2892,199,4,5591,1,55,0
2893,199,4,5490,1,87,0
2894,199,4,5140,1,210,0
2895,199,0,0,0,150,0
2896,199,4,5470,1,98,0
2897,199,4,5468,1,79,0
2898,199,4,5474,1,88,0
2899,199,4,5557,1,90,0
2900,199,2,2457,0,1001,1
2901,199,4,5386,1,118,0
2902,199,4,5394,1,120,0
2903,199,4,5527,1,79,0
2904,200,4,5152,1,199,0
2905,200,4,5188,1,146,0
2906,200,4,5441,1,109,0
2907,200,4,5533,1,73,0
2908,200,4,5343,1,137,0
2909,200,4,5248,1,173,0
2910,200,4,5219,1,172,0
2911,200,4,4897,1,231,0
2912,200,4,5246,1,160,0
2913,200,4,4952,1,274,0
2914,200,3,3362,0,458,0
2915,200,4,5498,1,90,0
2916,200,4,5363,1,125,0
2917,200,4,5397,1,120,0
2918,200,4,5418,1,91,0
2919,200,4,5242,1,174,0
2920,200,4,5214,1,180,0
2921,200,4,5218,1,195,0
2922,201,4,5149,1,206,0
2923,201,4,5276,1,154,0
2924,201,4,5523,1,81,0
2925,201,4,4846,1,302,0
2926,201,4,5566,1,63,0
2927,201,4,5521,1,73,0
2928,201,4,5450,1,97,0
2929,201,2,2312,0,204,0
2930,201,4,5499,1,87,0
2931,201,2,2402,0,271,0
2932,201,4,5286,1,150,0
2933,201,4,5441,1,102,0
2934,201,4,5337,1,124,0
2935,201,4,5507,1,82,0
2936,201,4,5307,1,131,0
2937,201,2,2290,0,333,0
2938,201,4,5530,1,70,0
2939,201,1,1049,0,539,0
2940,201,4,5436,1,108,0
2941,201,4,5402,1,115,0
2942,202,4,5324,1,134,0
2943,202,4,5466,1,87,0
2944,202,4,5216,1,179,0
2945,202,4,5233,1,176,0
2946,202,4,5160,1,201,0
2947,202,4,5421,1,107,0
2948,202,4,5449,1,94,0
2949,202,4,5133,1,180,0
2950,202,4,5436,1,94,0
2951,202,4,5466,1,96,0
2952,202,4,5473,1,97,0
2953,202,4,5501,1,87,0
2954,202,4,5527,1,76,0
2955,202,4,5358,1,115,0
2956,202,4,5476,1,91,0
2957,202,4,5506,1,77,0
2958,202,4,5274,1,195,0
2959,202,4,5428,1,110,0
2960,202,2,2417,0,391,0
2961,202,4,5478,1,85,0
2962,202,4,5509,1,81,0
2963,202,4,5446,1,106,0
2964,202,4,5186,1,192,0
2965,203,4,5008,1,266,0
2966,203,4,5236,1,158,0
2967,203,4,5115,1,181,0
2968,203,4,5285,1,160,0
2969,203,4,5240,1,193,0
2970,203,4,5367,1,139,0
2971,203,4,5514,1,81,0
2972,203,4,5286,1,156,0
2973,203,0,99,0,150,0
2974,203,4,5551,1,67,0
2975,203,4,4556,1,309,0
2976,203,4,5463,1,96,0
2977,203,4,4786,1,286,0
2978,203,4,5165,1,153,0
2979,203,4,5203,1,167,0
2980,203,2,2182,0,266,0
2981,203,4,5489,1,93,0
2982,203,4,4928,1,242,0
2983,204,4,5290,1,157,0
2984,204,4,5496,1,82,0
2985,204,4,5410,1,112,0
2986,204,4,5488,1,100,0
2987,204,4,5510,1,101,0
2988,204,4,5309,1,149,0
2989,204,4,5377,1,122,0
2990,204,4,5488,1,79,0
2991,204,4,5233,1,176,0
2992,204,4,5547,1,74,0
2993,204,4,5560,1,67,0
2994,204,4,5479,1,88,0
2995,204,4,5398,1,109,0
2996,204,4,5413,1,101,0
2997,204,4,5212,1,153,0
2998,204,3,3222,0,222,0
2999,204,2,2430,0,152,0
3000,204,2,2457,0,1001,1
3001,204,4,5246,1,170,0
3002,205,4,5213,1,164,0
3003,205,3,3004,0,245,0
3004,205,4,5397,1,116,0
3005,205,4,5315,1,134,0
3006,205,4,5250,1,155,0
3007,205,4,5100,1,220,0
3008,205,4,5403,1,133,0
3009,205,4,5192,1,162,0
3010,205,4,5543,1,74,0
3011,205,4,5491,1,88,0
3012,205,4,5218,1,153,0
3013,205,4,5534,1,72,0
3014,205,4,5139,1,207,0
3015,205,4,4770,1,238,0
3016,205,4,5437,1,112,0
3017,205,4,5278,1,155,0
3018,205,4,4813,1,293,0
3019,205,4,5505,1,76,0
3020,205,4,4785,1,351,0
3021,206,4,5469,1,103,0
3022,206,4,5456,1,92,0
3023,206,4,5333,1,132,0
3024,206,4,5522,1,78,0
3025,206,1,1287,0,155,0
3026,206,4,5383,1,123,0
3027,206,4,5360,1,169,0
3028,206,2,2304,0,237,0
3029,206,4,5501,1,97,0
3030,206,4,5177,1,211,0
3031,206,4,5254,1,155,0
3032,206,4,5298,1,116,0
3033,206,4,5410,1,116,0
3034,206,4,5513,1,79,0
3035,206,4,5284,1,183,0
3036,206,4,5588,1,57,0
3037,206,4,4865,1,290,0
3038,206,4,5472,1,85,0
3039,206,4,5324,1,137,0
3040,206,4,5549,1,68,0
3041,206,4,5480,1,97,0
3042,206,4,5325,1,127,0
3043,206,4,5513,1,78,0
3044,206,4,5138,1,153,0
3045,207,4,5227,1,159,0
3046,207,4,5077,1,200,0
3047,207,4,5357,1,133,0
3048,207,4,5232,1,167,0
3049,207,4,5082,1,189,0
3050,207,4,5398,1,111,0
3051,207,4,5501,1,85,0
3052,207,4,4498,1,305,0
3053,207,4,5514,1,77,0
3054,207,4,5199,1,176,0
3055,207,4,5421,1,111,0
3056,207,4,5376,1,105,0
3057,207,4,5217,1,175,0
3058,207,4,5398,1,119,0
3059,207,4,5386,1,129,0
3060,207,0,197,0,240,0
3061,207,4,5234,1,151,0
3062,207,4,5530,1,75,0
3063,207,4,5229,1,177,0
3064,207,4,5368,1,107,0
3065,207,4,5148,1,204,0
3066,207,4,5545,1,65,0
3067,208,4,5313,1,171,0
3068,208,4,4941,1,194,0
3069,208,4,5340,1,134,0
3070,208,4,5461,1,100,0
3071,208,2,2153,0,516,0
3072,208,4,5554,1,62,0
3073,208,4,5370,1,120,0
3074,208,4,5464,1,96,0
3075,208,4,5354,1,128,0
3076,208,4,5537,1,75,0
3077,208,4,4987,1,228,0
3078,208,4,5389,1,141,0
3079,208,4,5437,1,104,0
3080,208,4,5331,1,141,0
3081,208,4,5157,1,164,0
3082,208,1,1013,0,194,0
3083,208,4,5556,1,65,0
3084,208,4,5412,1,119,0
3085,208,4,5395,1,125,0
3086,208,4,5288,1,158,0
3087,208,4,5123,1,171,0
3088,209,4,5329,1,133,0
3089,209,4,5305,1,145,0
3090,209,4,4970,1,187,0
3091,209,4,5218,1,173,0
3092,209,2,2250,0,184,0
3093,209,4,5427,1,126,0
3094,209,4,5396,1,121,0
3095,209,4,5146,1,210,0
3096,209,4,5474,1,101,0
3097,209,4,5439,1,104,0
3098,209,4,5155,1,205,0
3099,209,4,4949,1,206,0
3100,209,2,2457,0,1001,1
3101,209,4,5269,1,124,0
3102,209,4,5416,1,110,0
3103,209,4,5501,1,85,0
3104,209,4,5487,1,90,0
3105,210,4,4743,1,319,0
3106,210,4,5271,1,154,0
3107,210,4,5547,1,69,0
3108,210,4,5408,1,123,0
3109,210,4,4793,1,341,0
3110,210,1,1290,0,415,0
3111,210,4,5184,1,148,0
3112,210,4,5517,1,80,0
3113,210,4,5174,1,143,0
3114,210,4,5503,1,83,0
3115,210,4,5316,1,246,0
3116,210,4,5443,1,104,0
3117,210,4,5541,1,72,0
3118,210,4,5512,1,94,0
3119,210,4,5135,1,147,0
3120,210,4,5416,1,115,0
3121,210,4,5402,1,115,0
3122,210,4,5345,1,125,0
3123,210,4,5403,1,117,0
3124,210,4,5373,1,141,0
3125,210,4,5516,1,79,0
3126,211,4,5110,1,163,0
3127,211,2,2412,0,157,0
3128,211,4,5458,1,96,0
3129,211,4,4962,1,272,0
3130,211,4,5488,1,89,0
3131,211,4,5519,1,78,0
3132,211,4,4978,1,225,0
3133,211,4,5547,1,70,0
3134,211,4,5422,1,108,0
3135,211,4,5336,1,140,0
3136,211,4,5065,1,274,0
3137,211,4,5299,1,137,0
3138,211,4,5466,1,86,0
3139,211,4,5548,1,69,0
3140,211,4,5173,1,169,0
3141,211,4,4819,1,244,0
3142,211,4,5428,1,126,0
3143,211,4,5435,1,105,0
3144,211,4,5544,1,70,0
3145,211,4,5186,1,188,0
3146,211,4,5520,1,79,0
3147,211,4,5347,1,136,0
3148,212,3,3304,0,420,0
3149,212,4,5458,1,101,0
3150,212,4,5177,1,192,0
3151,212,4,4938,1,300,0
3152,212,3,3413,0,309,0
3153,212,4,5466,1,89,0
3154,212,4,5301,1,122,0
3155,212,4,5425,1,116,0
3156,212,4,4885,1,225,0
3157,212,4,5474,1,87,0
3158,212,4,5507,1,81,0
3159,212,4,4655,1,408,0
3160,212,2,2223,0,337,0
3161,212,4,5306,1,115,0
3162,212,2,2450,0,226,0
3163,213,4,5314,1,138,0
3164,213,4,5054,1,243,0
3165,213,4,5365,1,110,0
3166,213,4,5485,1,84,0
3167,213,4,5478,1,92,0
3168,213,4,5427,1,106,0
3169,213,4,5443,1,106,0
3170,213,4,5272,1,160,0
3171,213,4,5123,1,206,0
3172,213,4,5473,1,92,0
3173,213,4,5459,1,100,0
3174,213,4,5406,1,116,0
3175,213,4,5495,1,104,0
3176,213,4,5539,1,71,0
3177,213,4,5414,1,95,0
3178,213,4,5476,1,77,0
3179,213,4,4401,1,403,0
3180,213,4,5346,1,133,0
3181,213,2,2117,0,336,0
3182,213,4,5405,1,117,0
3183,213,4,5453,1,102,0
3184,214,1,1371,0,396,0
3185,214,4,5304,1,125,0
3186,214,4,5414,1,109,0
3187,214,4,5332,1,142,0
3188,214,4,5122,1,154,0
3189,214,4,5325,1,142,0
3190,214,4,5388,1,123,0
3191,214,4,5512,1,95,0
3192,214,4,5436,1,110,0
3193,214,4,4974,1,297,0
3194,214,4,5559,1,68,0
3195,214,4,5389,1,122,0
3196,214,4,5235,1,181,0
3197,214,4,5342,1,135,0
3198,214,4,5420,1,108,0
3199,214,4,4910,1,305,0
3200,215,2,2457,0,1001,1
3201,215,4,5426,1,108,0
3202,215,4,5499,1,79,0
3203,215,4,5222,1,179,0
3204,215,4,5368,1,130,0
3205,215,4,5528,1,74,0
3206,215,4,5469,1,86,0
3207,215,4,5294,1,146,0
3208,215,4,5257,1,172,0
3209,215,4,4701,1,312,0
3210,215,4,5563,1,68,0
3211,215,4,5431,1,118,0
3212,215,1,1124,0,260,0
3213,215,4,4868,1,233,0
3214,215,4,5243,1,173,0
3215,215,4,5024,1,231,0
3216,215,2,2522,0,301,0
3217,215,4,5158,1,203,0
3218,216,4,5265,1,153,0
3219,216,4,5404,1,102,0
3220,216,4,5327,1,140,0
3221,216,4,5463,1,97,0
3222,216,4,5357,1,133,0
3223,216,4,5215,1,170,0
3224,216,4,4981,1,268,0
3225,216,4,5489,1,90,0
3226,216,4,5526,1,77,0
3227,216,4,5282,1,166,0
3228,216,4,5547,1,71,0
3229,216,4,5100,1,226,0
3230,216,4,5274,1,157,0
3231,216,4,5162,1,177,0
3232,216,0,197,0,143,0
3233,216,4,5393,1,112,0
3234,216,4,5367,1,130,0
3235,216,4,5247,1,154,0
3236,216,4,5349,1,107,0
3237,216,4,5424,1,107,0
3238,216,4,4558,1,337,0
3239,216,4,5477,1,95,0
3240,217,4,5463,1,86,0
3241,217,4,5215,1,140,0
3242,217,4,5312,1,115,0
3243,217,4,5383,1,147,0
3244,217,4,4672,1,309,0
3245,217,4,5401,1,115,0
3246,217,4,5553,1,64,0
3247,217,4,5408,1,120,0
3248,217,4,5416,1,96,0
3249,217,2,2157,0,277,0
3250,217,4,5280,1,166,0
3251,217,4,5517,1,75,0
3252,217,4,5154,1,208,0
3253,217,4,5303,1,162,0
3254,217,4,5292,1,162,0
3255,217,4,5394,1,145,0
3256,217,4,4746,1,248,0
3257,217,4,5291,1,153,0
3258,217,4,5524,1,74,0
3259,217,4,5562,1,67,0
3260,217,4,5143,1,158,0
3261,218,4,5441,1,113,0
3262,218,4,5504,1,71,0
3263,218,4,5519,1,76,0
3264,218,4,5491,1,87,0
3265,218,4,5520,1,81,0
3266,218,4,5429,1,103,0
3267,218,4,5460,1,88,0
3268,218,4,3112,1,730,0
3269,218,4,5412,1,120,0
3270,218,4,5331,1,144,0
3271,218,4,5511,1,81,0
3272,218,4,5352,1,136,0
3273,218,4,5417,1,114,0
3274,218,4,5191,1,170,0
3275,218,4,5515,1,80,0
3276,218,4,5365,1,125,0
3277,218,4,5499,1,94,0
3278,218,4,5529,1,78,0
3279,218,4,5219,1,174,0
3280,218,4,5488,1,90,0
3281,218,4,5218,1,178,0
3282,218,4,5341,1,136,0
3283,218,4,5318,1,145,0
3284,219,3,3158,0,185,0
3285,219,4,5451,1,106,0
3286,219,4,5423,1,110,0
3287,219,4,5467,1,97,0
3288,219,4,5263,1,159,0
3289,219,4,5337,1,140,0
3290,219,1,1251,0,318,0
3291,219,4,5328,1,140,0
3292,219,4,5383,1,106,0
3293,219,4,5444,1,105,0
3294,219,4,5224,1,178,0
3295,219,2,2159,0,505,0
3296,219,4,5499,1,88,0
3297,219,4,5532,1,74,0
3298,219,4,5453,1,90,0
3299,219,4,5233,1,141,0
3300,220,2,2457,0,1001,1
3301,220,4,5482,1,90,0
3302,220,4,5336,1,171,0
3303,220,4,5085,1,254,0
3304,220,1,1276,0,430,0
3305,220,4,5332,1,133,0
3306,220,4,5295,1,170,0
3307,220,4,5569,1,65,0
3308,220,4,5508,1,78,0
3309,220,4,4649,1,521,0
3310,220,4,5590,1,57,0
3311,220,4,5239,1,172,0
3312,220,0,99,0,140,0
3313,220,4,5367,1,131,0
3314,220,4,5374,1,129,0
3315,220,4,5170,1,197,0
3316,220,4,5498,1,83,0
3317,221,4,5562,1,62,0
3318,221,2,1646,0,638,0
3319,221,4,5552,1,68,0
3320,221,4,5298,1,146,0
3321,221,2,2232,0,635,0
3322,221,4,5486,1,92,0
3323,221,4,5291,1,143,0
3324,221,4,5289,1,154,0
3325,221,4,5423,1,112,0
3326,221,3,3468,0,248,0
3327,221,4,5356,1,118,0
3328,221,4,5328,1,143,0
3329,221,4,5304,1,128,0
3330,221,4,5467,1,97,0
3331,221,4,5438,1,103,0
3332,221,4,5325,1,142,0
3333,221,4,5548,1,70,0
3334,222,4,5375,1,152,0
3335,222,4,5520,1,79,0
3336,222,4,5323,1,137,0
3337,222,1,1181,0,268,0
3338,222,4,5324,1,133,0
3339,222,4,5310,1,144,0
3340,222,4,5340,1,135,0
3341,222,4,5388,1,120,0
3342,222,4,5191,1,162,0
3343,222,4,5306,1,142,0
3344,222,4,5512,1,82,0
3345,222,4,5317,1,147,0
3346,222,4,5305,1,149,0
3347,222,4,5413,1,100,0
3348,222,4,5403,1,114,0
3349,222,4,5058,1,181,0
3350,222,4,5522,1,73,0
3351,222,4,5137,1,213,0
3352,222,3,3223,0,258,0
3353,222,2,2488,0,150,0
3354,222,4,5304,1,155,0
3355,222,4,5570,1,62,0
3356,223,4,5223,1,143,0
3357,223,4,5322,1,141,0
3358,223,4,5325,1,132,0
3359,223,1,1244,0,200,0
3360,223,0,193,0,205,0
3361,223,4,5330,1,139,0
3362,223,4,4663,1,262,0
3363,223,4,5481,1,90,0
3364,223,4,5195,1,164,0
3365,223,4,5459,1,100,0
3366,223,4,5390,1,107,0
3367,223,4,5116,1,213,0
3368,223,4,5446,1,103,0
3369,223,4,5302,1,135,0
3370,223,4,5390,1,123,0
3371,223,4,5253,1,177,0
3372,223,4,5477,1,90,0
3373,223,4,5000,1,242,0
3374,223,4,5427,1,110,0
3375,223,4,5033,1,250,0
3376,224,4,4814,1,336,0
3377,224,2,2357,0,379,0
3378,224,4,5064,1,216,0
3379,224,3,2766,0,484,0
3380,224,4,5565,1,64,0
3381,224,4,5420,1,113,0
3382,224,4,5504,1,81,0
3383,224,4,5264,1,144,0
3384,224,4,5460,1,99,0
3385,224,4,5405,1,109,0
3386,224,4,4950,1,198,0
3387,224,4,5548,1,69,0
3388,224,4,5368,1,126,0
3389,224,4,5378,1,136,0
3390,224,2,2283,0,667,0
3391,225,1,1272,0,235,0
3392,225,4,5508,1,79,0
3393,225,4,5280,1,135,0
3394,225,4,5489,1,86,0
3395,225,4,5218,1,167,0
3396,225,4,5287,1,138,0
3397,225,4,5509,1,81,0
3398,225,4,5237,1,151,0
3399,225,4,5506,1,75,0
3400,225,2,2457,0,1001,1
3401,225,4,5261,1,168,0
3402,225,4,5484,1,91,0
3403,225,4,5465,1,96,0
3404,225,4,5403,1,107,0
3405,225,4,5382,1,125,0
3406,225,4,5250,1,141,0
3407,225,3,3443,0,192,0
3408,226,3,3160,0,324,0
3409,226,4,5454,1,98,0
3410,226,4,5418,1,112,0
3411,226,4,5233,1,209,0
3412,226,4,5300,1,151,0
3413,226,4,5534,1,74,0
3414,226,4,5366,1,123,0
3415,226,4,5321,1,138,0
3416,226,4,5331,1,125,0
3417,226,4,5486,1,84,0
3418,226,3,3006,0,378,0
3419,226,4,5325,1,145,0
3420,226,4,5239,1,168,0
3421,226,4,5202,1,192,0
3422,226,4,5498,1,84,0
3423,226,4,5077,1,236,0
3424,226,4,4851,1,291,0
3425,226,4,5378,1,117,0
3426,226,4,5534,1,80,0
3427,226,4,5458,1,101,0
3428,226,4,5581,1,59,0
3429,227,0,269,0,346,0
3430,227,4,5144,1,227,0
3431,227,1,1080,0,339,0
3432,227,4,5466,1,94,0
3433,227,4,5355,1,162,0
3434,227,4,5386,1,112,0
3435,227,4,5321,1,146,0
3436,227,4,5378,1,139,0
3437,227,4,5208,1,189,0
3438,227,4,5382,1,143,0
3439,227,4,5032,1,184,0
3440,227,4,5520,1,79,0
3441,227,4,5469,1,95,0
3442,227,4,5431,1,100,0
3443,227,4,5161,1,204,0
3444,227,4,5495,1,82,0
3445,227,4,5272,1,162,0
3446,227,4,5469,1,97,0
3447,227,4,5284,1,155,0
3448,228,4,4665,1,368,0
3449,228,4,5492,1,88,0
3450,228,4,5115,1,156,0
3451,228,4,5407,1,117,0
3452,228,4,5429,1,107,0
3453,228,4,5432,1,107,0
3454,228,1,1224,0,256,0
3455,228,4,5327,1,137,0
3456,228,4,5464,1,136,0
3457,228,3,3224,0,195,0
3458,228,2,2505,0,423,0
3459,228,4,5326,1,144,0
3460,228,4,5549,1,64,0
3461,228,4,5533,1,131,0
3462,228,4,5343,1,137,0
3463,228,4,5530,1,75,0
3464,228,4,5445,1,101,0
3465,228,4,5462,1,88,0
3466,228,3,3354,0,291,0
3467,228,4,5431,1,87,0
3468,228,4,5252,1,164,0
3469,229,4,5045,1,169,0
3470,229,4,5381,1,114,0
3471,229,4,5547,1,68,0
3472,229,4,5496,1,86,0
3473,229,4,5476,1,91,0
3474,229,4,5399,1,135,0
3475,229,4,5461,1,98,0
3476,229,4,5065,1,205,0
3477,229,4,5451,1,87,0
3478,229,4,4688,1,271,0
3479,229,4,5337,1,123,0
3480,229,4,5322,1,184,0
3481,229,4,5542,1,71,0
3482,229,4,5269,1,175,0
3483,229,4,5542,1,71,0
3484,229,4,4956,1,220,0
3485,229,4,5298,1,122,0
3486,229,4,5185,1,143,0
3487,229,2,2212,0,409,0
3488,229,4,5379,1,128,0
3489,229,4,5555,1,68,0
3490,229,4,5175,1,145,0
3491,230,4,5412,1,111,0
3492,230,4,4559,1,388,0
3493,230,4,5102,1,220,0
3494,230,4,5354,1,146,0
3495,230,4,4978,1,236,0
3496,230,4,5518,1,79,0
3497,230,2,2206,0,283,0
3498,230,4,5456,1,97,0
3499,230,4,5381,1,113,0
3500,230,2,2457,0,1001,1
3501,230,4,5412,1,113,0
3502,231,1,1267,0,244,0
3503,231,4,5265,1,131,0
3504,231,4,5310,1,150,0
3505,231,4,5463,1,94,0
3506,231,4,5505,1,83,0
3507,231,4,4984,1,188,0
3508,231,4,5539,1,77,0
3509,231,4,5435,1,93,0
3510,231,4,5109,1,216,0
3511,231,4,5328,1,128,0
3512,231,4,5575,1,62,0
3513,231,4,5503,1,80,0
3514,231,4,5519,1,73,0
3515,231,4,5506,1,82,0
3516,231,4,5548,1,68,0
3517,231,4,5552,1,67,0
3518,231,4,5360,1,126,0
3519,231,4,5386,1,113,0
3520,231,4,5427,1,102,0
3521,231,4,4998,1,262,0
3522,231,4,5202,1,186,0
3523,231,4,4972,1,217,0
3524,232,3,3302,0,248,0
3525,232,1,1271,0,191,0
3526,232,4,5409,1,108,0
3527,232,4,5528,1,76,0
3528,232,1,1183,0,140,0
3529,232,4,5371,1,129,0
3530,232,4,5366,1,118,0
3531,232,4,5410,1,115,0
3532,232,4,5450,1,100,0
3533,232,4,5283,1,136,0
3534,232,4,5251,1,175,0
3535,232,4,5221,1,221,0
3536,232,4,5501,1,83,0
3537,232,4,5521,1,77,0
3538,232,4,5255,1,134,0
3539,232,4,5099,1,184,0
3540,232,4,5533,1,79,0
3541,232,4,5331,1,163,0
3542,232,4,5473,1,90,0
3543,232,4,5197,1,193,0
3544,232,4,5245,1,148,0
3545,232,4,5505,1,89,0
3546,232,4,5421,1,115,0
3547,232,4,5449,1,107,0
3548,232,4,5542,1,69,0
3549,233,4,5294,1,150,0
3550,233,4,4728,1,321,0
3551,233,1,1166,0,160,0
3552,233,4,5443,1,123,0
3553,233,0,99,0,139,0
3554,233,4,5348,1,133,0
3555,233,2,2191,0,360,0
3556,233,4,5333,1,117,0
3557,233,4,5100,1,222,0
3558,233,4,5321,1,171,0
3559,233,4,4806,1,237,0
3560,233,4,5486,1,98,0
3561,233,4,5254,1,197,0
3562,233,4,5502,1,81,0
3563,233,4,5300,1,154,0
3564,233,4,5548,1,64,0
3565,233,1,1249,0,135,0
3566,233,4,4993,1,222,0
3567,233,4,5509,1,83,0
3568,234,4,5346,1,126,0
3569,234,4,5537,1,74,0
3570,234,4,4931,1,292,0
3571,234,4,5537,1,75,0
3572,234,4,5321,1,127,0
3573,234,4,5386,1,119,0
3574,234,4,5276,1,193,0
3575,234,4,5249,1,209,0
3576,234,4,4969,1,271,0
3577,234,4,5488,1,91,0
3578,234,4,5310,1,141,0
3579,234,4,5298,1,152,0
3580,234,4,5389,1,121,0
3581,234,4,5314,1,148,0
3582,234,1,1029,0,265,0
3583,234,4,5561,1,65,0
3584,234,4,5536,1,70,0
3585,234,2,2291,0,248,0
3586,234,4,5331,1,137,0
3587,234,4,5383,1,122,0
3588,234,4,5307,1,146,0
3589,235,4,5554,1,66,0
3590,235,4,5427,1,108,0
3591,235,4,5276,1,164,0
3592,235,4,5451,1,95,0
3593,235,4,5472,1,88,0
3594,235,4,5572,1,64,0
3595,235,4,5400,1,117,0
3596,235,4,5490,1,89,0
3597,235,4,5395,1,114,0
3598,235,4,5338,1,131,0
3599,235,4,5494,1,87,0
3600,235,2,2457,0,1001,1
3601,235,4,5507,1,83,0
3602,235,4,5531,1,75,0
3603,235,1,1148,0,201,0
3604,235,4,5136,1,176,0
3605,235,4,4965,1,265,0
3606,235,4,5408,1,116,0
3607,236,4,5138,1,171,0
3608,236,4,5518,1,79,0
3609,236,4,5392,1,115,0
3610,236,4,5051,1,278,0
3611,236,4,4869,1,208,0
3612,236,4,5331,1,146,0
3613,236,4,5484,1,93,0
3614,236,4,5495,1,84,0
3615,236,4,5537,1,73,0
3616,236,4,5056,1,161,0
3617,236,4,5427,1,115,0
3618,236,4,5168,1,250,0
3619,236,4,4901,1,263,0
3620,236,4,5266,1,177,0
3621,236,2,2210,0,188,0
3622,236,0,188,0,164,0
3623,236,2,2308,0,325,0
3624,236,4,5391,1,124,0
3625,236,4,5311,1,148,0
3626,237,4,5224,1,180,0
3627,237,1,1255,0,137,0
3628,237,4,5271,1,150,0
3629,237,4,5462,1,94,0
3630,237,0,194,0,297,0
3631,237,4,5272,1,138,0
3632,237,4,5314,1,149,0
3633,237,4,5545,1,74,0
3634,237,4,5543,1,69,0
3635,237,4,5402,1,118,0
3636,237,4,5444,1,105,0
3637,237,4,5515,1,83,0
3638,237,4,5023,1,258,0
3639,237,4,5399,1,113,0
3640,237,2,2354,0,152,0
3641,237,1,1315,0,247,0
3642,237,4,5344,1,138,0
3643,237,4,5496,1,80,0
3644,237,4,5105,1,158,0
3645,237,4,5349,1,135,0
3646,237,4,5463,1,92,0
3647,237,4,5536,1,78,0
3648,238,4,4859,1,311,0
3649,238,4,5264,1,162,0
3650,238,4,5492,1,88,0
3651,238,4,5394,1,127,0
3652,238,4,4976,1,192,0
3653,238,4,5492,1,90,0
3654,238,0,195,0,270,0
3655,238,4,5178,1,186,0
3656,238,3,3207,0,384,0
3657,238,4,5184,1,200,0
3658,238,4,4800,1,369,0
3659,238,4,5452,1,102,0
3660,238,4,5599,1,57,0
3661,238,2,2478,0,412,0
3662,238,4,5310,1,129,0
3663,238,4,5467,1,94,0
3664,238,4,5451,1,84,0
3665,238,4,5531,1,72,0
3666,239,4,3609,1,759,0
3667,239,4,5190,1,192,0
3668,239,4,5545,1,66,0
3669,239,4,5304,1,149,0
3670,239,4,5418,1,103,0
3671,239,4,5212,1,180,0
3672,239,4,5365,1,129,0
3673,239,4,4693,1,326,0
3674,239,4,5181,1,181,0
3675,239,4,5469,1,92,0
3676,239,4,5157,1,191,0
3677,239,4,5260,1,171,0
3678,239,4,5034,1,229,0
3679,239,4,5424,1,108,0
3680,239,4,5200,1,216,0
3681,240,4,5365,1,120,0
3682,240,4,5448,1,101,0
3683,240,4,5015,1,256,0
3684,240,4,5459,1,90,0
3685,240,4,5320,1,145,0
3686,240,4,5396,1,123,0
3687,240,2,2136,0,290,0
3688,240,4,5421,1,113,0
3689,240,4,5362,1,112,0
3690,240,4,5282,1,143,0
3691,240,4,5273,1,161,0
3692,240,4,5319,1,140,0
3693,240,4,5274,1,162,0
3694,240,4,4828,1,226,0
3695,240,4,5267,1,176,0
3696,240,4,5537,1,73,0
3697,240,4,5373,1,139,0
3698,240,4,5313,1,152,0
3699,240,4,5269,1,124,0
3700,241,2,2457,0,1001,1
3701,241,4,5583,1,58,0
3702,241,4,5493,1,83,0
3703,241,4,5131,1,213,0
3704,241,4,5350,1,145,0
3705,241,4,5347,1,137,0
3706,241,4,5185,1,215,0
3707,241,4,5500,1,79,0
3708,241,4,5262,1,163,0
3709,241,1,1124,0,248,0
3710,241,2,2429,0,275,0
3711,241,1,1274,0,574,0
3712,241,4,5210,1,165,0
3713,242,4,5359,1,129,0
3714,242,4,5154,1,175,0
3715,242,4,5026,1,246,0
3716,242,4,5002,1,231,0
3717,242,4,5511,1,72,0
3718,242,4,5487,1,90,0
3719,242,4,5565,1,86,0
3720,242,4,4856,1,256,0
3721,242,4,5570,1,61,0
3722,242,4,5442,1,99,0
3723,242,4,5453,1,102,0
3724,242,4,5445,1,97,0
3725,242,4,5333,1,130,0
3726,242,4,5141,1,224,0
3727,242,4,5425,1,104,0
3728,242,4,5548,1,66,0
3729,242,4,5497,1,75,0
3730,242,4,5459,1,92,0
3731,242,4,5436,1,111,0
3732,242,0,193,0,149,0
3733,242,4,5329,1,164,0
3734,242,4,5458,1,100,0
3735,242,4,5498,1,90,0
3736,242,4,5293,1,141,0
3737,242,4,5250,1,133,0
3738,243,4,5551,1,67,0
3739,243,4,5523,1,76,0
3740,243,4,5136,1,175,0
3741,243,4,5202,1,144,0
3742,243,4,5232,1,181,0
3743,243,4,5168,1,203,0
3744,243,4,5407,1,109,0
3745,243,4,5357,1,129,0
3746,243,4,5467,1,97,0
3747,243,4,5438,1,105,0
3748,243,4,5001,1,172,0
3749,243,2,2262,0,322,0
3750,243,4,5457,1,93,0
3751,243,1,1080,0,185,0
3752,243,4,5553,1,65,0
3753,243,4,5214,1,184,0
3754,243,4,4751,1,354,0
3755,243,4,5551,1,67,0
3756,243,4,5533,1,71,0
3757,243,4,5213,1,148,0
3758,243,4,5091,1,220,0
3759,244,4,5431,1,111,0
3760,244,4,4844,1,270,0
3761,244,4,5330,1,139,0
3762,244,4,5040,1,188,0
3763,244,4,5509,1,83,0
3764,244,4,5416,1,119,0
3765,244,4,5309,1,149,0
3766,244,4,4872,1,283,0
3767,244,4,5211,1,176,0
3768,244,0,194,0,262,0
3769,244,4,5314,1,154,0
3770,244,4,5509,1,77,0
3771,244,4,5346,1,135,0
3772,244,4,5282,1,159,0
3773,244,4,5250,1,140,0
3774,244,4,5544,1,72,0
3775,244,4,5213,1,154,0
3776,244,4,5342,1,140,0
3777,244,4,5384,1,139,0
3778,244,4,5324,1,141,0
3779,245,4,5112,1,256,0
3780,245,4,5477,1,92,0
3781,245,4,5420,1,98,0
3782,245,4,5599,1,56,0
3783,245,4,5563,1,65,0
3784,245,4,5563,1,63,0
3785,245,4,5525,1,73,0
3786,245,4,5549,1,70,0
3787,245,4,5384,1,116,0
3788,245,4,5247,1,153,0
3789,245,4,5334,1,137,0
3790,245,4,5198,1,153,0
3791,245,4,5595,1,55,0
3792,245,0,275,0,494,0
3793,245,4,5133,1,173,0
3794,245,4,5498,1,85,0
3795,245,4,5565,1,64,0
3796,245,4,5470,1,97,0
3797,245,4,5161,1,172,0
3798,245,4,5270,1,160,0
3799,246,4,3280,1,656,0
3800,246,2,2457,0,1001,1
3801,246,4,5121,1,234,0
3802,246,4,5126,1,209,0
3803,246,4,5478,1,98,0
3804,246,4,5423,1,104,0
3805,246,4,5398,1,123,0
3806,246,4,5116,1,195,0
3807,246,4,5506,1,79,0
3808,246,4,5199,1,246,0
3809,246,4,5520,1,80,0
3810,246,4,5471,1,95,0
3811,246,4,5540,1,71,0
3812,246,4,5404,1,125,0
3813,246,4,5462,1,86,0
3814,246,4,5497,1,82,0
3815,246,4,5532,1,72,0
3816,246,4,5487,1,84,0
3817,246,4,5189,1,184,0
3818,247,4,5323,1,143,0
3819,247,4,5472,1,88,0
3820,247,4,5317,1,163,0
3821,247,4,5326,1,148,0
3822,247,4,5217,1,140,0
3823,247,4,5472,1,93,0
3824,247,4,4999,1,224,0
3825,247,0,197,0,190,0
3826,247,4,5357,1,117,0
3827,247,4,5569,1,63,0
3828,247,4,5396,1,117,0
3829,247,4,5093,1,179,0
3830,247,4,5301,1,148,0
3831,247,4,5122,1,194,0
3832,247,4,5440,1,102,0
3833,247,4,5425,1,100,0
3834,247,4,5464,1,94,0
3835,247,4,5214,1,180,0
3836,247,1,1198,0,373,0
3837,247,4,5205,1,166,0
3838,248,4,4483,1,360,0
3839,248,4,5479,1,86,0
3840,248,4,5531,1,77,0
3841,248,4,5310,1,125,0
3842,248,4,5519,1,78,0
3843,248,4,5291,1,158,0
3844,248,4,5264,1,162,0
3845,248,1,1277,0,149,0
3846,248,4,5425,1,100,0
3847,248,4,5387,1,124,0
3848,248,4,5068,1,231,0
3849,248,4,5395,1,99,0
3850,248,4,5333,1,141,0
3851,248,4,5006,1,233,0
3852,248,4,5487,1,87,0
3853,248,4,5535,1,74,0
3854,248,4,5150,1,147,0
3855,248,4,5235,1,174,0
3856,248,4,5471,1,88,0
3857,248,2,1562,0,580,0
3858,248,4,5499,1,83,0
3859,249,4,5492,1,91,0
3860,249,4,5482,1,92,0
3861,249,4,5462,1,89,0
3862,249,3,3402,0,218,0
3863,249,4,5270,1,135,0
3864,249,4,5325,1,111,0
3865,249,4,5257,1,172,0
3866,249,4,5055,1,245,0
3867,249,4,5349,1,147,0
3868,249,4,5505,1,81,0
3869,249,4,5554,1,68,0
3870,249,1,1453,0,309,0
3871,249,4,5451,1,99,0
3872,249,4,5289,1,140,0
3873,249,0,197,0,370,0
3874,249,4,5497,1,80,0
3875,249,4,5228,1,146,0
3876,249,4,5504,1,83,0
3877,249,4,5478,1,90,0
3878,249,4,5546,1,68,0
3879,249,4,4906,1,360,0
3880,250,4,5313,1,147,0
3881,250,4,4947,1,324,0
3882,250,4,5327,1,132,0
3883,250,4,5465,1,98,0
3884,250,0,99,0,256,0
3885,250,4,5465,1,100,0
3886,250,4,5263,1,144,0
3887,250,4,5292,1,148,0
3888,250,4,5304,1,148,0
3889,250,4,5204,1,144,0
3890,250,4,5495,1,85,0
3891,250,4,5306,1,146,0
3892,250,4,5426,1,110,0
3893,250,4,5207,1,155,0
3894,250,4,5382,1,138,0
3895,250,3,3471,0,227,0
3896,250,4,5447,1,93,0
3897,250,4,5563,1,63,0
3898,250,4,5456,1,97,0
3899,250,2,2199,0,230,0
3900,251,2,2457,0,1001,1
3901,251,4,5474,1,94,0
3902,251,4,5414,1,112,0
3903,251,4,5074,1,191,0
3904,251,4,5324,1,144,0
3905,251,4,5330,1,139,0
3906,251,4,5432,1,108,0
3907,251,2,2078,0,517,0
3908,251,4,4955,1,325,0
3909,251,4,5166,1,192,0
3910,251,4,5400,1,114,0
3911,251,4,4420,1,333,0
3912,251,1,1090,0,163,0
3913,251,4,5458,1,98,0
3914,252,4,5482,1,94,0
3915,252,4,5110,1,174,0
3916,252,4,5514,1,80,0
3917,252,4,5481,1,83,0
3918,252,4,5336,1,137,0
3919,252,4,5469,1,95,0
3920,252,4,5414,1,111,0
3921,252,2,2226,0,342,0
3922,252,4,5530,1,71,0
3923,252,4,5136,1,168,0
3924,252,4,5523,1,77,0
3925,252,4,5380,1,124,0
3926,252,4,5498,1,82,0
3927,252,4,5434,1,99,0
3928,252,3,3151,0,299,0
3929,252,4,5318,1,140,0
3930,252,4,5558,1,66,0
3931,252,4,5259,1,204,0
3932,252,4,5519,1,72,0
3933,252,4,5299,1,140,0
3934,252,1,1334,0,242,0
3935,252,4,5094,1,213,0
3936,252,4,5316,1,140,0
3937,253,4,5476,1,98,0
3938,253,4,5579,1,60,0
3939,253,4,5529,1,73,0
3940,253,4,5277,1,176,0
3941,253,4,5531,1,75,0
3942,253,4,5407,1,114,0
3943,253,4,5414,1,121,0
3944,253,4,5469,1,104,0
3945,253,1,1356,0,219,0
3946,253,1,1303,0,387,0
3947,253,4,4984,1,261,0
3948,253,4,5309,1,154,0
3949,253,4,5444,1,102,0
3950,253,4,5196,1,218,0
3951,253,4,5449,1,103,0
3952,253,4,5347,1,133,0
3953,253,4,5172,1,188,0
3954,253,4,5266,1,158,0
3955,253,4,5378,1,122,0
3956,253,4,5105,1,193,0
3957,253,4,5252,1,141,0
3958,254,4,4688,1,283,0
3959,254,4,5575,1,63,0
3960,254,4,5446,1,95,0
3961,254,4,4711,1,337,0
3962,254,4,5514,1,80,0
3963,254,4,5435,1,101,0
3964,254,4,5224,1,207,0
3965,254,4,5366,1,124,0
3966,254,4,5491,1,84,0
3967,254,4,5262,1,161,0
3968,254,4,5447,1,101,0
3969,254,2,2186,0,406,0
3970,254,4,5244,1,195,0
3971,254,4,5520,1,80,0
3972,254,4,4156,1,470,0
3973,254,4,5260,1,143,0
3974,254,4,5347,1,119,0
3975,254,4,5420,1,107,0
3976,255,4,5129,1,174,0
3977,255,4,5378,1,117,0
3978,255,4,5332,1,135,0
3979,255,4,5009,1,272,0
3980,255,4,5409,1,100,0
3981,255,4,5187,1,156,0
3982,255,4,5531,1,76,0
3983,255,4,5350,1,135,0
3984,255,4,5256,1,169,0
3985,255,4,5541,1,69,0
3986,255,4,5210,1,183,0
3987,255,4,4945,1,207,0
3988,255,4,5501,1,81,0
3989,255,4,5561,1,65,0
3990,255,4,5320,1,144,0
3991,255,4,5258,1,154,0
3992,255,4,5325,1,146,0
3993,255,4,5482,1,90,0
3994,255,4,5326,1,142,0
3995,255,4,5534,1,72,0
3996,255,4,5520,1,76,0
3997,255,4,4598,1,285,0
3998,255,4,5197,1,174,0
3999,256,4,4966,1,213,0
4000,256,2,2457,0,1001,1
4001,256,4,5528,1,80,0
