1,0,0,186,0,266,0
2,0,0,0,0,130,0
3,0,0,76,0,274,0
4,0,0,192,0,320,0
5,1,0,99,0,201,0
6,1,1,968,0,391,0
7,1,1,1224,0,253,0
8,1,0,0,0,124,0
9,1,0,93,0,171,0
10,1,0,0,0,117,0
11,1,0,0,0,134,0
12,1,1,1249,0,305,0
13,1,0,0,0,231,0
14,1,0,86,0,226,0
15,1,0,94,0,175,0
16,1,0,154,0,337,0
17,1,0,93,0,133,0
18,1,0,0,0,212,0
19,2,0,80,0,234,0
20,2,1,1279,0,168,0
21,2,0,81,0,298,0
22,2,0,98,0,159,0
23,2,0,180,0,198,0
24,2,0,94,0,148,0
25,2,0,85,0,252,0
26,2,0,92,0,162,0
27,2,0,166,0,236,0
28,2,1,1059,0,233,0
29,2,0,86,0,245,0
30,2,0,84,0,229,0
31,2,0,0,0,187,0
32,2,1,1111,0,198,0
33,2,1,1070,0,420,0
34,3,0,81,0,215,0
35,3,0,0,0,216,0
36,3,0,179,0,182,0
37,3,0,89,0,183,0
38,3,1,1146,0,183,0
39,3,2,2255,0,248,0
40,3,0,88,0,432,0
41,3,1,1274,0,240,0
42,3,0,0,0,158,0
43,3,1,986,0,427,0
44,3,1,1102,0,336,0
45,3,1,1353,0,388,0
46,4,1,1098,0,380,0
47,4,0,93,0,142,0
48,4,0,88,0,179,0
49,4,2,2104,0,370,0
50,4,1,1185,0,218,0
51,4,0,241,0,391,0
52,4,0,256,0,366,0
53,4,0,0,0,136,0
54,4,1,1141,0,253,0
55,4,0,166,0,228,0
56,5,1,1244,0,366,0
57,5,1,982,0,520,0
58,5,1,1049,0,367,0
59,5,0,93,0,237,0
60,5,1,1300,0,376,0
61,5,1,1181,0,430,0
62,5,0,77,0,573,0
63,6,1,724,0,656,0
64,6,0,89,0,219,0
65,6,0,252,0,429,0
66,6,0,177,0,262,0
67,6,3,3241,0,416,0
68,6,1,1062,0,350,0
69,6,0,167,0,298,0
70,6,1,1098,0,313,0
71,6,1,1350,0,240,0
72,6,1,1217,0,200,0
73,6,1,1205,0,218,0
74,7,0,84,0,183,0
75,7,0,190,0,255,0
76,7,1,1147,0,281,0
77,7,0,0,0,168,0
78,7,1,1207,0,197,0
79,7,2,2173,0,349,0
80,7,1,1379,0,219,0
81,7,2,2249,0,359,0
82,7,0,184,0,274,0
83,7,2,2290,0,294,0
84,8,1,1249,0,550,0
85,8,1,1299,0,225,0
86,8,1,1220,0,399,0
87,8,0,171,0,310,0
88,8,1,1093,0,356,0
89,8,1,1263,0,543,0
90,8,1,1241,0,259,0
91,8,0,185,0,310,0
92,8,1,1281,0,209,0
93,9,0,0,0,360,0
94,9,1,1347,0,408,0
95,9,1,1342,0,426,0
96,9,0,90,0,175,0
97,9,1,1273,0,530,0
98,9,0,91,0,149,0
99,9,1,1325,0,330,0
100,9,0,0,0,1001,1
101,10,1,1338,0,591,0
102,10,0,80,0,248,0
103,10,0,0,0,239,0
104,10,1,1099,0,231,0
105,10,0,94,0,168,0
106,10,1,1238,0,510,0
107,10,1,1265,0,317,0
108,10,1,1178,0,358,0
109,10,2,2108,0,505,0
110,11,1,1304,0,289,0
111,11,1,1403,0,394,0
112,11,0,98,0,264,0
113,11,2,2354,0,451,0
114,11,1,1267,0,164,0
115,11,1,1074,0,213,0
116,11,1,1020,0,405,0
117,11,1,1276,0,457,0
118,11,0,191,0,165,0
119,11,1,1339,0,233,0
120,12,2,2308,0,229,0
121,12,0,185,0,177,0
122,12,1,1336,0,423,0
123,12,2,2254,0,267,0
124,12,0,174,0,311,0
125,12,2,2381,0,338,0
126,12,2,1967,0,470,0
127,12,1,1413,0,647,0
128,12,1,1208,0,210,0
129,12,0,194,0,186,0
130,13,1,1482,0,299,0
131,13,1,1241,0,354,0
132,13,2,2176,0,303,0
133,13,2,2503,0,333,0
134,13,0,99,0,185,0
135,13,2,2175,0,298,0
136,13,1,1155,0,283,0
137,13,0,91,0,292,0
138,13,1,1353,0,241,0
139,13,3,2994,0,396,0
140,13,1,1030,0,216,0
141,14,1,1086,0,203,0
142,14,1,1341,0,561,0
143,14,0,0,0,123,0
144,14,1,1173,0,214,0
145,14,2,2206,0,340,0
146,14,1,1308,0,336,0
147,14,2,2185,0,285,0
148,14,2,2297,0,495,0
149,14,2,2275,0,425,0
150,15,2,2114,0,365,0
151,15,1,1248,0,398,0
152,15,1,1333,0,360,0
153,15,3,2917,0,329,0
154,15,1,1228,0,238,0
155,15,1,1233,0,308,0
156,15,3,2996,0,319,0
157,15,3,2974,0,485,0
158,15,1,1227,0,181,0
159,15,3,3245,0,243,0
160,16,1,1440,0,517,0
161,16,0,94,0,141,0
162,16,3,3145,0,333,0
163,16,4,4752,1,342,0
164,16,4,4816,1,269,0
165,16,2,2421,0,292,0
166,16,3,3132,0,231,0
167,16,2,2222,0,301,0
168,16,1,1087,0,285,0
169,16,1,1192,0,181,0
170,17,4,4887,1,236,0
171,17,1,1209,0,389,0
172,17,3,2878,0,371,0
173,17,2,1659,0,608,0
174,17,1,1107,0,181,0
175,17,2,2245,0,173,0
176,17,3,3452,0,303,0
177,17,4,5055,1,270,0
178,17,2,2483,0,165,0
179,17,2,2262,0,209,0
180,17,3,3222,0,277,0
181,18,2,2307,0,276,0
182,18,1,1357,0,142,0
183,18,4,4840,1,328,0
184,18,2,2122,0,300,0
185,18,2,2428,0,239,0
186,18,3,3394,0,288,0
187,18,1,1256,0,196,0
188,18,1,1275,0,229,0
189,18,1,1296,0,201,0
190,18,1,1268,0,132,0
191,18,0,0,0,149,0
192,18,0,95,0,138,0
193,18,2,2169,0,238,0
194,18,1,1137,0,352,0
195,19,3,3219,0,432,0
196,19,1,928,0,497,0
197,19,3,3218,0,276,0
198,19,0,93,0,174,0
199,19,2,2157,0,367,0
200,19,0,0,0,105,1
201,19,0,90,0,121,0
202,19,4,4649,1,453,0
203,19,3,3054,0,261,0
204,19,2,2394,0,316,0
205,20,3,3261,0,509,0
206,20,1,1208,0,244,0
207,20,1,1171,0,159,0
208,20,4,4641,1,387,0
209,20,2,2374,0,624,0
210,20,1,1041,0,171,0
211,20,3,3228,0,485,0
212,21,2,2350,0,555,0
213,21,1,1280,0,296,0
214,21,2,2282,0,485,0
215,21,2,2265,0,277,0
216,21,3,3054,0,380,0
217,21,0,177,0,332,0
218,21,1,980,0,354,0
219,21,3,3427,0,413,0
220,22,1,1156,0,121,0
221,22,4,4585,1,405,0
222,22,1,1404,0,360,0
223,22,3,3364,0,303,0
224,22,3,3109,0,272,0
225,22,2,2141,0,426,0
226,22,2,2310,0,226,0
227,22,4,4812,1,305,0
228,22,0,0,0,118,0
229,22,2,2269,0,228,0
230,23,3,3202,0,586,0
231,23,3,3239,0,627,0
232,23,3,2909,0,349,0
233,23,3,3141,0,457,0
234,23,4,4357,1,527,0
235,23,2,2066,0,301,0
236,23,3,3091,0,362,0
237,23,2,2292,0,398,0
238,24,3,3407,0,386,0
239,24,2,2264,0,299,0
240,24,0,98,0,195,0
241,24,1,1378,0,183,0
242,24,3,3204,0,585,0
243,24,1,1315,0,211,0
244,24,3,3331,0,376,0
245,24,4,4864,1,336,0
246,24,3,3081,0,371,0
247,25,3,2951,0,410,0
248,25,1,1339,0,215,0
249,25,3,3077,0,509,0
250,25,3,3280,0,285,0
251,25,3,3234,0,406,0
252,25,1,1449,0,283,0
253,25,4,4478,1,453,0
254,25,3,3210,0,463,0
255,25,1,1095,0,338,0
256,26,3,3398,0,365,0
257,26,1,1259,0,256,0
258,26,2,1856,0,515,0
259,26,3,3060,0,377,0
260,26,1,1302,0,413,0
261,26,2,2322,0,372,0
262,26,3,3292,0,238,0
263,27,3,2586,0,729,0
264,27,3,2803,0,587,0
265,27,3,2849,0,411,0
266,27,2,2381,0,182,0
267,27,3,2564,0,645,0
268,27,0,191,0,281,0
269,28,1,1309,0,429,0
270,28,2,2189,0,363,0
271,28,0,99,0,234,0
272,28,3,3156,0,399,0
273,28,1,1062,0,227,0
274,28,2,1907,0,592,0
275,28,1,1076,0,485,0
276,28,1,1273,0,255,0
277,29,2,2101,0,624,0
278,29,1,1321,0,262,0
279,29,2,1872,0,442,0
280,29,3,3185,0,462,0
281,29,1,1295,0,220,0
282,29,3,3252,0,397,0
283,29,3,3505,0,330,0
284,29,3,3094,0,290,0
285,30,4,4493,1,450,0
286,30,0,187,0,228,0
287,30,4,4420,1,453,0
288,30,3,3373,0,267,0
289,30,3,3036,0,706,0
290,30,0,99,0,184,0
291,30,3,2976,0,691,0
292,30,0,99,0,175,0
293,30,2,2161,0,312,0
294,31,3,3090,0,461,0
295,31,4,4003,1,669,0
296,31,3,3144,0,660,0
297,31,3,2931,0,568,0
298,31,3,2586,0,788,0
299,32,2,2102,0,724,0
300,32,0,99,0,108,1
301,32,3,2982,0,623,0
302,32,4,4512,1,363,0
303,32,2,2087,0,550,0
304,32,2,2181,0,256,0
305,32,4,4996,1,286,0
306,32,2,2391,0,391,0
307,33,4,4404,1,779,0
308,33,3,3131,0,303,0
309,33,4,4564,1,399,0
310,33,4,4429,1,476,0
311,33,2,1939,0,306,0
312,33,1,1125,0,354,0
313,33,3,3118,0,641,0
314,34,3,2913,0,848,0
315,34,4,4395,1,599,0
316,34,3,3217,0,493,0
317,34,4,4737,1,541,0
318,34,3,2912,0,420,0
319,34,4,4994,1,313,0
320,35,4,5002,1,259,0
321,35,2,2354,0,543,0
322,35,3,3100,0,478,0
323,35,2,2299,0,267,0
324,35,4,5366,1,136,0
325,35,4,4982,1,305,0
326,35,2,2165,0,294,0
327,35,4,4595,1,441,0
328,35,1,1190,0,247,0
329,35,4,5459,1,118,0
330,35,0,186,0,145,0
331,36,4,4777,1,341,0
332,36,2,2172,0,495,0
333,36,2,2368,0,309,0
334,36,4,4635,1,456,0
335,36,4,4537,1,520,0
336,36,4,5037,1,217,0
337,36,4,4279,1,502,0
338,36,0,180,0,343,0
339,37,4,4296,1,485,0
340,37,3,3080,0,306,0
341,37,4,4479,1,446,0
342,37,4,4522,1,457,0
343,37,4,4500,1,413,0
344,37,3,2698,0,776,0
345,37,4,5298,1,154,0
346,38,0,97,0,177,0
347,38,2,2172,0,626,0
348,38,2,2212,0,303,0
349,38,2,2287,0,538,0
350,38,3,3075,0,358,0
351,38,4,5245,1,170,0
352,38,3,3360,0,297,0
353,38,4,4615,1,403,0
354,39,2,2089,0,512,0
355,39,4,4959,1,247,0
356,39,4,4873,1,265,0
357,39,2,2239,0,548,0
358,39,2,2172,0,432,0
359,39,4,4810,1,263,0
360,39,2,2271,0,369,0
361,39,4,4876,1,249,0
362,39,4,5365,1,144,0
363,39,4,5302,1,148,0
364,40,2,2176,0,458,0
365,40,4,5440,1,155,0
366,40,4,5245,1,173,0
367,40,4,5305,1,182,0
368,40,4,4119,1,497,0
369,40,4,4995,1,253,0
370,40,4,5105,1,221,0
371,40,4,4270,1,380,0
372,40,1,1102,0,267,0
373,40,4,4793,1,288,0
374,40,4,4985,1,241,0
375,41,4,4168,1,612,0
376,41,4,4807,1,284,0
377,41,4,5202,1,178,0
378,41,4,5023,1,248,0
379,41,4,5327,1,139,0
380,41,4,4379,1,376,0
381,41,2,1876,0,571,0
382,41,2,2094,0,451,0
383,41,4,5099,1,227,0
384,41,4,5035,1,196,0
385,42,3,2987,0,359,0
386,42,2,2339,0,373,0
387,42,4,4855,1,261,0
388,42,1,1412,0,215,0
389,42,4,4503,1,372,0
390,42,4,5083,1,202,0
391,42,4,5329,1,143,0
392,42,4,4899,1,270,0
393,42,4,5078,1,222,0
394,42,4,4666,1,331,0
395,42,4,4968,1,230,0
396,42,2,2476,0,323,0
397,43,4,5014,1,245,0
398,43,1,1099,0,190,0
399,43,4,4769,1,263,0
400,43,0,99,0,108,1
401,43,0,99,0,161,0
402,43,4,4681,1,329,0
403,43,4,4899,1,264,0
404,43,4,4765,1,299,0
405,43,4,3896,1,625,0
406,43,4,4831,1,301,0
407,43,4,5427,1,118,0
408,43,4,5286,1,148,0
409,44,3,3262,0,355,0
410,44,4,5367,1,134,0
411,44,4,5090,1,217,0
412,44,4,5320,1,142,0
413,44,2,2530,0,498,0
414,44,4,4963,1,248,0
415,44,1,1280,0,438,0
416,44,4,4802,1,284,0
417,44,4,4986,1,263,0
418,44,1,1267,0,404,0
419,44,4,5423,1,119,0
420,44,4,5215,1,183,0
421,45,0,99,0,549,0
422,45,2,2329,0,398,0
423,45,4,5321,1,139,0
424,45,4,4910,1,284,0
425,45,4,5044,1,214,0
426,45,1,1293,0,292,0
427,45,4,5255,1,150,0
428,45,4,4959,1,281,0
429,45,2,2177,0,298,0
430,45,4,4544,1,419,0
431,45,4,4933,1,291,0
432,46,4,5311,1,162,0
433,46,2,2335,0,277,0
434,46,3,3294,0,283,0
435,46,4,5311,1,144,0
436,46,4,4564,1,335,0
437,46,4,5004,1,240,0
438,46,4,5367,1,147,0
439,46,1,1503,0,435,0
440,46,0,99,0,253,0
441,46,4,5345,1,140,0
442,46,4,4654,1,421,0
443,46,4,4923,1,245,0
444,47,4,4815,1,280,0
445,47,4,4848,1,326,0
446,47,1,1346,0,158,0
447,47,2,2076,0,351,0
448,47,1,1517,0,475,0
449,47,2,2106,0,388,0
450,47,1,1187,0,256,0
451,47,4,5179,1,178,0
452,47,1,1118,0,167,0
453,47,4,4712,1,312,0
454,47,2,2343,0,262,0
455,48,2,2315,0,351,0
456,48,4,4679,1,333,0
457,48,4,4880,1,308,0
458,48,4,5059,1,204,0
459,48,4,4823,1,252,0
460,48,3,3246,0,226,0
461,48,4,4933,1,289,0
462,48,4,4605,1,358,0
463,48,4,5365,1,131,0
464,48,2,2131,0,367,0
465,48,1,1297,0,222,0
466,49,4,3909,1,571,0
467,49,4,5272,1,153,0
468,49,4,4415,1,408,0
469,49,4,5217,1,171,0
470,49,4,4898,1,286,0
471,49,3,3163,0,443,0
472,49,4,5180,1,180,0
473,49,4,5349,1,142,0
474,49,4,5096,1,213,0
475,49,4,4924,1,227,0
476,49,4,5255,1,167,0
477,50,4,4423,1,513,0
478,50,1,1240,0,174,0
479,50,4,5269,1,170,0
480,50,1,1111,0,172,0
481,50,1,1262,0,327,0
482,50,4,4093,1,549,0
483,50,4,4747,1,297,0
484,50,4,4883,1,253,0
485,50,4,4837,1,280,0
486,50,2,2350,0,219,0
487,50,4,5070,1,193,0
488,51,2,2068,0,668,0
489,51,4,4924,1,244,0
490,51,1,1238,0,193,0
491,51,3,2777,0,494,0
492,51,4,5256,1,146,0
493,51,4,5168,1,171,0
494,51,1,1226,0,241,0
495,51,4,4929,1,279,0
496,51,4,5262,1,177,0
497,51,4,4759,1,277,0
498,51,1,1123,0,220,0
499,51,4,5357,1,160,0
500,51,0,99,0,108,1
501,51,4,5404,1,114,0
502,52,4,5431,1,135,0
503,52,4,4753,1,285,0
504,52,4,5074,1,217,0
505,52,2,2165,0,488,0
506,52,2,1837,0,477,0
507,52,4,5186,1,212,0
508,52,4,5013,1,210,0
509,52,4,5510,1,106,0
510,52,4,4226,1,378,0
511,52,4,4862,1,323,0
512,52,3,3456,0,236,0
513,53,4,4382,1,421,0
514,53,4,4887,1,258,0
515,53,4,5120,1,175,0
516,53,4,5153,1,217,0
517,53,4,5192,1,165,0
518,53,2,2422,0,275,0
519,53,2,2053,0,379,0
520,53,4,4410,1,385,0
521,53,4,5087,1,212,0
522,53,4,4687,1,337,0
523,53,0,91,0,166,0
524,54,2,2338,0,345,0
525,54,2,2110,0,464,0
526,54,4,4582,1,337,0
527,54,1,1180,0,352,0
528,54,4,5430,1,110,0
529,54,4,5265,1,178,0
530,54,4,4574,1,397,0
531,54,4,4413,1,386,0
532,54,4,5104,1,199,0
533,54,4,4486,1,377,0
534,55,3,2852,0,467,0
535,55,2,1814,0,533,0
536,55,4,5087,1,203,0
537,55,0,167,0,483,0
538,55,4,4169,1,588,0
539,55,1,1184,0,235,0
540,55,4,4914,1,262,0
541,55,2,2416,0,236,0
542,55,2,2526,0,259,0
543,56,2,2227,0,308,0
544,56,2,1436,0,693,0
545,56,2,2129,0,314,0
546,56,4,5226,1,158,0
547,56,3,3229,0,313,0
548,56,4,4861,1,276,0
549,56,3,2951,0,513,0
550,56,0,94,0,214,0
551,56,4,5210,1,165,0
552,56,4,5134,1,201,0
553,57,2,2353,0,349,0
554,57,4,4748,1,326,0
555,57,4,5021,1,209,0
556,57,3,3073,0,310,0
557,57,0,96,0,239,0
558,57,2,2170,0,263,0
559,57,4,5025,1,266,0
560,57,4,5092,1,196,0
561,57,0,93,0,205,0
562,57,0,190,0,154,0
563,57,1,1277,0,316,0
564,57,4,4808,1,317,0
565,58,1,812,0,527,0
566,58,4,5540,1,93,0
567,58,4,5327,1,136,0
568,58,1,1332,0,435,0
569,58,0,181,0,242,0
570,58,0,88,0,309,0
571,58,4,5267,1,150,0
572,58,2,2270,0,433,0
573,58,4,5183,1,169,0
574,58,4,5470,1,118,0
575,58,3,3347,0,238,0
576,58,4,4859,1,247,0
577,59,4,4395,1,378,0
578,59,4,5158,1,194,0
579,59,0,97,0,148,0
580,59,2,1479,0,628,0
581,59,4,4386,1,350,0
582,59,4,4843,1,275,0
583,59,4,5397,1,124,0
584,59,2,2340,0,547,0
585,59,4,4338,1,408,0
586,59,4,5323,1,160,0
587,59,0,94,0,161,0
588,60,0,89,0,204,0
589,60,4,5164,1,182,0
590,60,1,1264,0,221,0
591,60,4,4268,1,489,0
592,60,4,5330,1,171,0
593,60,4,5450,1,113,0
594,60,4,4728,1,251,0
595,60,3,3164,0,330,0
596,60,2,2325,0,287,0
597,60,1,1264,0,379,0
598,60,4,4573,1,320,0
599,60,4,5360,1,137,0
600,60,0,99,0,108,1
601,61,4,5234,1,201,0
602,61,4,5209,1,163,0
603,61,4,4390,1,344,0
604,61,4,4492,1,362,0
605,61,4,5444,1,103,0
606,61,4,5378,1,130,0
607,61,2,2114,0,306,0
608,61,1,1070,0,387,0
609,61,1,1234,0,219,0
610,61,4,5025,1,220,0
611,61,4,4081,1,528,0
612,61,4,4749,1,314,0
613,62,3,2980,0,338,0
614,62,4,5054,1,223,0
615,62,4,4896,1,263,0
616,62,4,4828,1,334,0
617,62,4,5283,1,143,0
618,62,4,4630,1,403,0
619,62,4,5533,1,88,0
620,62,4,5399,1,120,0
621,62,2,1460,0,766,0
622,62,3,3624,0,254,0
623,62,4,4658,1,281,0
624,63,4,5340,1,159,0
625,63,4,4588,1,324,0
626,63,4,4823,1,265,0
627,63,4,4163,1,485,0
628,63,4,4651,1,415,0
629,63,4,5133,1,231,0
630,63,2,1864,0,377,0
631,63,4,4746,1,333,0
632,63,1,1136,0,321,0
633,63,4,4870,1,227,0
634,64,2,2069,0,398,0
635,64,3,2990,0,357,0
636,64,4,4622,1,337,0
637,64,4,5182,1,178,0
638,64,4,5434,1,116,0
639,64,4,4836,1,308,0
640,64,4,5437,1,133,0
641,64,4,5512,1,99,0
642,64,4,4973,1,239,0
643,64,4,5413,1,122,0
644,64,4,5164,1,187,0
645,64,4,4907,1,236,0
646,64,4,4675,1,314,0
647,64,4,4701,1,325,0
648,65,4,5119,1,198,0
649,65,3,3307,0,265,0
650,65,3,3269,0,204,0
651,65,4,5034,1,244,0
652,65,4,5252,1,208,0
653,65,4,4572,1,441,0
654,65,4,5445,1,105,0
655,65,0,94,0,137,0
656,65,4,4431,1,422,0
657,65,2,2357,0,821,0
658,65,4,5168,1,194,0
659,66,4,4905,1,248,0
660,66,4,3879,1,517,0
661,66,4,5115,1,198,0
662,66,1,1350,0,329,0
663,66,4,5054,1,214,0
664,66,4,4436,1,361,0
665,66,4,5003,1,213,0
666,66,4,5488,1,108,0
667,66,4,4153,1,499,0
668,66,4,5166,1,169,0
669,66,4,4911,1,255,0
670,66,1,1143,0,142,0
671,66,4,5330,1,156,0
672,67,4,5152,1,234,0
673,67,2,2194,0,279,0
674,67,4,5129,1,180,0
675,67,4,5356,1,152,0
676,67,1,1197,0,264,0
677,67,4,5093,1,185,0
678,67,4,5447,1,118,0
679,67,4,5125,1,191,0
680,67,4,5338,1,134,0
681,67,4,5221,1,263,0
682,67,4,5311,1,177,0
683,67,1,1314,0,405,0
684,67,4,5408,1,129,0
685,67,4,5383,1,141,0
686,67,4,4533,1,363,0
687,68,4,4993,1,219,0
688,68,4,4996,1,227,0
689,68,4,4972,1,232,0
690,68,4,5059,1,230,0
691,68,4,5087,1,218,0
692,68,2,2283,0,358,0
693,68,4,5589,1,85,0
694,68,4,5361,1,137,0
695,68,4,5161,1,197,0
696,68,4,4628,1,307,0
697,68,0,99,0,293,0
698,68,3,3096,0,494,0
699,68,4,5196,1,202,0
700,69,0,99,0,108,1
701,69,4,4815,1,248,0
702,69,4,4684,1,341,0
703,69,4,5274,1,138,0
704,69,4,4977,1,225,0
705,69,4,4834,1,267,0
706,69,4,5017,1,256,0
707,69,4,5278,1,144,0
708,69,4,5080,1,223,0
709,69,4,5344,1,150,0
710,69,4,4945,1,328,0
711,69,4,5347,1,137,0
712,69,4,5199,1,173,0
713,69,4,5064,1,214,0
714,69,4,5208,1,174,0
715,69,0,0,0,137,0
716,70,4,4866,1,302,0
717,70,4,5368,1,176,0
718,70,4,5534,1,92,0
719,70,4,5369,1,156,0
720,70,2,2281,0,307,0
721,70,4,4868,1,262,0
722,70,4,5477,1,104,0
723,70,4,5068,1,189,0
724,70,4,4696,1,403,0
725,70,2,2248,0,455,0
726,70,4,4720,1,286,0
727,70,1,1267,0,159,0
728,70,4,5364,1,175,0
729,70,4,5016,1,230,0
730,71,4,5240,1,173,0
731,71,2,2034,0,528,0
732,71,4,4912,1,254,0
733,71,4,5392,1,131,0
734,71,4,5133,1,193,0
735,71,4,5322,1,149,0
736,71,4,5063,1,217,0
737,71,0,99,0,142,0
738,71,4,4203,1,547,0
739,71,4,5210,1,173,0
740,71,4,5253,1,159,0
741,71,4,4989,1,232,0
742,71,4,5252,1,170,0
743,71,4,5369,1,127,0
744,72,4,4745,1,291,0
745,72,4,5267,1,177,0
746,72,4,4982,1,252,0
747,72,4,5358,1,136,0
748,72,3,3448,0,213,0
749,72,4,5118,1,286,0
750,72,4,4551,1,356,0
751,72,4,4987,1,216,0
752,72,4,5451,1,110,0
753,72,4,5367,1,137,0
754,72,4,4973,1,220,0
755,72,4,4715,1,325,0
756,72,4,4892,1,249,0
757,72,4,5370,1,141,0
758,73,2,2543,0,237,0
759,73,4,4939,1,236,0
760,73,4,4484,1,368,0
761,73,3,2994,0,411,0
762,73,4,5485,1,105,0
763,73,4,4631,1,338,0
764,73,4,4727,1,302,0
765,73,4,5514,1,99,0
766,73,4,4857,1,232,0
767,73,4,4832,1,242,0
768,73,3,3238,0,472,0
769,73,4,5314,1,158,0
770,74,0,99,0,237,0
771,74,3,2769,0,381,0
772,74,2,2372,0,162,0
773,74,4,5327,1,146,0
774,74,4,4610,1,362,0
775,74,4,4873,1,249,0
776,74,4,4094,1,497,0
777,74,4,5404,1,123,0
778,74,4,4692,1,313,0
779,74,4,4851,1,257,0
780,74,4,5264,1,194,0
781,74,4,5240,1,190,0
782,74,4,5024,1,242,0
783,75,0,99,0,197,0
784,75,4,4560,1,346,0
785,75,4,4871,1,272,0
786,75,4,4866,1,259,0
787,75,1,1154,0,318,0
788,75,4,5155,1,180,0
789,75,4,5237,1,182,0
790,75,4,4617,1,320,0
791,75,4,4837,1,268,0
792,75,4,5140,1,191,0
793,75,0,189,0,142,0
794,75,4,5235,1,177,0
795,75,4,5421,1,135,0
796,75,4,5334,1,163,0
797,76,4,4890,1,326,0
798,76,4,5073,1,235,0
799,76,4,4868,1,260,0
800,76,0,99,0,108,1
801,76,4,5490,1,105,0
802,76,4,5401,1,113,0
803,76,4,4704,1,310,0
804,76,0,99,0,227,0
805,76,4,5357,1,152,0
806,76,4,4636,1,318,0
807,76,4,4810,1,352,0
808,76,4,4632,1,311,0
809,76,4,5064,1,187,0
810,76,1,1530,0,424,0
811,77,4,5255,1,195,0
812,77,4,5247,1,167,0
813,77,4,4533,1,349,0
814,77,4,4592,1,343,0
815,77,4,4471,1,375,0
816,77,0,99,0,188,0
817,77,4,5271,1,209,0
818,77,4,5398,1,141,0
819,77,4,5018,1,227,0
820,77,4,5386,1,136,0
821,77,0,99,0,140,0
822,77,4,4095,1,495,0
823,77,4,4855,1,282,0
824,78,2,2028,0,455,0
825,78,4,5473,1,102,0
826,78,4,5357,1,130,0
827,78,4,5137,1,189,0
828,78,4,4946,1,252,0
829,78,4,4833,1,230,0
830,78,4,4830,1,305,0
831,78,4,4865,1,260,0
832,78,4,4798,1,288,0
833,78,3,3480,0,260,0
834,78,3,2401,0,626,0
835,79,4,5224,1,279,0
836,79,4,4737,1,505,0
837,79,4,5247,1,206,0
838,79,1,1340,0,280,0
839,79,4,4615,1,379,0
840,79,3,3063,0,814,0
841,79,3,3237,0,287,0
842,79,4,4905,1,331,0
843,79,4,5301,1,234,0
844,80,4,4911,1,464,0
845,80,4,4461,1,644,0
846,80,4,4788,1,354,0
847,80,4,4247,1,425,0
848,80,4,4483,1,463,0
849,80,4,5242,1,157,0
850,80,0,179,0,317,0
851,80,0,99,0,160,0
852,81,3,3180,0,720,0
853,81,4,5072,1,194,0
854,81,4,5409,1,151,0
855,81,4,4947,1,245,0
856,81,2,2499,0,267,0
857,81,4,4647,1,605,0
858,81,4,4866,1,301,0
859,81,4,5054,1,351,0
860,81,4,4141,1,579,0
861,82,4,5245,1,166,0
862,82,4,4478,1,378,0
863,82,1,1089,0,200,0
864,82,4,4549,1,362,0
865,82,4,5144,1,309,0
866,82,2,2299,0,240,0
867,82,4,5186,1,230,0
868,82,4,5293,1,240,0
869,82,1,1072,0,182,0
870,82,1,1327,0,272,0
871,82,4,4803,1,316,0
872,82,4,4590,1,293,0
873,83,4,4749,1,319,0
874,83,4,4631,1,431,0
875,83,4,4492,1,386,0
876,83,4,4258,1,465,0
877,83,4,4901,1,428,0
878,83,4,4833,1,371,0
879,83,4,4919,1,289,0
880,83,4,4662,1,381,0
881,83,4,5186,1,220,0
882,84,3,3320,0,361,0
883,84,4,5004,1,321,0
884,84,4,4965,1,310,0
885,84,1,1154,0,153,0
886,84,4,5184,1,272,0
887,84,1,1122,0,194,0
888,84,4,4615,1,418,0
889,84,1,1203,0,217,0
890,84,1,1530,0,407,0
891,84,4,4581,1,407,0
892,85,4,5105,1,283,0
893,85,2,2229,0,243,0
894,85,2,2483,0,225,0
895,85,1,1410,0,606,0
896,85,2,2291,0,441,0
897,85,2,2260,0,419,0
898,85,3,3175,0,316,0
899,85,2,2204,0,245,0
900,85,0,99,0,108,1
901,85,4,5018,1,351,0
902,85,4,5066,1,205,0
903,86,2,2123,0,279,0
904,86,4,4928,1,347,0
905,86,4,5031,1,239,0
906,86,3,2989,0,1001,0
907,86,4,4923,1,258,0
908,86,3,3090,0,386,0
909,86,4,4693,1,291,0
910,86,3,3440,0,416,0
911,87,1,1029,0,248,0
912,87,1,1282,0,296,0
913,87,4,5474,1,104,0
914,87,4,5159,1,249,0
915,87,4,5253,1,174,0
916,87,4,4010,1,764,0
917,87,4,4505,1,423,0
918,87,4,4836,1,300,0
919,87,4,4937,1,390,0
920,87,2,2277,0,311,0
921,88,2,2584,0,210,0
922,88,1,1388,0,456,0
923,88,3,2836,0,626,0
924,88,1,1127,0,156,0
925,88,4,4595,1,347,0
926,88,4,5032,1,239,0
927,88,3,3367,0,246,0
928,88,4,5143,1,282,0
929,88,4,5027,1,200,0
930,88,4,5197,1,180,0
931,88,3,3304,0,254,0
932,89,4,4861,1,271,0
933,89,4,5239,1,165,0
934,89,4,5075,1,176,0
935,89,4,5137,1,203,0
936,89,1,1368,0,236,0
937,89,4,5237,1,161,0
938,89,4,5269,1,145,0
939,89,4,5066,1,185,0
940,89,4,5279,1,154,0
941,89,4,5188,1,188,0
942,89,4,4432,1,446,0
943,89,4,4457,1,382,0
944,89,4,4799,1,259,0
945,89,4,4997,1,259,0
946,90,4,5095,1,222,0
947,90,4,5195,1,176,0
948,90,4,5149,1,220,0
949,90,1,1342,0,141,0
950,90,4,5269,1,173,0
951,90,3,3009,0,428,0
952,90,4,5526,1,94,0
953,90,4,5119,1,173,0
954,90,4,4993,1,238,0
955,90,2,2584,0,188,0
956,90,4,5280,1,162,0
957,90,1,1301,0,321,0
958,90,4,4481,1,369,0
959,90,4,5170,1,194,0
960,91,4,4469,1,381,0
961,91,4,4974,1,229,0
962,91,4,5465,1,120,0
963,91,4,5271,1,149,0
964,91,4,4706,1,329,0
965,91,1,1361,0,146,0
966,91,4,4824,1,293,0
967,91,4,4937,1,234,0
968,91,4,5189,1,173,0
969,91,4,5661,1,60,0
970,91,4,5210,1,165,0
971,91,4,4621,1,313,0
972,91,4,5386,1,116,0
973,91,2,2156,0,261,0
974,91,4,5365,1,126,0
975,91,4,4946,1,252,0
976,92,1,1378,0,452,0
977,92,4,4712,1,288,0
978,92,4,4748,1,299,0
979,92,4,5293,1,145,0
980,92,4,4903,1,248,0
981,92,4,5156,1,194,0
982,92,4,4569,1,314,0
983,92,0,99,0,285,0
984,92,4,5530,1,115,0
985,92,4,5429,1,115,0
986,92,4,5235,1,195,0
987,92,4,5288,1,169,0
988,92,4,5225,1,170,0
989,92,4,5031,1,228,0
990,92,4,5549,1,85,0
991,93,4,5177,1,194,0
992,93,4,5042,1,243,0
993,93,4,5017,1,240,0
994,93,4,5063,1,238,0
995,93,4,5515,1,117,0
996,93,1,1245,0,201,0
997,93,4,5491,1,129,0
998,93,0,99,0,263,0
999,93,4,5043,1,237,0
1000,93,0,99,0,108,1
1001,93,2,2487,0,172,0
1002,93,4,5303,1,167,0
1003,93,4,5136,1,189,0
1004,93,4,4455,1,427,0
1005,93,4,4983,1,218,0
1006,94,1,1172,0,197,0
1007,94,4,4840,1,270,0
1008,94,1,1326,0,283,0
1009,94,4,4437,1,410,0
1010,94,2,2445,0,333,0
1011,94,4,5208,1,166,0
1012,94,4,5025,1,245,0
1013,94,4,5344,1,143,0
1014,94,4,5059,1,205,0
1015,94,4,4584,1,400,0
1016,94,4,4433,1,326,0
1017,94,4,4757,1,278,0
1018,94,4,5453,1,113,0
1019,95,4,4622,1,278,0
1020,95,4,5529,1,92,0
1021,95,4,5104,1,200,0
1022,95,4,5403,1,141,0
1023,95,4,5323,1,135,0
1024,95,4,4835,1,284,0
1025,95,4,4876,1,228,0
1026,95,2,2537,0,205,0
1027,95,4,5132,1,186,0
1028,95,2,2010,0,1001,0
1029,95,4,5281,1,149,0
1030,95,4,5451,1,115,0
1031,95,4,5293,1,165,0
1032,96,4,5099,1,217,0
1033,96,4,4720,1,333,0
1034,96,4,4341,1,353,0
1035,96,4,5180,1,167,0
1036,96,4,4705,1,336,0
1037,96,2,2267,0,521,0
1038,96,4,5118,1,225,0
1039,96,4,4666,1,300,0
1040,96,4,5283,1,146,0
1041,96,4,4356,1,363,0
1042,96,4,5211,1,203,0
1043,97,3,2823,0,381,0
1044,97,4,4516,1,308,0
1045,97,4,4794,1,261,0
1046,97,4,4743,1,284,0
1047,97,2,2382,0,186,0
1048,97,4,5449,1,129,0
1049,97,4,4961,1,254,0
1050,97,3,3382,0,347,0
1051,97,2,2105,0,341,0
1052,97,4,5006,1,230,0
1053,97,4,5519,1,97,0
1054,97,4,4554,1,323,0
1055,97,4,5537,1,92,0
1056,97,4,5480,1,109,0
1057,98,4,5092,1,224,0
1058,98,4,5469,1,189,0
1059,98,4,5018,1,222,0
1060,98,4,5266,1,151,0
1061,98,4,5415,1,143,0
1062,98,4,4265,1,398,0
1063,98,4,5542,1,86,0
1064,98,4,5562,1,84,0
1065,98,4,5652,1,67,0
1066,98,4,5482,1,115,0
1067,98,2,2711,0,210,0
1068,98,1,1235,0,139,0
1069,98,4,5442,1,104,0
1070,98,4,5287,1,143,0
1071,98,4,5202,1,199,0
1072,98,4,5190,1,217,0
1073,98,4,5522,1,104,0
1074,98,4,5470,1,134,0
1075,99,2,2499,0,580,0
1076,99,4,5535,1,93,0
1077,99,4,5635,1,70,0
1078,99,4,5441,1,120,0
1079,99,2,2232,0,184,0
1080,99,2,2458,0,265,0
1081,99,4,5546,1,97,0
1082,99,2,2370,0,212,0
1083,99,4,5662,1,60,0
1084,99,4,5447,1,114,0
1085,99,4,5531,1,93,0
1086,99,4,5294,1,139,0
1087,99,4,4834,1,277,0
1088,99,4,4923,1,243,0
1089,99,4,5068,1,182,0
1090,99,4,5103,1,199,0
1091,99,4,5117,1,207,0
1092,99,4,4970,1,228,0
1093,99,4,5566,1,92,0
1094,100,2,2483,0,650,0
1095,100,1,1321,0,258,0
1096,100,4,5365,1,132,0
1097,100,4,5119,1,192,0
1098,100,4,5397,1,145,0
1099,100,4,5085,1,203,0
1100,100,0,99,0,108,1
1101,100,4,4842,1,243,0
1102,100,4,5322,1,145,0
1103,100,4,5333,1,198,0
1104,100,2,2353,0,290,0
1105,100,4,5013,1,236,0
1106,100,4,5346,1,129,0
1107,100,2,2278,0,252,0
1108,100,4,5278,1,150,0
1109,101,4,5274,1,169,0
1110,101,4,5011,1,208,0
1111,101,4,5405,1,131,0
1112,101,4,5502,1,89,0
1113,101,4,5480,1,113,0
1114,101,2,2580,0,508,0
1115,101,4,5386,1,114,0
1116,101,4,5256,1,204,0
1117,101,4,4963,1,233,0
1118,101,1,1354,0,218,0
1119,101,2,2159,0,628,0
1120,101,4,5130,1,185,0
1121,101,4,5561,1,86,0
1122,101,2,2350,0,246,0
1123,101,4,5633,1,67,0
1124,102,4,5163,1,194,0
1125,102,4,5004,1,276,0
1126,102,4,4981,1,222,0
1127,102,4,4933,1,315,0
1128,102,4,4770,1,243,0
1129,102,4,5640,1,67,0
1130,102,4,5350,1,137,0
1131,102,0,99,0,148,0
1132,102,4,5222,1,154,0
1133,102,4,4290,1,456,0
1134,102,4,5246,1,169,0
1135,102,4,4980,1,215,0
1136,102,4,5338,1,124,0
1137,102,4,5176,1,170,0
1138,102,4,5099,1,209,0
1139,102,4,5010,1,230,0
1140,103,4,5442,1,108,0
1141,103,4,5271,1,188,0
1142,103,0,99,0,140,0
1143,103,1,1336,0,159,0
1144,103,4,5572,1,83,0
1145,103,3,3319,0,213,0
1146,103,4,5234,1,157,0
1147,103,4,5076,1,224,0
1148,103,4,5595,1,90,0
1149,103,4,5477,1,107,0
1150,103,4,5650,1,62,0
1151,103,4,5205,1,156,0
1152,103,4,5120,1,230,0
1153,103,4,5410,1,124,0
1154,103,4,5114,1,175,0
1155,103,4,5622,1,87,0
1156,103,4,5381,1,138,0
1157,103,4,5266,1,166,0
1158,103,4,5281,1,153,0
1159,103,4,5158,1,232,0
1160,103,4,5323,1,123,0
1161,103,4,5477,1,113,0
1162,103,4,5368,1,121,0
1163,104,4,5660,1,71,0
1164,104,1,1063,0,233,0
1165,104,4,5134,1,211,0
1166,104,0,98,0,147,0
1167,104,4,5397,1,134,0
1168,104,2,2337,0,260,0
1169,104,0,99,0,138,0
1170,104,4,5563,1,79,0
1171,104,4,5473,1,133,0
1172,104,4,5450,1,100,0
1173,104,4,5285,1,133,0
1174,104,4,5244,1,172,0
1175,104,4,4975,1,259,0
1176,104,1,1269,0,133,0
1177,104,4,5290,1,155,0
1178,104,4,4916,1,274,0
1179,104,4,4584,1,475,0
1180,105,4,5330,1,158,0
1181,105,4,5310,1,168,0
1182,105,4,5241,1,169,0
1183,105,1,1056,0,228,0
1184,105,1,1043,0,248,0
1185,105,2,2295,0,232,0
1186,105,3,3208,0,306,0
1187,105,4,5455,1,101,0
1188,105,4,5235,1,153,0
1189,105,4,5120,1,235,0
1190,105,4,5357,1,121,0
1191,105,4,5044,1,195,0
1192,105,4,5182,1,162,0
1193,105,4,5528,1,95,0
1194,105,2,2170,0,169,0
1195,105,4,5418,1,131,0
1196,105,4,5613,1,74,0
1197,105,4,5552,1,94,0
1198,105,4,5109,1,250,0
1199,106,4,5391,1,143,0
1200,106,0,99,0,108,1
1201,106,4,5248,1,149,0
1202,106,2,2303,0,290,0
1203,106,4,5307,1,139,0
1204,106,4,5641,1,65,0
1205,106,4,5202,1,182,0
1206,106,2,2340,0,320,0
1207,106,4,5386,1,119,0
1208,106,4,5506,1,97,0
1209,106,4,5554,1,94,0
1210,106,3,3466,0,214,0
1211,106,4,5386,1,121,0
1212,106,4,4753,1,265,0
1213,106,4,4923,1,245,0
1214,106,4,5509,1,133,0
1215,106,4,5369,1,149,0
1216,106,4,5244,1,165,0
1217,106,4,4981,1,206,0
1218,106,4,5607,1,80,0
1219,107,4,5494,1,109,0
1220,107,2,2502,0,494,0
1221,107,4,5519,1,100,0
1222,107,4,5218,1,272,0
1223,107,4,5395,1,125,0
1224,107,4,5495,1,108,0
1225,107,4,5622,1,79,0
1226,107,4,5137,1,176,0
1227,107,3,3321,0,326,0
1228,107,4,5519,1,88,0
1229,107,4,5093,1,186,0
1230,107,4,5423,1,123,0
1231,107,4,5216,1,207,0
1232,107,4,5230,1,155,0
1233,107,4,4512,1,352,0
1234,107,1,1182,0,153,0
1235,107,4,5317,1,125,0
1236,108,4,5284,1,137,0
1237,108,4,5371,1,120,0
1238,108,0,99,0,134,0
1239,108,1,1207,0,175,0
1240,108,1,1256,0,159,0
1241,108,4,5017,1,206,0
1242,108,4,5593,1,75,0
1243,108,1,1314,0,233,0
1244,108,4,5286,1,150,0
1245,108,4,5276,1,138,0
1246,108,4,5347,1,118,0
1247,108,4,5433,1,120,0
1248,108,1,1137,0,146,0
1249,108,0,99,0,298,0
1250,108,4,5682,1,56,0
1251,108,4,5304,1,157,0
1252,108,3,3272,0,179,0
1253,108,4,5598,1,72,0
1254,108,4,5345,1,119,0
1255,108,4,5083,1,180,0
1256,108,4,5535,1,87,0
1257,108,4,5286,1,158,0
1258,108,4,5449,1,105,0
1259,109,4,5299,1,126,0
1260,109,4,5293,1,153,0
1261,109,4,5567,1,86,0
1262,109,4,5519,1,86,0
1263,109,4,5052,1,203,0
1264,109,1,1299,0,207,0
1265,109,4,5191,1,150,0
1266,109,4,5693,1,56,0
1267,109,4,5424,1,120,0
1268,109,4,5447,1,105,0
1269,109,4,5450,1,101,0
1270,109,4,5595,1,76,0
1271,109,4,5536,1,90,0
1272,109,0,188,0,141,0
1273,109,4,5385,1,113,0
1274,109,4,5570,1,79,0
1275,109,4,5313,1,136,0
1276,109,4,5182,1,270,0
1277,109,2,2407,0,182,0
1278,109,4,5356,1,115,0
1279,109,4,5512,1,107,0
1280,109,4,5212,1,147,0
1281,109,4,5534,1,84,0
1282,109,4,5490,1,92,0
1283,109,4,5252,1,140,0
1284,110,4,5324,1,155,0
1285,110,2,2344,0,285,0
1286,110,4,5492,1,112,0
1287,110,4,5380,1,112,0
1288,110,4,5142,1,162,0
1289,110,4,5184,1,179,0
1290,110,4,5344,1,141,0
1291,110,3,3549,0,227,0
1292,110,4,5279,1,209,0
1293,110,3,3141,0,366,0
1294,110,4,5509,1,89,0
1295,110,4,5358,1,178,0
1296,110,4,5633,1,69,0
1297,110,4,5386,1,120,0
1298,110,4,5615,1,78,0
1299,110,4,5594,1,77,0
1300,110,0,99,0,108,1
1301,110,4,5568,1,87,0
1302,110,4,5561,1,78,0
1303,110,4,5623,1,73,0
1304,110,1,1274,0,155,0
1305,110,1,1320,0,187,0
1306,110,4,5391,1,110,0
1307,111,4,5427,1,117,0
1308,111,1,1292,0,147,0
1309,111,4,5436,1,101,0
1310,111,2,2332,0,221,0
1311,111,4,5453,1,141,0
1312,111,4,5079,1,170,0
1313,111,0,99,0,178,0
1314,111,4,5364,1,117,0
1315,111,4,5282,1,131,0
1316,111,4,5140,1,232,0
1317,111,3,3254,0,213,0
1318,111,4,5553,1,112,0
1319,111,4,5327,1,129,0
1320,111,4,5491,1,93,0
1321,111,4,5493,1,96,0
1322,111,2,2213,0,347,0
1323,111,4,5286,1,130,0
1324,111,1,1331,0,171,0
1325,111,0,99,0,170,0
1326,111,4,5472,1,101,0
1327,112,1,1348,0,434,0
1328,112,4,5386,1,111,0
1329,112,4,3734,1,521,0
1330,112,4,5185,1,160,0
1331,112,4,5282,1,132,0
1332,112,4,5016,1,222,0
1333,112,4,5256,1,136,0
1334,112,4,5614,1,73,0
1335,112,2,2222,0,192,0
1336,112,4,5199,1,252,0
1337,112,4,5130,1,164,0
1338,112,4,5218,1,143,0
1339,112,4,4755,1,236,0
1340,112,4,5244,1,144,0
1341,112,4,5257,1,147,0
1342,112,1,1307,0,251,0
1343,113,4,5524,1,87,0
1344,113,4,5655,1,64,0
1345,113,2,2380,0,374,0
1346,113,4,5517,1,123,0
1347,113,4,5209,1,161,0
1348,113,4,5668,1,56,0
1349,113,4,5495,1,98,0
1350,113,4,5316,1,130,0
1351,113,2,2274,0,512,0
1352,113,4,5638,1,67,0
1353,113,0,186,0,162,0
1354,113,4,5199,1,170,0
1355,113,4,5151,1,177,0
1356,113,4,5689,1,54,0
1357,113,4,5686,1,56,0
1358,113,4,4760,1,256,0
1359,113,4,5398,1,118,0
1360,113,3,3336,0,193,0
1361,113,4,5337,1,119,0
1362,113,4,5486,1,92,0
1363,113,4,5391,1,127,0
1364,113,4,5577,1,79,0
1365,114,4,4775,1,235,0
1366,114,4,5552,1,88,0
1367,114,4,5655,1,64,0
1368,114,4,5483,1,105,0
1369,114,4,5652,1,62,0
1370,114,4,5293,1,146,0
1371,114,4,5183,1,168,0
1372,114,4,5666,1,60,0
1373,114,4,5565,1,79,0
1374,114,4,5510,1,111,0
1375,114,4,5625,1,73,0
1376,114,4,5398,1,156,0
1377,114,4,5540,1,87,0
1378,114,1,1364,0,311,0
1379,114,4,5461,1,104,0
1380,114,4,5655,1,62,0
1381,114,4,5606,1,69,0
1382,114,4,5449,1,98,0
1383,114,4,5597,1,70,0
1384,114,4,5456,1,97,0
1385,114,4,5686,1,54,0
1386,114,4,5135,1,159,0
1387,114,4,5433,1,111,0
1388,114,4,5186,1,152,0
1389,114,4,5411,1,126,0
1390,114,4,5005,1,187,0
1391,114,4,5519,1,91,0
1392,115,4,5072,1,216,0
1393,115,4,5227,1,205,0
1394,115,4,5069,1,208,0
1395,115,3,2910,0,329,0
1396,115,0,99,0,153,0
1397,115,4,5508,1,89,0
1398,115,1,1343,0,180,0
1399,115,4,5204,1,185,0
1400,115,0,99,0,108,1
1401,115,4,5292,1,137,0
1402,115,1,1062,0,306,0
1403,115,4,5606,1,74,0
1404,115,4,5118,1,178,0
1405,115,4,5565,1,76,0
1406,115,4,5711,1,49,0
1407,115,3,3218,0,184,0
1408,115,4,5103,1,178,0
1409,115,4,5602,1,95,0
1410,115,4,5216,1,167,0
1411,115,3,3211,0,189,0
1412,115,4,5564,1,77,0
1413,116,4,5443,1,109,0
1414,116,4,5120,1,165,0
1415,116,4,5308,1,210,0
1416,116,4,5097,1,174,0
1417,116,4,4893,1,210,0
1418,116,0,99,0,141,0
1419,116,4,5440,1,112,0
1420,116,4,5640,1,70,0
1421,116,4,5347,1,131,0
1422,116,2,2411,0,186,0
1423,116,0,98,0,171,0
1424,116,4,5315,1,128,0
1425,116,4,5607,1,70,0
1426,116,4,5309,1,136,0
1427,116,4,5666,1,69,0
1428,116,4,5062,1,183,0
1429,116,4,5245,1,145,0
1430,116,1,1091,0,346,0
1431,116,4,4987,1,219,0
1432,116,1,1235,0,181,0
1433,116,4,5622,1,66,0
1434,117,4,5255,1,160,0
1435,117,4,5614,1,67,0
1436,117,0,99,0,146,0
1437,117,4,5455,1,139,0
1438,117,2,2255,0,214,0
1439,117,4,5674,1,57,0
1440,117,3,3511,0,199,0
1441,117,4,4114,1,391,0
1442,117,4,5230,1,160,0
1443,117,4,5456,1,102,0
1444,117,4,5484,1,94,0
1445,117,4,5546,1,116,0
1446,117,1,1144,0,184,0
1447,117,4,5460,1,114,0
1448,117,4,5134,1,196,0
1449,117,4,4719,1,264,0
1450,117,4,5393,1,116,0
1451,117,4,4989,1,214,0
1452,117,1,1256,0,219,0
1453,118,4,5046,1,227,0
1454,118,4,5244,1,151,0
1455,118,4,5231,1,151,0
1456,118,4,5460,1,97,0
1457,118,0,98,0,146,0
1458,118,4,5608,1,76,0
1459,118,4,5378,1,115,0
1460,118,4,5568,1,92,0
1461,118,4,5609,1,69,0
1462,118,4,5565,1,107,0
1463,118,4,5563,1,81,0
1464,118,4,5170,1,246,0
1465,118,4,5382,1,120,0
1466,118,4,5541,1,84,0
1467,118,4,5600,1,74,0
1468,118,4,5168,1,154,0
1469,118,4,5325,1,132,0
1470,118,4,5489,1,90,0
1471,118,0,97,0,152,0
1472,118,4,5139,1,174,0
1473,118,2,2372,0,155,0
1474,118,4,5552,1,95,0
1475,118,4,5506,1,104,0
1476,118,4,5285,1,163,0
1477,118,4,5591,1,74,0
1478,118,1,1219,0,241,0
1479,119,1,1173,0,197,0
1480,119,4,5281,1,149,0
1481,119,4,5457,1,104,0
1482,119,4,5303,1,128,0
1483,119,4,5494,1,98,0
1484,119,4,5432,1,120,0
1485,119,4,5520,1,90,0
1486,119,4,4895,1,224,0
1487,119,4,5470,1,101,0
1488,119,4,5663,1,61,0
1489,119,4,4641,1,263,0
1490,119,2,2415,0,429,0
1491,119,1,1350,0,202,0
1492,119,4,5215,1,174,0
1493,119,4,5175,1,151,0
1494,119,4,5310,1,180,0
1495,119,0,99,0,159,0
1496,119,3,3519,0,304,0
1497,119,4,5563,1,95,0
1498,120,4,5525,1,108,0
1499,120,4,5186,1,160,0
1500,120,0,99,0,108,1
1501,120,4,5488,1,117,0
1502,120,4,5556,1,98,0
1503,120,4,4995,1,226,0
1504,120,4,5296,1,132,0
1505,120,4,5621,1,72,0
1506,120,4,5195,1,166,0
1507,120,0,99,0,144,0
1508,120,1,1255,0,161,0
1509,120,3,3368,0,218,0
1510,120,4,5553,1,86,0
1511,120,4,5606,1,70,0
1512,120,0,99,0,191,0
1513,120,4,5520,1,93,0
1514,120,4,5363,1,117,0
1515,120,4,5630,1,67,0
1516,120,4,5415,1,106,0
1517,120,4,5519,1,86,0
1518,120,4,5157,1,168,0
1519,120,4,5391,1,113,0
1520,120,4,5418,1,115,0
1521,120,4,5356,1,203,0
1522,120,4,5601,1,89,0
1523,120,4,5643,1,68,0
1524,121,3,3443,0,156,0
1525,121,4,5451,1,152,0
1526,121,4,5393,1,129,0
1527,121,4,5477,1,97,0
1528,121,4,5445,1,127,0
1529,121,4,5510,1,112,0
1530,121,4,5656,1,61,0
1531,121,4,5666,1,62,0
1532,121,4,5590,1,74,0
1533,121,1,1230,0,176,0
1534,121,4,5642,1,68,0
1535,121,4,5421,1,107,0
1536,121,4,4919,1,203,0
1537,121,2,2505,0,159,0
1538,121,3,3439,0,275,0
1539,121,4,5004,1,208,0
1540,121,4,5557,1,79,0
1541,121,4,5407,1,130,0
1542,121,4,5591,1,84,0
1543,121,2,2343,0,187,0
1544,121,4,5183,1,154,0
1545,121,4,5066,1,252,0
1546,121,4,5227,1,154,0
1547,122,4,5468,1,99,0
1548,122,4,5665,1,62,0
1549,122,4,5596,1,73,0
1550,122,0,198,0,145,0
1551,122,4,5261,1,140,0
1552,122,4,5176,1,197,0
1553,122,3,3435,0,316,0
1554,122,4,5478,1,93,0
1555,122,0,181,0,200,0
1556,122,4,5426,1,146,0
1557,122,4,5313,1,172,0
1558,122,4,5086,1,174,0
1559,122,4,5381,1,112,0
1560,122,4,5257,1,138,0
1561,122,4,5004,1,184,0
1562,122,4,5221,1,150,0
1563,122,4,5103,1,187,0
1564,122,4,5660,1,61,0
1565,122,4,5499,1,98,0
1566,122,2,2270,0,214,0
1567,122,4,5615,1,77,0
1568,122,4,5684,1,56,0
1569,122,4,5493,1,91,0
1570,123,4,5219,1,145,0
1571,123,4,4947,1,244,0
1572,123,3,3214,0,201,0
1573,123,4,4914,1,228,0
1574,123,4,5128,1,174,0
1575,123,1,1312,0,241,0
1576,123,4,5216,1,180,0
1577,123,4,5189,1,204,0
1578,123,4,5754,1,66,0
1579,123,4,5461,1,110,0
1580,123,4,4794,1,370,0
1581,123,4,5205,1,165,0
1582,123,4,5421,1,161,0
1583,123,4,5571,1,77,0
1584,123,4,5118,1,161,0
1585,123,4,5207,1,156,0
1586,123,4,5468,1,106,0
1587,123,4,4355,1,349,0
1588,124,4,5607,1,94,0
1589,124,4,5438,1,115,0
1590,124,4,5331,1,120,0
1591,124,4,5585,1,81,0
1592,124,4,5210,1,162,0
1593,124,4,5409,1,134,0
1594,124,4,4736,1,247,0
1595,124,4,4850,1,233,0
1596,124,4,5121,1,165,0
1597,124,4,5283,1,145,0
1598,124,3,3315,0,208,0
1599,124,4,3965,1,422,0
1600,124,0,99,0,108,1
1601,124,4,4414,1,495,0
1602,124,4,4901,1,207,0
1603,124,4,4981,1,234,0
1604,125,4,5319,1,126,0
1605,125,4,5318,1,178,0
1606,125,4,5600,1,70,0
1607,125,2,2430,0,151,0
1608,125,4,5349,1,138,0
1609,125,4,5491,1,91,0
1610,125,2,2447,0,153,0
1611,125,4,5443,1,98,0
1612,125,4,5007,1,186,0
1613,125,4,5421,1,147,0
1614,125,4,5585,1,75,0
1615,125,4,4152,1,409,0
1616,125,4,4961,1,196,0
1617,125,4,3747,1,482,0
1618,125,4,5366,1,131,0
1619,125,4,5108,1,169,0
1620,125,4,5572,1,77,0
1621,125,1,1248,0,221,0
1622,126,4,3996,1,419,0
1623,126,4,4448,1,319,0
1624,126,4,5389,1,174,0
1625,126,4,5342,1,162,0
1626,126,4,5371,1,127,0
1627,126,4,5629,1,67,0
1628,126,4,5626,1,67,0
1629,126,4,5630,1,86,0
1630,126,1,1144,0,215,0
1631,126,4,5129,1,161,0
1632,126,4,4944,1,216,0
1633,126,4,5234,1,139,0
1634,126,4,5282,1,145,0
1635,126,4,5137,1,157,0
1636,126,4,5443,1,120,0
1637,126,0,99,0,324,0
1638,126,4,5385,1,113,0
1639,126,4,5311,1,123,0
1640,126,4,5562,1,84,0
1641,126,4,5201,1,157,0
1642,126,4,5541,1,84,0
1643,127,4,4989,1,209,0
1644,127,4,5603,1,76,0
1645,127,4,5411,1,109,0
1646,127,4,4429,1,317,0
1647,127,4,5445,1,97,0
1648,127,4,5137,1,182,0
1649,127,4,5062,1,186,0
1650,127,4,5198,1,148,0
1651,127,2,2062,0,341,0
1652,127,4,5120,1,161,0
1653,127,3,3055,0,215,0
1654,127,4,4924,1,234,0
1655,127,4,5294,1,154,0
1656,127,4,5363,1,121,0
1657,127,4,5602,1,75,0
1658,127,4,5394,1,110,0
1659,127,0,99,0,408,0
1660,128,4,5254,1,136,0
1661,128,4,4638,1,274,0
1662,128,4,5404,1,110,0
1663,128,4,5073,1,171,0
1664,128,4,5504,1,94,0
1665,128,2,1945,0,278,0
1666,128,4,5634,1,85,0
1667,128,1,1077,0,146,0
1668,128,4,5310,1,149,0
1669,128,4,5102,1,202,0
1670,128,4,5666,1,66,0
1671,128,4,4142,1,378,0
1672,128,1,1239,0,256,0
1673,128,4,5366,1,115,0
1674,128,4,5618,1,72,0
1675,128,4,4950,1,205,0
1676,128,1,1169,0,279,0
1677,128,4,5256,1,134,0
1678,129,4,4620,1,268,0
1679,129,4,5697,1,54,0
1680,129,4,5646,1,66,0
1681,129,4,5121,1,210,0
1682,129,1,1315,0,208,0
1683,129,4,4817,1,233,0
1684,129,4,4408,1,316,0
1685,129,3,3377,0,260,0
1686,129,4,5216,1,158,0
1687,129,4,5121,1,179,0
1688,129,4,4712,1,251,0
1689,129,1,1368,0,168,0
1690,129,4,5462,1,94,0
1691,129,4,5034,1,197,0
1692,129,4,5221,1,150,0
1693,129,4,4919,1,226,0
1694,129,4,5243,1,167,0
1695,130,4,5667,1,58,0
1696,130,4,4955,1,198,0
1697,130,4,4401,1,348,0
1698,130,4,5440,1,112,0
1699,130,4,5437,1,102,0
1700,130,0,99,0,108,1
1701,130,2,2476,0,274,0
1702,130,4,4889,1,235,0
1703,130,4,5381,1,111,0
1704,130,1,1324,0,198,0
1705,130,4,4473,1,300,0
1706,130,4,5586,1,98,0
1707,130,4,4261,1,366,0
1708,130,4,5102,1,225,0
1709,130,4,5308,1,129,0
1710,130,4,5328,1,149,0
1711,131,4,4715,1,247,0
1712,131,2,2445,0,198,0
1713,131,4,5067,1,228,0
1714,131,4,5514,1,110,0
1715,131,4,3780,1,472,0
1716,131,4,4885,1,221,0
1717,131,4,5623,1,71,0
1718,131,4,5422,1,113,0
1719,131,3,2853,0,514,0
1720,131,4,5279,1,129,0
1721,131,4,5397,1,137,0
1722,131,1,1158,0,271,0
1723,131,4,4119,1,404,0
1724,131,4,4877,1,232,0
1725,132,2,2366,0,308,0
1726,132,4,4991,1,194,0
1727,132,3,3379,0,343,0
1728,132,4,5685,1,57,0
1729,132,2,2540,0,286,0
1730,132,4,4868,1,285,0
1731,132,4,5314,1,151,0
1732,132,4,4393,1,338,0
1733,132,4,5021,1,279,0
1734,132,4,5492,1,124,0
1735,132,4,5529,1,86,0
1736,132,4,5266,1,136,0
1737,132,4,5169,1,154,0
1738,132,4,5477,1,99,0
1739,132,4,5650,1,61,0
1740,133,4,4582,1,275,0
1741,133,4,5711,1,50,0
1742,133,2,1951,0,400,0
1743,133,4,5280,1,133,0
1744,133,1,1126,0,185,0
1745,133,4,5597,1,94,0
1746,133,4,4973,1,196,0
1747,133,4,5403,1,132,0
1748,133,4,4041,1,411,0
1749,133,4,5146,1,168,0
1750,133,4,4689,1,270,0
1751,133,4,5611,1,71,0
1752,133,4,5629,1,71,0
1753,133,4,5256,1,160,0
1754,133,4,5105,1,196,0
1755,133,1,1246,0,232,0
1756,133,2,2232,0,306,0
1757,134,4,4149,1,394,0
1758,134,4,5555,1,88,0
1759,134,1,1009,0,379,0
1760,134,4,5153,1,156,0
1761,134,4,5276,1,130,0
1762,134,4,4827,1,302,0
1763,134,4,5516,1,97,0
1764,134,4,5171,1,187,0
1765,134,4,5134,1,207,0
1766,134,4,5306,1,132,0
1767,134,4,4808,1,251,0
1768,134,4,5127,1,182,0
1769,134,4,5019,1,292,0
1770,134,2,2329,0,250,0
1771,134,4,5536,1,86,0
1772,135,4,4410,1,319,0
1773,135,4,5017,1,185,0
1774,135,4,5494,1,94,0
1775,135,4,5012,1,183,0
1776,135,2,2528,0,331,0
1777,135,4,3963,1,481,0
1778,135,4,5245,1,148,0
1779,135,4,4955,1,203,0
1780,135,4,4806,1,225,0
1781,135,4,5615,1,69,0
1782,135,4,4623,1,263,0
1783,135,4,4907,1,209,0
1784,135,1,1207,0,241,0
1785,135,4,5116,1,168,0
1786,136,4,5207,1,169,0
1787,136,2,2073,0,497,0
1788,136,4,5262,1,140,0
1789,136,4,5329,1,176,0
1790,136,4,5164,1,230,0
1791,136,4,4554,1,290,0
1792,136,4,5595,1,72,0
1793,136,4,5492,1,89,0
1794,136,4,4875,1,213,0
1795,136,4,5069,1,179,0
1796,136,4,4640,1,264,0
1797,136,4,4199,1,366,0
1798,136,0,190,0,184,0
1799,136,4,5202,1,159,0
1800,136,0,99,0,108,1
1801,136,4,5062,1,183,0
1802,137,4,5048,1,187,0
1803,137,4,4756,1,236,0
1804,137,4,5576,1,73,0
1805,137,4,4899,1,209,0
1806,137,4,4763,1,375,0
1807,137,4,5584,1,85,0
1808,137,4,5198,1,170,0
1809,137,4,5513,1,97,0
1810,137,4,5196,1,176,0
1811,137,4,4754,1,273,0
1812,137,4,3544,1,542,0
1813,137,4,5517,1,87,0
1814,137,4,5656,1,65,0
1815,137,3,3416,0,229,0
1816,137,4,5343,1,185,0
1817,137,4,5239,1,164,0
1818,138,4,5390,1,112,0
1819,138,3,3233,0,322,0
1820,138,4,5651,1,64,0
1821,138,4,5258,1,134,0
1822,138,4,5607,1,68,0
1823,138,4,5626,1,79,0
1824,138,2,2409,0,155,0
1825,138,2,2295,0,243,0
1826,138,4,5338,1,123,0
1827,138,4,5136,1,179,0
1828,138,4,5157,1,155,0
1829,138,4,5515,1,93,0
1830,138,4,5620,1,70,0
1831,138,4,5129,1,165,0
1832,138,2,2463,0,258,0
1833,138,2,2181,0,475,0
1834,138,4,4636,1,273,0
1835,138,4,4696,1,249,0
1836,139,4,5225,1,185,0
1837,139,4,4554,1,301,0
1838,139,4,5313,1,127,0
1839,139,4,4684,1,253,0
1840,139,4,4958,1,278,0
1841,139,1,1197,0,254,0
1842,139,4,5625,1,66,0
1843,139,4,5327,1,237,0
1844,139,4,5275,1,138,0
1845,139,4,5450,1,111,0
1846,139,0,99,0,197,0
1847,139,4,4972,1,209,0
1848,139,4,4618,1,312,0
1849,139,4,5613,1,69,0
1850,139,4,5052,1,204,0
1851,139,3,3571,0,252,0
1852,140,4,4590,1,284,0
1853,140,4,5569,1,82,0
1854,140,4,5624,1,84,0
1855,140,4,4959,1,200,0
1856,140,4,5525,1,95,0
1857,140,4,5648,1,62,0
1858,140,2,2226,0,221,0
1859,140,2,2160,0,311,0
1860,140,2,1954,0,306,0
1861,140,4,5491,1,96,0
1862,140,4,5279,1,189,0
1863,140,4,5432,1,110,0
1864,140,4,5569,1,79,0
1865,140,4,5120,1,163,0
1866,140,4,4910,1,220,0
1867,140,1,1461,0,226,0
1868,140,4,4655,1,271,0
1869,140,4,5270,1,139,0
1870,141,1,1292,0,262,0
1871,141,4,5249,1,140,0
1872,141,4,5410,1,138,0
1873,141,4,4245,1,385,0
1874,141,3,3553,0,193,0
1875,141,3,3566,0,240,0
1876,141,4,4843,1,228,0
1877,141,4,4853,1,219,0
1878,141,4,4835,1,239,0
1879,141,4,4782,1,257,0
1880,141,4,5100,1,221,0
1881,141,4,5518,1,91,0
1882,141,4,5338,1,122,0
1883,141,4,5448,1,119,0
1884,141,4,4746,1,253,0
1885,141,4,5674,1,59,0
1886,142,4,4459,1,327,0
1887,142,3,2844,0,323,0
1888,142,4,5449,1,98,0
1889,142,4,5608,1,69,0
1890,142,4,5233,1,145,0
1891,142,4,4599,1,306,0
1892,142,2,2340,0,219,0
1893,142,4,4798,1,258,0
1894,142,4,5093,1,167,0
1895,142,4,4635,1,264,0
1896,142,4,5466,1,118,0
1897,142,4,5692,1,55,0
1898,142,4,5016,1,201,0
1899,142,4,5396,1,117,0
1900,142,0,99,0,108,1
1901,142,4,5521,1,100,0
1902,142,4,5392,1,117,0
1903,143,1,1128,0,160,0
1904,143,4,5524,1,97,0
1905,143,4,5316,1,127,0
1906,143,4,5504,1,94,0
1907,143,4,4203,1,368,0
1908,143,4,5497,1,88,0
1909,143,4,4727,1,266,0
1910,143,4,4951,1,209,0
1911,143,4,5409,1,152,0
1912,143,4,4983,1,221,0
1913,143,4,4873,1,223,0
1914,143,1,1216,0,235,0
1915,143,4,5326,1,136,0
1916,143,1,1308,0,197,0
1917,143,4,5424,1,144,0
1918,143,3,3084,0,231,0
1919,143,1,1213,0,200,0
1920,144,3,3195,0,381,0
1921,144,4,5312,1,141,0
1922,144,1,1254,0,137,0
1923,144,4,5623,1,65,0
1924,144,4,5133,1,185,0
1925,144,4,5681,1,58,0
1926,144,1,1296,0,203,0
1927,144,3,3385,0,252,0
1928,144,4,4649,1,267,0
1929,144,4,5613,1,82,0
1930,144,4,5233,1,154,0
1931,144,1,1376,0,177,0
1932,144,3,2012,0,693,0
1933,144,4,5670,1,64,0
1934,144,4,5412,1,113,0
1935,144,4,5598,1,83,0
1936,144,4,5471,1,104,0
1937,144,4,5524,1,91,0
1938,145,1,1124,0,233,0
1939,145,4,5209,1,146,0
1940,145,4,4904,1,237,0
1941,145,4,4438,1,312,0
1942,145,3,3405,0,430,0
1943,145,3,3363,0,175,0
1944,145,4,5529,1,87,0
1945,145,4,5289,1,148,0
1946,145,4,5619,1,69,0
1947,145,4,4720,1,246,0
1948,145,4,5677,1,56,0
1949,145,4,5296,1,128,0
1950,145,4,4844,1,236,0
1951,145,3,3641,0,193,0
1952,145,4,5577,1,83,0
1953,145,4,5447,1,100,0
1954,145,4,5217,1,171,0
1955,145,4,5275,1,194,0
1956,146,4,4225,1,367,0
1957,146,4,5142,1,158,0
1958,146,4,5522,1,119,0
1959,146,4,5219,1,153,0
1960,146,4,4895,1,409,0
1961,146,4,5510,1,106,0
1962,146,4,5033,1,254,0
1963,146,4,4961,1,207,0
1964,146,4,5463,1,96,0
1965,146,4,5611,1,80,0
1966,146,4,5681,1,58,0
1967,146,4,5401,1,136,0
1968,146,4,5276,1,176,0
1969,146,4,5229,1,155,0
1970,146,4,5252,1,150,0
1971,146,4,5483,1,107,0
1972,146,4,4897,1,244,0
1973,147,2,2101,0,303,0
1974,147,4,5617,1,70,0
1975,147,4,5200,1,148,0
1976,147,4,5411,1,121,0
1977,147,4,4935,1,199,0
1978,147,2,1876,0,401,0
1979,147,4,5643,1,66,0
1980,147,4,4019,1,408,0
1981,147,4,5529,1,84,0
1982,147,4,5228,1,172,0
1983,147,4,5362,1,129,0
1984,147,4,4809,1,242,0
1985,147,4,4852,1,233,0
1986,147,4,5035,1,181,0
1987,147,4,5440,1,111,0
1988,147,4,5147,1,156,0
1989,147,4,4901,1,209,0
1990,147,4,5580,1,86,0
1991,148,4,5278,1,139,0
1992,148,4,4932,1,248,0
1993,148,4,5345,1,125,0
1994,148,4,5666,1,67,0
1995,148,4,4555,1,303,0
1996,148,4,5470,1,118,0
1997,148,4,5572,1,103,0
1998,148,4,5094,1,175,0
1999,148,4,5267,1,186,0
2000,148,0,99,0,108,1
2001,148,4,4786,1,237,0
2002,148,4,5233,1,139,0
2003,148,4,5228,1,199,0
2004,148,4,4601,1,289,0
2005,148,4,5379,1,115,0
2006,148,4,5646,1,64,0
2007,148,3,3388,0,245,0
2008,148,4,4557,1,285,0
2009,148,4,5551,1,90,0
2010,149,4,4708,1,262,0
2011,149,4,4756,1,279,0
2012,149,4,5187,1,153,0
2013,149,4,5207,1,166,0
2014,149,4,4288,1,346,0
2015,149,4,5112,1,165,0
2016,149,4,5644,1,65,0
2017,149,4,5027,1,180,0
2018,149,4,5068,1,246,0
2019,149,4,5559,1,80,0
2020,149,4,5259,1,139,0
2021,149,4,4893,1,217,0
2022,149,4,4733,1,250,0
2023,149,4,5538,1,94,0
2024,149,4,4504,1,292,0
2025,149,4,5347,1,157,0
2026,150,1,1250,0,259,0
2027,150,4,5366,1,131,0
2028,150,1,1273,0,203,0
2029,150,4,5634,1,71,0
2030,150,1,832,0,504,0
2031,150,4,5246,1,153,0
2032,150,4,5292,1,149,0
2033,150,0,99,0,197,0
2034,150,4,5076,1,169,0
2035,150,4,5349,1,128,0
2036,150,4,5017,1,208,0
2037,150,4,5350,1,119,0
2038,150,4,5030,1,206,0
2039,150,4,5283,1,133,0
2040,150,4,5514,1,92,0
2041,150,2,2511,0,260,0
2042,150,4,5265,1,141,0
2043,150,4,5630,1,68,0
2044,150,4,5534,1,94,0
2045,151,4,5516,1,90,0
2046,151,4,5545,1,82,0
2047,151,4,4950,1,238,0
2048,151,4,5573,1,76,0
2049,151,4,5392,1,119,0
2050,151,4,5266,1,137,0
2051,151,4,5550,1,83,0
2052,151,4,5138,1,159,0
2053,151,3,3482,0,157,0
2054,151,0,99,0,369,0
2055,151,3,3615,0,218,0
2056,151,2,2326,0,144,0
2057,151,4,5414,1,120,0
2058,151,4,5121,1,169,0
2059,151,4,5506,1,99,0
2060,151,4,5571,1,103,0
2061,151,4,5661,1,75,0
2062,151,4,5617,1,76,0
2063,151,2,2530,0,211,0
2064,151,4,4370,1,364,0
2065,152,4,4859,1,230,0
2066,152,3,3264,0,228,0
2067,152,4,4668,1,282,0
2068,152,4,5012,1,197,0
2069,152,4,5342,1,149,0
2070,152,4,5391,1,162,0
2071,152,4,4706,1,257,0
2072,152,3,2937,0,335,0
2073,152,4,5470,1,119,0
2074,152,3,3014,0,254,0
2075,152,4,5019,1,224,0
2076,152,4,5319,1,128,0
2077,152,3,3599,0,233,0
2078,152,4,4751,1,246,0
2079,152,4,5647,1,63,0
2080,153,4,5206,1,155,0
2081,153,4,5515,1,88,0
2082,153,4,5459,1,113,0
2083,153,4,5431,1,114,0
2084,153,4,5625,1,72,0
2085,153,4,5448,1,100,0
2086,153,4,5047,1,176,0
2087,153,4,5492,1,94,0
2088,153,4,5335,1,122,0
2089,153,1,1325,0,154,0
2090,153,4,5327,1,121,0
2091,153,4,5126,1,195,0
2092,153,4,5161,1,155,0
2093,153,4,5650,1,60,0
2094,153,4,5502,1,114,0
2095,153,4,5148,1,212,0
2096,153,4,5404,1,118,0
2097,153,4,4852,1,248,0
2098,153,4,5021,1,192,0
2099,153,1,1179,0,209,0
2100,153,0,99,0,108,1
2101,153,4,5294,1,130,0
2102,153,4,5440,1,151,0
2103,154,4,5127,1,160,0
2104,154,4,5268,1,195,0
2105,154,4,5648,1,65,0
2106,154,4,5503,1,96,0
2107,154,4,5669,1,61,0
2108,154,4,5346,1,119,0
2109,154,4,5327,1,120,0
2110,154,1,1196,0,264,0
2111,154,3,3350,0,440,0
2112,154,4,5282,1,134,0
2113,154,4,5133,1,162,0
2114,154,4,5455,1,109,0
2115,154,4,5229,1,168,0
2116,154,4,5520,1,109,0
2117,154,4,5573,1,83,0
2118,154,4,5341,1,125,0
2119,154,4,5549,1,97,0
2120,154,2,2410,0,313,0
2121,154,4,5597,1,72,0
2122,154,4,5570,1,75,0
2123,154,4,5242,1,139,0
2124,155,0,77,0,499,0
2125,155,4,4615,1,279,0
2126,155,4,5661,1,61,0
2127,155,4,5054,1,179,0
2128,155,4,5071,1,204,0
2129,155,4,4700,1,253,0
2130,155,1,1472,0,177,0
2131,155,4,5605,1,79,0
2132,155,4,5040,1,186,0
2133,155,4,5418,1,112,0
2134,155,4,5476,1,127,0
2135,155,4,4958,1,242,0
2136,155,4,4526,1,290,0
2137,155,4,5488,1,106,0
2138,155,4,5227,1,166,0
2139,155,4,5615,1,71,0
2140,155,4,5666,1,59,0
2141,156,4,5239,1,188,0
2142,156,4,5580,1,86,0
2143,156,1,1251,0,175,0
2144,156,4,5481,1,99,0
2145,156,4,4590,1,277,0
2146,156,4,5703,1,52,0
2147,156,4,5103,1,210,0
2148,156,4,5529,1,107,0
2149,156,1,1166,0,280,0
2150,156,4,5514,1,87,0
2151,156,4,5295,1,128,0
2152,156,4,4713,1,268,0
2153,156,4,5093,1,236,0
2154,156,4,5698,1,55,0
2155,156,1,1213,0,237,0
2156,156,4,5074,1,171,0
2157,156,4,5016,1,192,0
2158,156,4,5462,1,109,0
2159,156,4,5189,1,161,0
2160,157,4,4886,1,213,0
2161,157,4,5311,1,125,0
2162,157,1,1256,0,196,0
2163,157,4,5017,1,201,0
2164,157,3,3163,0,244,0
2165,157,4,5622,1,66,0
2166,157,4,4853,1,220,0
2167,157,4,4510,1,296,0
2168,157,4,4676,1,323,0
2169,157,4,4930,1,203,0
2170,157,4,5483,1,112,0
2171,157,3,3318,0,244,0
2172,157,4,5676,1,61,0
2173,157,4,5517,1,92,0
2174,157,4,5352,1,198,0
2175,157,4,5059,1,223,0
2176,158,3,3040,0,354,0
2177,158,4,5656,1,62,0
2178,158,4,5577,1,74,0
2179,158,4,5686,1,54,0
2180,158,1,1221,0,139,0
2181,158,3,3186,0,214,0
2182,158,1,1300,0,239,0
2183,158,4,5572,1,98,0
2184,158,3,3562,0,200,0
2185,158,4,5261,1,143,0
2186,158,4,4883,1,250,0
2187,158,4,5419,1,103,0
2188,158,4,5426,1,134,0
2189,158,4,4520,1,324,0
2190,158,4,5304,1,158,0
2191,158,4,5676,1,59,0
2192,158,4,5316,1,145,0
2193,158,4,5223,1,159,0
2194,158,4,5165,1,159,0
2195,158,4,5419,1,132,0
2196,158,4,5367,1,161,0
2197,159,4,5034,1,183,0
2198,159,4,5055,1,278,0
2199,159,4,4992,1,192,0
2200,159,0,99,0,108,1
2201,159,4,4665,1,256,0
2202,159,4,5313,1,203,0
2203,159,4,5101,1,167,0
2204,159,4,5079,1,173,0
2205,159,4,5625,1,69,0
2206,159,4,5232,1,191,0
2207,159,4,5666,1,60,0
2208,159,4,5684,1,57,0
2209,159,4,5499,1,89,0
2210,159,4,4683,1,250,0
2211,159,4,5349,1,201,0
2212,159,4,4280,1,348,0
2213,159,4,5458,1,100,0
2214,159,4,5636,1,65,0
2215,159,4,5005,1,238,0
2216,160,4,4718,1,251,0
2217,160,4,5437,1,103,0
2218,160,4,4948,1,252,0
2219,160,0,99,0,259,0
2220,160,4,4894,1,278,0
2221,160,4,5090,1,190,0
2222,160,4,5465,1,100,0
2223,160,4,5568,1,77,0
2224,160,3,3177,0,283,0
2225,160,1,1372,0,136,0
2226,160,4,4916,1,202,0
2227,160,4,5447,1,106,0
2228,160,4,4904,1,227,0
2229,160,4,5623,1,68,0
2230,160,3,3067,0,306,0
2231,160,4,5638,1,64,0
2232,160,4,5217,1,155,0
2233,160,4,5501,1,87,0
2234,161,4,5010,1,206,0
2235,161,1,1320,0,153,0
2236,161,4,5288,1,133,0
2237,161,4,5094,1,200,0
2238,161,4,5035,1,206,0
2239,161,4,5438,1,100,0
2240,161,4,5239,1,163,0
2241,161,4,5101,1,194,0
2242,161,4,5344,1,153,0
2243,161,4,5553,1,85,0
2244,161,4,5285,1,140,0
2245,161,4,5602,1,85,0
2246,161,2,2454,0,215,0
2247,161,1,1245,0,297,0
2248,161,4,5611,1,72,0
2249,161,4,4484,1,300,0
2250,161,4,5384,1,143,0
2251,161,4,5183,1,161,0
2252,161,4,5330,1,124,0
2253,162,1,1009,0,372,0
2254,162,4,5309,1,150,0
2255,162,4,5093,1,170,0
2256,162,3,3527,0,170,0
2257,162,4,4963,1,217,0
2258,162,4,5276,1,237,0
2259,162,4,4575,1,278,0
2260,162,4,5380,1,117,0
2261,162,4,5553,1,87,0
2262,162,4,5626,1,75,0
2263,162,4,5661,1,67,0
2264,162,4,5564,1,94,0
2265,162,4,5179,1,166,0
2266,162,4,5635,1,74,0
2267,162,4,5153,1,155,0
2268,162,4,5340,1,124,0
2269,162,4,5564,1,85,0
2270,162,4,5078,1,216,0
2271,162,4,5334,1,118,0
2272,162,4,5516,1,102,0
2273,162,4,5450,1,99,0
2274,162,4,5104,1,173,0
2275,162,4,5398,1,113,0
2276,163,4,5375,1,139,0
2277,163,4,5513,1,127,0
2278,163,4,5479,1,111,0
2279,163,4,5657,1,68,0
2280,163,1,1262,0,199,0
2281,163,4,5359,1,193,0
2282,163,4,5119,1,164,0
2283,163,4,5043,1,204,0
2284,163,2,2447,0,237,0
2285,163,4,5368,1,154,0
2286,163,0,99,0,139,0
2287,163,4,5695,1,56,0
2288,163,4,4634,1,264,0
2289,163,4,4912,1,241,0
2290,163,3,3536,0,170,0
2291,163,4,5172,1,186,0
2292,163,3,3423,0,343,0
2293,164,4,4511,1,329,0
2294,164,4,5599,1,71,0
2295,164,4,5053,1,280,0
2296,164,4,5277,1,159,0
2297,164,4,5284,1,156,0
2298,164,4,5527,1,90,0
2299,164,4,4779,1,234,0
2300,164,0,99,0,108,1
2301,164,4,5211,1,149,0
2302,164,4,5074,1,183,0
2303,164,4,5332,1,128,0
2304,164,4,4738,1,244,0
2305,164,0,198,0,140,0
2306,164,4,5467,1,118,0
2307,164,4,5196,1,160,0
2308,164,4,5629,1,66,0
2309,164,4,5511,1,91,0
2310,164,3,3534,0,202,0
2311,164,4,5434,1,173,0
2312,164,4,5423,1,142,0
2313,164,4,5656,1,59,0
2314,164,4,5668,1,61,0
2315,165,4,5458,1,106,0
2316,165,4,5049,1,193,0
2317,165,4,5219,1,156,0
2318,165,4,5637,1,64,0
2319,165,4,5078,1,173,0
2320,165,4,5259,1,140,0
2321,165,4,5076,1,182,0
2322,165,4,5695,1,54,0
2323,165,4,5521,1,89,0
2324,165,2,2260,0,261,0
2325,165,4,4944,1,215,0
2326,165,0,98,0,289,0
2327,165,4,5339,1,126,0
2328,165,3,3565,0,186,0
2329,165,4,4955,1,233,0
2330,165,4,5585,1,76,0
2331,165,4,5515,1,93,0
2332,165,4,5235,1,141,0
2333,165,4,5006,1,189,0
2334,165,4,5234,1,177,0
2335,166,4,4517,1,289,0
2336,166,4,5388,1,126,0
2337,166,3,3238,0,298,0
2338,166,4,5250,1,144,0
2339,166,4,5018,1,193,0
2340,166,4,4914,1,220,0
2341,166,4,5263,1,151,0
2342,166,4,4778,1,236,0
2343,166,4,5386,1,173,0
2344,166,4,5409,1,106,0
2345,166,4,5634,1,67,0
2346,166,4,5663,1,60,0
2347,166,4,5564,1,79,0
2348,166,4,5260,1,153,0
2349,166,0,197,0,165,0
2350,166,4,5480,1,98,0
2351,166,2,2168,0,255,0
2352,166,4,5282,1,131,0
2353,166,1,895,0,329,0
2354,167,2,2418,0,253,0
2355,167,4,4979,1,193,0
2356,167,4,5232,1,166,0
2357,167,4,5192,1,150,0
2358,167,4,5412,1,121,0
2359,167,4,5333,1,122,0
2360,167,4,4875,1,217,0
2361,167,4,5654,1,61,0
2362,167,4,4952,1,200,0
2363,167,3,3365,0,321,0
2364,167,4,5001,1,186,0
2365,167,4,5573,1,90,0
2366,167,4,5531,1,95,0
2367,167,4,5389,1,136,0
2368,167,3,3217,0,233,0
2369,167,4,4258,1,355,0
2370,167,4,5603,1,74,0
2371,167,4,5601,1,83,0
2372,167,4,5523,1,83,0
2373,168,4,4821,1,279,0
2374,168,4,5019,1,287,0
2375,168,4,5363,1,147,0
2376,168,1,1248,0,179,0
2377,168,4,5526,1,125,0
2378,168,4,5350,1,118,0
2379,168,4,5485,1,100,0
2380,168,4,4817,1,233,0
2381,168,4,5472,1,147,0
2382,168,4,5474,1,121,0
2383,168,4,5044,1,181,0
2384,168,3,3323,0,215,0
2385,168,3,3361,0,201,0
2386,168,2,1679,0,479,0
2387,168,4,5270,1,134,0
2388,168,4,5494,1,93,0
2389,168,4,5176,1,152,0
2390,168,4,5139,1,160,0
2391,168,4,5610,1,71,0
2392,169,4,5665,1,63,0
2393,169,1,1158,0,210,0
2394,169,4,4910,1,287,0
2395,169,4,5344,1,217,0
2396,169,4,5548,1,94,0
2397,169,4,5617,1,70,0
2398,169,4,5496,1,98,0
2399,169,4,5524,1,84,0
2400,169,0,99,0,108,1
2401,169,4,5625,1,65,0
2402,169,4,4726,1,263,0
2403,169,3,3473,0,210,0
2404,169,2,2387,0,296,0
2405,169,4,5683,1,55,0
2406,169,4,5332,1,122,0
2407,169,4,5058,1,231,0
2408,169,4,5231,1,150,0
2409,169,4,5551,1,88,0
2410,169,4,5509,1,91,0
2411,169,4,5157,1,154,0
2412,169,4,5116,1,232,0
2413,170,4,5072,1,182,0
2414,170,4,5229,1,142,0
2415,170,4,4871,1,214,0
2416,170,4,5689,1,56,0
2417,170,4,5592,1,73,0
2418,170,4,5433,1,147,0
2419,170,4,5046,1,200,0
2420,170,1,1225,0,213,0
2421,170,4,5578,1,89,0
2422,170,4,4577,1,277,0
2423,170,4,4923,1,201,0
2424,170,4,5520,1,86,0
2425,170,4,5576,1,81,0
2426,170,4,4995,1,194,0
2427,170,4,4687,1,255,0
2428,170,4,5376,1,114,0
2429,170,4,5329,1,122,0
2430,170,4,5651,1,64,0
2431,170,4,5603,1,73,0
2432,170,4,5662,1,60,0
2433,170,4,5339,1,137,0
2434,170,4,4664,1,260,0
2435,171,4,5079,1,182,0
2436,171,4,4878,1,311,0
2437,171,3,2999,0,287,0
2438,171,4,5337,1,126,0
2439,171,4,5270,1,147,0
2440,171,4,5346,1,122,0
2441,171,4,5453,1,99,0
2442,171,4,5616,1,87,0
2443,171,4,5107,1,195,0
2444,171,4,5531,1,103,0
2445,171,0,99,0,202,0
2446,171,4,4741,1,269,0
2447,171,0,99,0,168,0
2448,171,4,5564,1,77,0
2449,171,4,5686,1,57,0
2450,171,4,5374,1,117,0
2451,171,4,5706,1,51,0
2452,171,4,5530,1,91,0
2453,171,2,2264,0,211,0
2454,171,4,4625,1,268,0
2455,171,4,5370,1,116,0
2456,172,4,5151,1,158,0
2457,172,4,5168,1,168,0
2458,172,4,4848,1,329,0
2459,172,4,5500,1,117,0
2460,172,4,5492,1,97,0
2461,172,4,5072,1,188,0
2462,172,4,5147,1,164,0
2463,172,1,1140,0,169,0
2464,172,4,5400,1,126,0
2465,172,4,4956,1,226,0
2466,172,4,5606,1,88,0
2467,172,4,5426,1,124,0
2468,172,4,5213,1,147,0
2469,172,2,2354,0,325,0
2470,172,4,5206,1,146,0
2471,172,4,5518,1,89,0
2472,172,3,3089,0,278,0
2473,172,4,5696,1,54,0
2474,172,4,5570,1,85,0
2475,172,3,3582,0,206,0
2476,173,4,5360,1,228,0
2477,173,4,4350,1,392,0
2478,173,4,5081,1,247,0
2479,173,3,3112,0,291,0
2480,173,4,5655,1,64,0
2481,173,4,5427,1,134,0
2482,173,4,5471,1,98,0
2483,173,2,2412,0,227,0
2484,173,4,5029,1,189,0
2485,173,4,5386,1,128,0
2486,173,4,5158,1,166,0
2487,173,4,5514,1,95,0
2488,173,4,5432,1,113,0
2489,173,4,5126,1,178,0
2490,173,4,5614,1,70,0
2491,174,3,2498,0,909,0
2492,174,1,1190,0,290,0
2493,174,4,5407,1,108,0
2494,174,4,5045,1,186,0
2495,174,4,4621,1,271,0
2496,174,4,5397,1,139,0
2497,174,4,4840,1,242,0
2498,174,4,5168,1,230,0
2499,174,1,1297,0,156,0
2500,174,0,99,0,108,1
2501,174,2,2070,0,287,0
2502,174,2,2085,0,311,0
2503,174,4,5356,1,131,0
2504,174,4,4956,1,247,0
2505,174,4,5443,1,117,0
2506,175,4,5683,1,57,0
2507,175,4,5214,1,151,0
2508,175,3,3085,0,384,0
2509,175,1,1270,0,184,0
2510,175,4,4606,1,281,0
2511,175,4,5306,1,151,0
2512,175,4,5161,1,218,0
2513,175,2,2314,0,164,0
2514,175,4,5305,1,151,0
2515,175,4,5502,1,91,0
2516,175,4,5646,1,65,0
2517,175,4,4880,1,250,0
2518,175,4,5104,1,165,0
2519,175,4,5589,1,78,0
2520,175,2,2494,0,387,0
2521,175,4,5683,1,56,0
2522,175,3,3302,0,307,0
2523,175,4,5481,1,95,0
2524,176,4,5185,1,164,0
2525,176,4,5640,1,65,0
2526,176,4,5595,1,71,0
2527,176,4,5655,1,61,0
2528,176,4,5274,1,166,0
2529,176,4,5047,1,219,0
2530,176,4,5424,1,101,0
2531,176,2,2293,0,285,0
2532,176,4,5025,1,184,0
2533,176,4,5318,1,136,0
2534,176,4,5369,1,114,0
2535,176,4,5426,1,124,0
2536,176,4,5238,1,140,0
2537,176,4,5436,1,117,0
2538,176,4,5431,1,107,0
2539,176,4,5518,1,87,0
2540,176,4,5132,1,161,0
2541,176,4,4954,1,196,0
2542,176,4,4822,1,227,0
2543,176,2,2203,0,215,0
2544,176,4,4960,1,197,0
2545,177,4,5571,1,84,0
2546,177,3,3199,0,496,0
2547,177,0,99,0,216,0
2548,177,4,4642,1,363,0
2549,177,4,5431,1,108,0
2550,177,4,5044,1,186,0
2551,177,4,5334,1,120,0
2552,177,4,5669,1,58,0
2553,177,4,5454,1,100,0
2554,177,3,3254,0,206,0
2555,177,3,3583,0,196,0
2556,177,4,5566,1,78,0
2557,177,4,5465,1,103,0
2558,177,4,5645,1,65,0
2559,177,4,5458,1,97,0
2560,177,0,196,0,138,0
2561,177,4,5596,1,77,0
2562,177,4,5621,1,71,0
2563,177,2,2291,0,209,0
2564,178,2,2270,0,277,0
2565,178,4,5511,1,94,0
2566,178,4,5406,1,152,0
2567,178,4,5617,1,72,0
2568,178,4,5195,1,148,0
2569,178,4,5266,1,132,0
2570,178,4,4392,1,340,0
2571,178,4,5424,1,119,0
2572,178,4,5585,1,82,0
2573,178,4,5369,1,117,0
2574,178,4,5520,1,107,0
2575,178,4,5475,1,96,0
2576,178,4,4924,1,241,0
2577,178,4,4656,1,259,0
2578,178,4,5697,1,52,0
2579,178,4,5187,1,160,0
2580,178,4,5548,1,81,0
2581,178,4,5355,1,124,0
2582,178,4,5628,1,64,0
2583,178,4,5534,1,83,0
2584,178,4,5099,1,170,0
2585,178,4,5574,1,74,0
2586,178,4,5402,1,123,0
2587,178,4,5661,1,58,0
2588,178,4,5093,1,167,0
2589,179,4,5409,1,199,0
2590,179,4,5504,1,108,0
2591,179,4,5131,1,170,0
2592,179,2,2380,0,272,0
2593,179,4,5402,1,114,0
2594,179,4,5560,1,87,0
2595,179,4,5231,1,154,0
2596,179,4,4652,1,271,0
2597,179,4,5567,1,79,0
2598,179,4,5292,1,137,0
2599,179,4,5354,1,118,0
2600,179,0,99,0,108,1
2601,179,4,5622,1,66,0
2602,179,4,5138,1,177,0
2603,179,4,5579,1,78,0
2604,179,4,5198,1,169,0
2605,179,4,5215,1,243,0
2606,179,4,5109,1,167,0
2607,179,4,5636,1,72,0
2608,179,4,5587,1,73,0
2609,179,1,1260,0,174,0
2610,179,4,5150,1,169,0
2611,180,4,5353,1,191,0
2612,180,4,5545,1,80,0
2613,180,4,5147,1,160,0
2614,180,4,5464,1,98,0
2615,180,4,5447,1,127,0
2616,180,4,5677,1,55,0
2617,180,4,5484,1,105,0
2618,180,4,5568,1,91,0
2619,180,3,3348,0,285,0
2620,180,2,2309,0,201,0
2621,180,1,1324,0,299,0
2622,180,1,1327,0,232,0
2623,180,1,1316,0,258,0
2624,180,4,5280,1,194,0
2625,180,4,5289,1,131,0
2626,180,4,5500,1,100,0
2627,180,4,5530,1,115,0
2628,180,4,5636,1,68,0
2629,180,4,5397,1,121,0
2630,180,0,99,0,132,0
2631,180,4,5298,1,131,0
2632,181,3,3323,0,218,0
2633,181,4,5542,1,89,0
2634,181,4,4780,1,264,0
2635,181,4,5372,1,113,0
2636,181,4,5323,1,139,0
2637,181,3,3498,0,281,0
2638,181,3,3423,0,332,0
2639,181,4,5492,1,89,0
2640,181,4,5542,1,82,0
2641,181,4,5483,1,94,0
2642,181,4,5675,1,57,0
2643,181,4,5662,1,60,0
2644,181,4,5218,1,158,0
2645,181,4,5536,1,90,0
2646,181,4,5707,1,51,0
2647,181,4,5649,1,66,0
2648,181,4,5615,1,72,0
2649,181,4,5561,1,83,0
2650,181,3,3232,0,198,0
2651,181,4,5296,1,157,0
2652,181,4,5125,1,197,0
2653,181,4,5705,1,52,0
2654,181,4,5619,1,66,0
2655,181,4,5625,1,64,0
2656,182,3,3482,0,927,0
2657,182,4,4774,1,255,0
2658,182,4,5024,1,190,0
2659,182,4,5478,1,110,0
2660,182,4,5272,1,149,0
2661,182,4,4949,1,253,0
2662,182,4,5619,1,66,0
2663,182,4,5567,1,82,0
2664,182,4,4987,1,229,0
2665,182,4,5617,1,79,0
2666,182,4,5452,1,104,0
2667,182,4,5366,1,154,0
2668,182,3,3191,0,167,0
2669,182,4,5335,1,134,0
2670,182,4,5457,1,103,0
2671,183,3,3384,0,257,0
2672,183,4,5569,1,77,0
2673,183,4,4823,1,271,0
2674,183,4,5700,1,55,0
2675,183,2,2409,0,326,0
2676,183,4,5460,1,105,0
2677,183,4,5606,1,71,0
2678,183,1,1353,0,203,0
2679,183,4,5670,1,58,0
2680,183,4,5537,1,81,0
2681,183,4,5624,1,68,0
2682,183,4,5302,1,136,0
2683,183,4,4964,1,382,0
2684,183,4,5667,1,57,0
2685,183,4,5052,1,234,0
2686,183,4,5515,1,110,0
2687,183,4,5459,1,98,0
2688,183,0,190,0,156,0
2689,183,4,5572,1,80,0
2690,183,4,4956,1,199,0
2691,183,4,5282,1,145,0
2692,183,4,5633,1,75,0
2693,184,4,5082,1,340,0
2694,184,4,5624,1,70,0
2695,184,4,5511,1,109,0
2696,184,4,5617,1,67,0
2697,184,4,5451,1,125,0
2698,184,4,5613,1,74,0
2699,184,4,5293,1,130,0
2700,184,0,99,0,108,1
2701,184,2,1991,0,387,0
2702,184,4,5427,1,106,0
2703,184,4,5234,1,161,0
2704,184,2,2358,0,161,0
2705,184,4,5405,1,196,0
2706,184,4,5115,1,187,0
2707,184,4,5640,1,80,0
2708,184,1,1349,0,172,0
2709,184,4,5411,1,115,0
2710,184,4,5200,1,164,0
2711,184,4,5289,1,148,0
2712,184,1,1284,0,172,0
2713,184,4,5242,1,150,0
2714,184,4,5636,1,65,0
2715,185,1,1307,0,194,0
2716,185,4,5600,1,72,0
2717,185,4,5390,1,141,0
2718,185,4,5292,1,145,0
2719,185,0,99,0,142,0
2720,185,2,2302,0,158,0
2721,185,2,2343,0,305,0
2722,185,4,5192,1,167,0
2723,185,4,5240,1,162,0
2724,185,4,5500,1,101,0
2725,185,4,5037,1,180,0
2726,185,4,5515,1,87,0
2727,185,4,5502,1,91,0
2728,185,4,5576,1,83,0
2729,185,4,5268,1,134,0
2730,185,4,5400,1,109,0
2731,185,4,5475,1,100,0
2732,185,4,5230,1,185,0
2733,185,4,5462,1,99,0
2734,185,1,1218,0,162,0
2735,185,4,5655,1,61,0
2736,185,4,5224,1,145,0
2737,186,3,3022,0,764,0
2738,186,4,4894,1,239,0
2739,186,4,5468,1,101,0
2740,186,2,2399,0,351,0
2741,186,4,5184,1,173,0
2742,186,4,5501,1,92,0
2743,186,4,5348,1,184,0
2744,186,4,4956,1,221,0
2745,186,4,5425,1,118,0
2746,186,4,4598,1,279,0
2747,186,4,5578,1,78,0
2748,186,4,5507,1,86,0
2749,186,4,5255,1,138,0
2750,186,4,5650,1,64,0
2751,186,4,4979,1,195,0
2752,186,4,5290,1,202,0
2753,187,1,1367,0,176,0
2754,187,4,5380,1,111,0
2755,187,4,5497,1,115,0
2756,187,4,5224,1,174,0
2757,187,4,5354,1,117,0
2758,187,4,5642,1,66,0
2759,187,4,5386,1,149,0
2760,187,4,5436,1,109,0
2761,187,4,5649,1,63,0
2762,187,4,5404,1,133,0
2763,187,4,5100,1,172,0
2764,187,4,5460,1,143,0
2765,187,4,5158,1,156,0
2766,187,4,5404,1,108,0
2767,187,4,5518,1,93,0
2768,187,4,4953,1,221,0
2769,187,4,5519,1,87,0
2770,187,4,5511,1,90,0
2771,187,4,5102,1,190,0
2772,187,4,5595,1,75,0
2773,187,4,5165,1,164,0
2774,187,4,5313,1,123,0
2775,187,4,5586,1,73,0
2776,187,3,2916,0,262,0
2777,188,1,1361,0,251,0
2778,188,2,2280,0,191,0
2779,188,4,5112,1,173,0
2780,188,4,4982,1,215,0
2781,188,1,1283,0,217,0
2782,188,4,5542,1,88,0
2783,188,4,5421,1,105,0
2784,188,4,5638,1,67,0
2785,188,2,2342,0,220,0
2786,188,3,3371,0,336,0
2787,188,3,3606,0,186,0
2788,188,4,5550,1,80,0
2789,188,4,5376,1,181,0
2790,188,4,5311,1,146,0
2791,188,4,5099,1,205,0
2792,188,1,1373,0,138,0
2793,188,4,5389,1,131,0
2794,188,0,99,0,159,0
2795,188,4,5700,1,52,0
2796,188,4,5673,1,58,0
2797,189,4,4850,1,219,0
2798,189,4,5036,1,180,0
2799,189,4,5508,1,92,0
2800,189,0,99,0,108,1
2801,189,4,5471,1,94,0
2802,189,4,5175,1,153,0
2803,189,4,5598,1,74,0
2804,189,4,5539,1,80,0
2805,189,4,5462,1,98,0
2806,189,4,5293,1,132,0
2807,189,4,5478,1,109,0
2808,189,4,5139,1,193,0
2809,189,3,3294,0,422,0
2810,189,4,5323,1,138,0
2811,189,4,5417,1,129,0
2812,189,4,5467,1,108,0
2813,189,4,5340,1,138,0
2814,189,4,5177,1,158,0
2815,189,4,4826,1,230,0
2816,189,2,2467,0,272,0
2817,190,4,4989,1,190,0
2818,190,4,5520,1,93,0
2819,190,4,5122,1,222,0
2820,190,4,5361,1,151,0
2821,190,4,5548,1,86,0
2822,190,4,5350,1,116,0
2823,190,4,5042,1,328,0
2824,190,4,5654,1,61,0
2825,190,4,5439,1,127,0
2826,190,4,5438,1,107,0
2827,190,4,5584,1,82,0
2828,190,4,5139,1,171,0
2829,190,4,5337,1,121,0
2830,190,1,1386,0,195,0
2831,190,4,5258,1,139,0
2832,190,3,3427,0,263,0
2833,190,4,5498,1,125,0
2834,190,1,1292,0,158,0
2835,190,4,5556,1,82,0
2836,190,1,1356,0,187,0
2837,190,4,5178,1,268,0
2838,191,4,5657,1,59,0
2839,191,4,5100,1,167,0
2840,191,3,2762,0,434,0
2841,191,4,5610,1,104,0
2842,191,4,5351,1,141,0
2843,191,2,2299,0,182,0
2844,191,4,5464,1,107,0
2845,191,4,5375,1,119,0
2846,191,4,5601,1,88,0
2847,191,4,5591,1,88,0
2848,191,3,3617,0,261,0
2849,191,4,5641,1,65,0
2850,191,4,5419,1,190,0
2851,191,4,5587,1,108,0
2852,191,4,5195,1,198,0
2853,191,4,5419,1,151,0
2854,191,4,5632,1,78,0
2855,191,4,5391,1,146,0
2856,191,4,5637,1,76,0
2857,191,4,5277,1,188,0
2858,191,4,5067,1,190,0
2859,192,4,5479,1,128,0
2860,192,2,2368,0,168,0
2861,192,3,3392,0,178,0
2862,192,4,5347,1,143,0
2863,192,4,5288,1,136,0
2864,192,4,4971,1,235,0
2865,192,4,5420,1,114,0
2866,192,3,3215,0,246,0
2867,192,4,5399,1,122,0
2868,192,3,3438,0,211,0
2869,192,4,5196,1,152,0
2870,192,4,5584,1,94,0
2871,192,4,5331,1,143,0
2872,192,4,4976,1,210,0
2873,192,4,5526,1,105,0
2874,192,4,5243,1,152,0
2875,192,3,3630,0,175,0
2876,192,4,5696,1,53,0
2877,192,4,4735,1,356,0
2878,193,2,2346,0,307,0
2879,193,4,5375,1,127,0
2880,193,4,5442,1,117,0
2881,193,0,94,0,144,0
2882,193,4,5506,1,91,0
2883,193,4,5454,1,100,0
2884,193,4,5301,1,143,0
2885,193,4,5112,1,177,0
2886,193,4,5402,1,128,0
2887,193,4,5686,1,54,0
2888,193,4,5059,1,186,0
2889,193,4,5368,1,160,0
2890,193,4,5283,1,136,0
2891,193,0,99,0,253,0
2892,193,4,5615,1,73,0
2893,193,4,5380,1,139,0
2894,193,4,5560,1,79,0
2895,193,4,5424,1,105,0
2896,193,2,2400,0,193,0
2897,193,4,5442,1,125,0
2898,193,4,5194,1,205,0
2899,193,4,5356,1,155,0
2900,193,0,99,0,108,1
2901,194,4,5463,1,99,0
2902,194,2,2079,0,255,0
2903,194,1,1287,0,249,0
2904,194,3,3294,0,303,0
2905,194,4,4703,1,294,0
2906,194,4,5267,1,162,0
2907,194,4,5463,1,108,0
2908,194,4,5301,1,190,0
2909,194,1,1279,0,137,0
2910,194,4,5333,1,136,0
2911,194,4,5531,1,93,0
2912,194,4,5381,1,153,0
2913,194,4,5298,1,172,0
2914,194,4,5350,1,137,0
2915,194,2,2315,0,163,0
2916,194,4,5582,1,93,0
2917,194,2,2357,0,198,0
2918,194,3,3317,0,243,0
2919,195,4,5343,1,117,0
2920,195,4,4503,1,322,0
2921,195,4,4932,1,206,0
2922,195,4,5476,1,105,0
2923,195,4,5419,1,111,0
2924,195,4,4994,1,216,0
2925,195,3,3206,0,192,0
2926,195,0,186,0,133,0
2927,195,4,5206,1,199,0
2928,195,3,3290,0,206,0
2929,195,4,5599,1,70,0
2930,195,4,5622,1,69,0
2931,195,4,5379,1,135,0
2932,195,4,5114,1,169,0
2933,195,4,5549,1,82,0
2934,195,4,5310,1,129,0
2935,195,2,2091,0,205,0
2936,195,4,5534,1,85,0
2937,195,4,4923,1,294,0
2938,196,4,4898,1,307,0
2939,196,1,1143,0,238,0
2940,196,4,5233,1,153,0
2941,196,4,5662,1,62,0
2942,196,4,5571,1,90,0
2943,196,3,3605,0,183,0
2944,196,1,1195,0,185,0
2945,196,3,3535,0,182,0
2946,196,4,5410,1,142,0
2947,196,4,5508,1,90,0
2948,196,4,4819,1,259,0
2949,196,4,4994,1,206,0
2950,196,4,5004,1,209,0
2951,196,4,5523,1,87,0
2952,196,4,5215,1,147,0
2953,196,0,186,0,136,0
2954,196,4,5261,1,141,0
2955,196,4,5641,1,64,0
2956,196,4,4997,1,208,0
2957,196,3,3490,0,238,0
2958,197,4,5419,1,116,0
2959,197,4,5224,1,141,0
2960,197,4,5111,1,188,0
2961,197,4,4926,1,216,0
2962,197,4,5386,1,127,0
2963,197,4,5373,1,135,0
2964,197,4,5197,1,170,0
2965,197,4,5430,1,109,0
2966,197,4,5644,1,65,0
2967,197,4,5539,1,96,0
2968,197,4,5405,1,124,0
2969,197,4,5152,1,185,0
2970,197,4,5469,1,124,0
2971,197,4,5220,1,169,0
2972,197,4,5346,1,118,0
2973,197,3,3175,0,273,0
2974,197,4,5549,1,86,0
2975,197,4,5430,1,105,0
2976,197,4,5507,1,101,0
2977,197,4,5077,1,179,0
2978,197,4,5679,1,57,0
2979,197,4,5324,1,126,0
2980,197,4,5661,1,59,0
2981,197,4,4964,1,207,0
2982,198,4,5359,1,114,0
2983,198,4,5351,1,134,0
2984,198,4,5452,1,130,0
2985,198,4,5525,1,98,0
2986,198,4,5396,1,119,0
2987,198,4,5641,1,63,0
2988,198,4,5411,1,118,0
2989,198,4,5492,1,99,0
2990,198,4,5542,1,104,0
2991,198,4,5624,1,70,0
2992,198,4,5406,1,128,0
2993,198,4,5678,1,63,0
2994,198,4,5160,1,162,0
2995,198,2,2342,0,177,0
2996,198,4,4995,1,247,0
2997,198,4,5440,1,103,0
2998,198,4,5431,1,125,0
2999,198,4,5500,1,98,0
3000,198,0,99,0,108,1
3001,198,4,5360,1,132,0
3002,198,4,5242,1,165,0
3003,198,3,3666,0,171,0
3004,198,4,5556,1,89,0
3005,198,4,5536,1,87,0
3006,198,4,5448,1,139,0
3007,198,4,5197,1,179,0
3008,199,4,5475,1,109,0
3009,199,4,4959,1,236,0
3010,199,4,5651,1,71,0
3011,199,4,5434,1,179,0
3012,199,4,5483,1,121,0
3013,199,2,2517,0,329,0
3014,199,4,5452,1,104,0
3015,199,4,5251,1,182,0
3016,199,4,5578,1,93,0
3017,199,2,2472,0,232,0
3018,199,4,5273,1,200,0
3019,199,4,5384,1,157,0
3020,199,4,5485,1,123,0
3021,199,4,5360,1,192,0
3022,199,4,5424,1,128,0
3023,199,1,1325,0,143,0
3024,199,4,5097,1,250,0
3025,199,4,5288,1,152,0
3026,199,4,5405,1,116,0
3027,199,4,5649,1,67,0
3028,199,4,5548,1,110,0
3029,200,4,5078,1,281,0
3030,200,4,5415,1,172,0
3031,200,3,3658,0,223,0
3032,200,4,5212,1,151,0
3033,200,4,5049,1,236,0
3034,200,4,5564,1,97,0
3035,200,4,5649,1,70,0
3036,200,4,5333,1,134,0
3037,200,4,5023,1,227,0
3038,200,4,5058,1,274,0
3039,200,2,2206,0,231,0
3040,200,4,5291,1,131,0
3041,200,4,5097,1,168,0
3042,200,4,5495,1,94,0
3043,200,4,5440,1,104,0
3044,200,0,99,0,169,0
3045,200,4,5600,1,70,0
3046,200,4,5480,1,99,0
3047,200,4,5662,1,59,0
3048,200,4,5437,1,146,0
3049,201,1,1236,0,147,0
3050,201,4,5486,1,130,0
3051,201,4,5474,1,101,0
3052,201,4,5671,1,58,0
3053,201,4,5226,1,144,0
3054,201,4,5446,1,110,0
3055,201,4,4779,1,360,0
3056,201,4,4749,1,238,0
3057,201,4,5000,1,207,0
3058,201,4,5529,1,90,0
3059,201,4,5631,1,68,0
3060,201,4,5367,1,151,0
3061,201,4,5335,1,164,0
3062,201,3,3395,0,292,0
3063,201,4,4990,1,190,0
3064,201,4,5676,1,56,0
3065,201,3,3452,0,196,0
3066,201,4,5452,1,110,0
3067,201,4,5572,1,88,0
3068,201,4,5545,1,80,0
3069,201,4,5486,1,91,0
3070,202,4,5048,1,193,0
3071,202,4,5675,1,60,0
3072,202,4,5508,1,134,0
3073,202,4,5257,1,156,0
3074,202,4,5544,1,82,0
3075,202,4,5135,1,185,0
3076,202,1,1228,0,179,0
3077,202,1,1292,0,174,0
3078,202,4,5571,1,82,0
3079,202,4,5644,1,64,0
3080,202,4,4962,1,232,0
3081,202,4,5039,1,243,0
3082,202,4,5463,1,100,0
3083,202,4,5429,1,153,0
3084,202,4,5238,1,144,0
3085,202,4,5532,1,130,0
3086,202,4,5507,1,97,0
3087,202,4,5460,1,106,0
3088,202,4,5038,1,186,0
3089,202,1,1269,0,146,0
3090,202,2,2389,0,176,0
3091,202,4,5656,1,63,0
3092,202,4,5351,1,120,0
3093,203,4,4963,1,207,0
3094,203,4,5551,1,98,0
3095,203,4,5270,1,165,0
3096,203,4,5214,1,152,0
3097,203,4,5647,1,62,0
3098,203,4,5423,1,141,0
3099,203,4,5086,1,191,0
3100,203,0,99,0,106,1
3101,203,4,4826,1,240,0
3102,203,4,5532,1,101,0
3103,203,4,5112,1,162,0
3104,203,4,4744,1,276,0
3105,203,4,5540,1,84,0
3106,203,2,2243,0,222,0
3107,203,4,5474,1,100,0
3108,203,4,5092,1,179,0
3109,203,4,5005,1,196,0
3110,203,4,5553,1,91,0
3111,203,4,4459,1,329,0
3112,203,4,5335,1,121,0
3113,204,4,5371,1,162,0
3114,204,0,99,0,157,0
3115,204,4,4321,1,334,0
3116,204,3,3435,0,284,0
3117,204,4,5656,1,62,0
3118,204,4,5489,1,108,0
3119,204,4,5074,1,181,0
3120,204,4,5342,1,138,0
3121,204,1,1226,0,210,0
3122,204,4,5391,1,123,0
3123,204,4,4799,1,237,0
3124,204,4,5582,1,78,0
3125,204,4,5571,1,84,0
3126,204,4,5474,1,114,0
3127,204,4,4764,1,287,0
3128,204,4,5367,1,128,0
3129,204,4,5006,1,204,0
3130,204,4,5072,1,178,0
3131,205,4,4605,1,275,0
3132,205,0,99,0,388,0
3133,205,4,5273,1,132,0
3134,205,4,5517,1,86,0
3135,205,4,5204,1,188,0
3136,205,4,5554,1,89,0
3137,205,4,5125,1,260,0
3138,205,4,5661,1,64,0
3139,205,4,5194,1,158,0
3140,205,4,5602,1,73,0
3141,205,3,3284,0,191,0
3142,205,4,5419,1,106,0
3143,205,1,1435,0,511,0
3144,205,4,5584,1,81,0
3145,205,4,5223,1,210,0
3146,205,4,5407,1,126,0
3147,205,3,3450,0,185,0
3148,205,4,5246,1,141,0
3149,205,4,5299,1,132,0
3150,205,4,5538,1,83,0
3151,206,4,5590,1,74,0
3152,206,4,5614,1,75,0
3153,206,4,5395,1,108,0
3154,206,4,5330,1,137,0
3155,206,4,5413,1,121,0
3156,206,4,5377,1,128,0
3157,206,1,1263,0,277,0
3158,206,4,5546,1,121,0
3159,206,1,1268,0,162,0
3160,206,3,3235,0,175,0
3161,206,4,5398,1,115,0
3162,206,4,4742,1,340,0
3163,206,4,5534,1,82,0
3164,206,4,5120,1,168,0
3165,206,4,5286,1,133,0
3166,206,4,5490,1,91,0
3167,206,4,5282,1,137,0
3168,206,4,5332,1,148,0
3169,206,4,5486,1,97,0
3170,206,4,5309,1,133,0
3171,206,3,3268,0,193,0
3172,206,1,1375,0,133,0
3173,206,4,5614,1,75,0
3174,207,2,2359,0,147,0
3175,207,4,5637,1,64,0
3176,207,4,5180,1,150,0
3177,207,4,4587,1,272,0
3178,207,4,4942,1,238,0
3179,207,4,5487,1,104,0
3180,207,3,3419,0,347,0
3181,207,4,5583,1,75,0
3182,207,4,5661,1,60,0
3183,207,4,5308,1,153,0
3184,207,4,4895,1,212,0
3185,207,4,5341,1,130,0
3186,207,3,3636,0,216,0
3187,207,4,5552,1,79,0
3188,207,4,5208,1,148,0
3189,207,4,5185,1,151,0
3190,207,3,3320,0,177,0
3191,207,4,5632,1,66,0
3192,207,4,5562,1,77,0
3193,207,4,5248,1,138,0
3194,207,4,5087,1,191,0
3195,208,1,1296,0,261,0
3196,208,4,5178,1,275,0
3197,208,4,5459,1,111,0
3198,208,4,5553,1,93,0
3199,208,4,5598,1,79,0
3200,208,0,99,0,108,1
3201,208,4,5607,1,70,0
3202,208,4,5109,1,166,0
3203,208,4,5602,1,76,0
3204,208,4,5651,1,65,0
3205,208,4,5133,1,176,0
3206,208,4,4892,1,210,0
3207,208,1,1193,0,208,0
3208,208,4,5492,1,92,0
3209,208,4,5465,1,103,0
3210,208,1,1267,0,167,0
3211,208,0,184,0,184,0
3212,208,4,5510,1,89,0
3213,208,4,5109,1,180,0
3214,208,4,5076,1,174,0
3215,208,4,5541,1,87,0
3216,208,4,5630,1,67,0
3217,208,4,5095,1,167,0
3218,208,4,5571,1,76,0
3219,209,4,5386,1,127,0
3220,209,4,4846,1,227,0
3221,209,4,5245,1,149,0
3222,209,3,3526,0,316,0
3223,209,4,5526,1,104,0
3224,209,4,5566,1,111,0
3225,209,4,5294,1,152,0
3226,209,4,5613,1,76,0
3227,209,4,5122,1,162,0
3228,209,0,99,0,178,0
3229,209,4,5333,1,123,0
3230,209,4,5526,1,91,0
3231,209,4,5607,1,81,0
3232,209,4,5184,1,155,0
3233,209,4,5445,1,101,0
3234,209,4,5157,1,159,0
3235,209,4,5007,1,205,0
3236,209,4,5071,1,177,0
3237,209,4,5276,1,232,0
3238,209,4,5473,1,93,0
3239,210,2,2301,0,316,0
3240,210,4,5447,1,107,0
3241,210,4,4976,1,215,0
3242,210,4,5525,1,90,0
3243,210,4,5524,1,88,0
3244,210,4,5516,1,90,0
3245,210,4,5176,1,162,0
3246,210,4,5370,1,156,0
3247,210,4,5181,1,151,0
3248,210,4,5622,1,65,0
3249,210,4,5691,1,53,0
3250,210,4,5505,1,101,0
3251,210,4,5529,1,86,0
3252,210,4,5319,1,132,0
3253,210,3,3543,0,353,0
3254,210,3,3463,0,420,0
3255,210,4,5524,1,88,0
3256,210,1,1365,0,185,0
3257,210,4,5596,1,82,0
3258,210,4,4635,1,284,0
3259,210,4,5427,1,105,0
3260,210,4,5463,1,94,0
3261,211,2,2202,0,181,0
3262,211,4,5534,1,83,0
3263,211,4,5442,1,109,0
3264,211,4,4964,1,200,0
3265,211,4,4878,1,451,0
3266,211,4,5209,1,148,0
3267,211,4,5689,1,55,0
3268,211,4,5494,1,92,0
3269,211,4,5415,1,137,0
3270,211,4,5282,1,130,0
3271,211,4,5415,1,114,0
3272,211,4,5535,1,82,0
3273,211,4,5451,1,98,0
3274,211,4,5443,1,101,0
3275,211,4,5415,1,116,0
3276,211,4,5102,1,167,0
3277,211,4,5525,1,132,0
3278,211,4,5112,1,196,0
3279,211,4,5325,1,120,0
3280,211,4,5506,1,110,0
3281,211,4,4923,1,213,0
3282,211,4,5355,1,121,0
3283,211,4,5584,1,109,0
3284,212,4,5224,1,140,0
3285,212,4,5393,1,111,0
3286,212,4,4990,1,193,0
3287,212,4,5597,1,70,0
3288,212,4,5057,1,186,0
3289,212,4,5384,1,118,0
3290,212,4,5158,1,160,0
3291,212,4,5416,1,113,0
3292,212,2,2344,0,183,0
3293,212,4,5501,1,96,0
3294,212,4,5595,1,72,0
3295,212,4,5613,1,75,0
3296,212,4,5539,1,98,0
3297,212,1,1265,0,179,0
3298,212,4,5185,1,183,0
3299,212,2,2221,0,132,0
3300,212,0,99,0,108,1
3301,212,4,4929,1,504,0
3302,212,4,5659,1,63,0
3303,212,4,5431,1,115,0
3304,212,4,5208,1,152,0
3305,212,4,5242,1,172,0
3306,212,4,5504,1,97,0
3307,213,4,5078,1,219,0
3308,213,0,192,0,187,0
3309,213,4,5600,1,78,0
3310,213,4,5419,1,118,0
3311,213,0,99,0,192,0
3312,213,4,4688,1,397,0
3313,213,4,5552,1,80,0
3314,213,3,3595,0,261,0
3315,213,4,5436,1,115,0
3316,213,4,5242,1,241,0
3317,213,4,5142,1,159,0
3318,213,3,2980,0,331,0
3319,213,4,5402,1,106,0
3320,213,4,5493,1,91,0
3321,213,4,3805,1,486,0
3322,213,4,5580,1,76,0
3323,213,4,5409,1,124,0
3324,214,4,5656,1,71,0
3325,214,4,5387,1,110,0
3326,214,4,4957,1,313,0
3327,214,4,5462,1,100,0
3328,214,4,5550,1,104,0
3329,214,4,5653,1,62,0
3330,214,4,5461,1,108,0
3331,214,4,5159,1,166,0
3332,214,4,4840,1,242,0
3333,214,0,197,0,168,0
3334,214,4,5353,1,126,0
3335,214,4,5554,1,78,0
3336,214,1,1295,0,163,0
3337,214,4,5473,1,95,0
3338,214,1,1410,0,228,0
3339,214,4,5182,1,160,0
3340,214,4,5159,1,154,0
3341,214,3,3304,0,357,0
3342,214,2,2197,0,229,0
3343,214,4,5133,1,164,0
3344,215,2,2118,0,235,0
3345,215,4,5606,1,76,0
3346,215,4,5169,1,155,0
3347,215,4,5585,1,90,0
3348,215,0,99,0,137,0
3349,215,4,5499,1,87,0
3350,215,4,5469,1,97,0
3351,215,4,5524,1,88,0
3352,215,4,5036,1,186,0
3353,215,2,2320,0,203,0
3354,215,4,5038,1,186,0
3355,215,4,5204,1,171,0
3356,215,4,5093,1,174,0
3357,215,4,5070,1,401,0
3358,215,4,5421,1,120,0
3359,215,4,5646,1,64,0
3360,215,4,5447,1,108,0
3361,215,4,5570,1,79,0
3362,215,1,1342,0,140,0
3363,215,4,4926,1,210,0
3364,216,4,4914,1,394,0
3365,216,4,5452,1,105,0
3366,216,4,5319,1,139,0
3367,216,4,5060,1,236,0
3368,216,4,4787,1,250,0
3369,216,4,5413,1,119,0
3370,216,4,5628,1,65,0
3371,216,4,5696,1,56,0
3372,216,4,5343,1,133,0
3373,216,2,2387,0,200,0
3374,216,4,5278,1,130,0
3375,216,4,5089,1,193,0
3376,216,4,5559,1,117,0
3377,216,4,4721,1,435,0
3378,216,4,4479,1,305,0
3379,216,0,192,0,143,0
3380,216,4,5140,1,339,0
3381,216,4,5558,1,83,0
3382,217,4,4538,1,305,0
3383,217,4,5300,1,167,0
3384,217,4,5436,1,103,0
3385,217,4,5623,1,68,0
3386,217,4,5400,1,125,0
3387,217,4,5174,1,163,0
3388,217,4,5460,1,105,0
3389,217,4,5602,1,69,0
3390,217,4,5589,1,80,0
3391,217,4,5262,1,135,0
3392,217,4,5489,1,92,0
3393,217,1,1327,0,132,0
3394,217,4,5285,1,150,0
3395,217,4,5329,1,133,0
3396,217,4,5461,1,94,0
3397,217,4,5509,1,121,0
3398,217,4,5666,1,58,0
3399,217,4,5364,1,139,0
3400,217,0,99,0,108,1
3401,217,4,5099,1,173,0
3402,217,4,5429,1,107,0
3403,217,4,5620,1,66,0
3404,217,4,5066,1,180,0
3405,217,4,5468,1,95,0
3406,217,4,5557,1,84,0
3407,217,4,5635,1,63,0
3408,217,4,5351,1,118,0
3409,218,4,5137,1,179,0
3410,218,4,5649,1,65,0
3411,218,4,5272,1,148,0
3412,218,4,5569,1,75,0
3413,218,4,5574,1,77,0
3414,218,4,5652,1,60,0
3415,218,4,5521,1,86,0
3416,218,0,189,0,139,0
3417,218,4,5126,1,184,0
3418,218,4,5604,1,81,0
3419,218,4,4850,1,238,0
3420,218,4,5337,1,121,0
3421,218,4,5563,1,85,0
3422,218,4,5509,1,87,0
3423,218,4,5057,1,185,0
3424,218,4,5353,1,124,0
3425,218,4,5576,1,93,0
3426,218,4,5437,1,113,0
3427,218,4,5450,1,97,0
3428,218,4,5280,1,151,0
3429,218,4,5305,1,134,0
3430,218,4,5619,1,68,0
3431,218,4,5038,1,192,0
3432,218,4,5287,1,149,0
3433,218,4,5089,1,185,0
3434,218,4,5628,1,100,0
3435,218,4,5532,1,83,0
3436,219,4,5565,1,96,0
3437,219,4,5233,1,142,0
3438,219,4,5503,1,90,0
3439,219,4,5415,1,121,0
3440,219,0,99,0,132,0
3441,219,4,5474,1,96,0
3442,219,2,2292,0,217,0
3443,219,4,5090,1,170,0
3444,219,4,5587,1,73,0
3445,219,4,5354,1,133,0
3446,219,4,5600,1,71,0
3447,219,4,5253,1,136,0
3448,219,4,5308,1,125,0
3449,219,0,180,0,216,0
3450,219,4,5025,1,189,0
3451,219,4,5477,1,106,0
3452,219,4,5660,1,61,0
3453,219,4,5547,1,88,0
3454,219,4,5685,1,54,0
3455,219,4,5675,1,63,0
3456,219,4,5301,1,135,0
3457,219,4,5634,1,71,0
3458,219,1,1197,0,181,0
3459,219,1,1151,0,327,0
3460,220,3,3454,0,201,0
3461,220,4,5665,1,66,0
3462,220,4,5178,1,173,0
3463,220,4,5651,1,66,0
3464,220,4,5495,1,97,0
3465,220,4,5599,1,73,0
3466,220,4,5281,1,131,0
3467,220,4,5202,1,151,0
3468,220,2,2337,0,297,0
3469,220,4,5257,1,141,0
3470,220,4,5436,1,106,0
3471,220,0,279,0,152,0
3472,220,4,5614,1,71,0
3473,220,4,5568,1,78,0
3474,220,4,5181,1,208,0
3475,220,4,5310,1,149,0
3476,220,4,5168,1,165,0
3477,220,4,5406,1,111,0
3478,220,4,5554,1,89,0
3479,220,4,5026,1,228,0
3480,220,4,5316,1,156,0
3481,220,4,5535,1,87,0
3482,220,4,5435,1,104,0
3483,220,4,5412,1,113,0
3484,221,4,5420,1,106,0
3485,221,4,5110,1,167,0
3486,221,2,2434,0,273,0
3487,221,4,5158,1,199,0
3488,221,3,3562,0,166,0
3489,221,4,5548,1,121,0
3490,221,4,5300,1,186,0
3491,221,4,5287,1,148,0
3492,221,4,5686,1,56,0
3493,221,4,5406,1,112,0
3494,221,4,5525,1,86,0
3495,221,4,5356,1,119,0
3496,221,4,4840,1,222,0
3497,221,4,5243,1,139,0
3498,221,4,5421,1,116,0
3499,221,4,5380,1,113,0
3500,221,0,99,0,108,1
3501,221,4,5106,1,207,0
3502,221,4,5619,1,69,0
3503,221,4,4835,1,350,0
3504,221,4,5513,1,88,0
3505,222,1,1350,0,357,0
3506,222,4,5650,1,70,0
3507,222,4,5307,1,157,0
3508,222,4,5394,1,115,0
3509,222,4,5587,1,78,0
3510,222,4,5616,1,70,0
3511,222,4,5350,1,172,0
3512,222,4,5359,1,119,0
3513,222,4,5654,1,59,0
3514,222,1,1117,0,209,0
3515,222,4,5435,1,114,0
3516,222,1,1133,0,325,0
3517,222,4,4878,1,226,0
3518,222,4,5444,1,100,0
3519,222,4,5418,1,108,0
3520,222,1,1425,0,307,0
3521,222,4,5515,1,85,0
3522,222,4,5195,1,177,0
3523,222,4,5276,1,135,0
3524,222,4,4964,1,286,0
3525,223,4,5444,1,114,0
3526,223,4,5450,1,113,0
3527,223,4,5597,1,71,0
3528,223,4,5442,1,100,0
3529,223,4,5525,1,140,0
3530,223,4,5481,1,99,0
3531,223,4,5260,1,146,0
3532,223,4,5191,1,148,0
3533,223,4,5497,1,89,0
3534,223,4,5397,1,108,0
3535,223,1,1400,0,420,0
3536,223,4,5496,1,91,0
3537,223,4,5325,1,122,0
3538,223,0,98,0,145,0
3539,223,4,5278,1,177,0
3540,223,4,5586,1,79,0
3541,223,4,5284,1,136,0
3542,223,4,4785,1,234,0
3543,223,4,5399,1,109,0
3544,223,4,5670,1,59,0
3545,223,4,5511,1,98,0
3546,223,4,5423,1,105,0
3547,223,4,5328,1,126,0
3548,223,4,5553,1,86,0
3549,224,4,5391,1,129,0
3550,224,4,5166,1,249,0
3551,224,4,5315,1,125,0
3552,224,1,1284,0,198,0
3553,224,4,5295,1,131,0
3554,224,4,5426,1,105,0
3555,224,4,4592,1,273,0
3556,224,4,5522,1,93,0
3557,224,1,1267,0,146,0
3558,224,4,5141,1,228,0
3559,224,4,5136,1,161,0
3560,224,4,5082,1,173,0
3561,224,4,5072,1,182,0
3562,224,4,5562,1,85,0
3563,224,4,5300,1,128,0
3564,224,4,5259,1,256,0
3565,224,4,5294,1,136,0
3566,224,4,5498,1,113,0
3567,224,4,5577,1,80,0
3568,225,3,3266,0,261,0
3569,225,4,5344,1,125,0
3570,225,4,5495,1,110,0
3571,225,4,4407,1,803,0
3572,225,4,5392,1,120,0
3573,225,4,5653,1,65,0
3574,225,4,5199,1,152,0
3575,225,4,5680,1,58,0
3576,225,2,2391,0,192,0
3577,225,4,5337,1,124,0
3578,225,4,4925,1,254,0
3579,225,1,1229,0,146,0
3580,225,4,5299,1,126,0
3581,225,3,3273,0,514,0
3582,225,4,5620,1,78,0
3583,225,1,1314,0,152,0
3584,225,4,5625,1,76,0
3585,226,4,5426,1,105,0
3586,226,4,5573,1,85,0
3587,226,4,5582,1,82,0
3588,226,4,5562,1,106,0
3589,226,1,1311,0,158,0
3590,226,0,186,0,136,0
3591,226,4,5404,1,109,0
3592,226,4,5647,1,70,0
3593,226,4,5502,1,97,0
3594,226,3,3163,0,194,0
3595,226,4,4731,1,450,0
3596,226,4,5049,1,179,0
3597,226,4,4891,1,216,0
3598,226,4,5535,1,84,0
3599,226,4,5573,1,82,0
3600,226,0,99,0,108,1
3601,226,4,4588,1,286,0
3602,226,4,5550,1,86,0
3603,226,4,5580,1,81,0
3604,226,4,5106,1,314,0
3605,226,4,5611,1,69,0
3606,227,4,5321,1,173,0
3607,227,4,5655,1,67,0
3608,227,4,5412,1,121,0
3609,227,4,5461,1,101,0
3610,227,0,187,0,131,0
3611,227,2,2195,0,284,0
3612,227,4,5571,1,87,0
3613,227,4,5526,1,93,0
3614,227,2,2381,0,213,0
3615,227,4,5500,1,90,0
3616,227,4,4939,1,213,0
3617,227,4,5378,1,113,0
3618,227,4,5086,1,179,0
3619,227,4,5622,1,68,0
3620,227,4,4701,1,453,0
3621,227,4,5539,1,89,0
3622,227,4,5585,1,74,0
3623,227,4,5462,1,99,0
3624,227,4,5451,1,101,0
3625,227,4,5415,1,126,0
3626,227,4,5315,1,164,0
3627,227,2,2227,0,185,0
3628,228,4,5638,1,67,0
3629,228,1,1158,0,143,0
3630,228,4,5027,1,225,0
3631,228,4,5515,1,91,0
3632,228,4,5629,1,70,0
3633,228,4,5622,1,68,0
3634,228,4,5370,1,121,0
3635,228,4,5484,1,103,0
3636,228,4,5244,1,211,0
3637,228,3,3466,0,181,0
3638,228,4,5551,1,88,0
3639,228,4,5385,1,122,0
3640,228,4,4951,1,208,0
3641,228,4,5501,1,89,0
3642,228,4,5500,1,94,0
3643,228,4,5635,1,73,0
3644,228,2,2464,0,232,0
3645,228,3,3475,0,750,0
3646,228,4,5622,1,70,0
3647,229,4,5255,1,150,0
3648,229,1,1067,0,299,0
3649,229,4,5258,1,147,0
3650,229,4,5315,1,128,0
3651,229,4,5486,1,93,0
3652,229,4,5272,1,149,0
3653,229,2,2441,0,159,0
3654,229,4,4186,1,399,0
3655,229,4,5085,1,184,0
3656,229,4,5542,1,84,0
3657,229,3,3434,0,195,0
3658,229,4,5531,1,93,0
3659,229,4,5690,1,56,0
3660,229,4,5499,1,89,0
3661,229,4,5264,1,191,0
3662,229,4,5455,1,99,0
3663,229,4,5299,1,123,0
3664,229,4,5354,1,169,0
3665,229,4,5404,1,128,0
3666,229,4,5104,1,170,0
3667,229,4,5339,1,123,0
3668,230,4,4049,1,456,0
3669,230,4,4696,1,290,0
3670,230,4,5695,1,52,0
3671,230,4,5582,1,78,0
3672,230,1,1250,0,247,0
3673,230,4,5616,1,73,0
3674,230,4,5529,1,98,0
3675,230,4,5296,1,157,0
3676,230,4,5449,1,101,0
3677,230,4,5437,1,129,0
3678,230,4,5487,1,96,0
3679,230,4,5307,1,152,0
3680,230,4,5521,1,90,0
3681,230,4,5667,1,57,0
3682,230,3,3372,0,233,0
3683,230,4,5320,1,126,0
3684,230,4,5333,1,171,0
3685,230,4,5555,1,88,0
3686,230,4,5574,1,79,0
3687,230,4,5127,1,167,0
3688,230,1,1322,0,148,0
3689,231,4,5117,1,205,0
3690,231,4,5255,1,158,0
3691,231,4,5425,1,106,0
3692,231,4,5403,1,118,0
3693,231,4,5433,1,103,0
3694,231,4,5432,1,124,0
3695,231,4,5596,1,71,0
3696,231,4,5375,1,115,0
3697,231,4,5643,1,66,0
3698,231,2,2332,0,174,0
3699,231,4,5355,1,121,0
3700,231,0,99,0,108,1
3701,231,4,5047,1,245,0
3702,231,4,5430,1,100,0
3703,231,4,5424,1,118,0
3704,231,4,5238,1,173,0
3705,231,4,5343,1,128,0
3706,231,1,1230,0,238,0
3707,231,4,5362,1,153,0
3708,231,4,5206,1,217,0
3709,231,4,4836,1,249,0
3710,231,4,5535,1,82,0
3711,231,4,5444,1,101,0
3712,232,4,5544,1,86,0
3713,232,4,5491,1,93,0
3714,232,4,5635,1,75,0
3715,232,4,5502,1,93,0
3716,232,4,5587,1,75,0
3717,232,4,5441,1,100,0
3718,232,4,5560,1,80,0
3719,232,4,5657,1,60,0
3720,232,4,5611,1,71,0
3721,232,4,5566,1,80,0
3722,232,4,5413,1,122,0
3723,232,4,5514,1,89,0
3724,232,4,5630,1,66,0
3725,232,4,5392,1,141,0
3726,232,4,5559,1,85,0
3727,232,4,5592,1,74,0
3728,232,4,5582,1,77,0
3729,232,4,5622,1,68,0
3730,232,4,4938,1,297,0
3731,232,4,5205,1,146,0
3732,232,4,5111,1,162,0
3733,232,4,5241,1,167,0
3734,232,4,5457,1,146,0
3735,232,4,5268,1,137,0
3736,232,4,5631,1,63,0
3737,232,4,5274,1,136,0
3738,232,4,5574,1,76,0
3739,232,4,5519,1,109,0
3740,232,4,5683,1,60,0
3741,233,1,1303,0,154,0
3742,233,4,4405,1,928,0
3743,233,4,5469,1,123,0
3744,233,4,5252,1,181,0
3745,233,4,5616,1,69,0
3746,233,4,5399,1,111,0
3747,233,4,5643,1,63,0
3748,233,4,5165,1,195,0
3749,233,4,5125,1,309,0
3750,233,4,5592,1,78,0
3751,233,4,5531,1,82,0
3752,233,4,4892,1,282,0
3753,233,4,5633,1,78,0
3754,233,4,5170,1,218,0
3755,233,4,5464,1,96,0
3756,233,4,5652,1,66,0
3757,234,3,3153,0,383,0
3758,234,4,5122,1,164,0
3759,234,4,5609,1,68,0
3760,234,4,5381,1,183,0
3761,234,4,5671,1,57,0
3762,234,2,2350,0,240,0
3763,234,4,5631,1,70,0
3764,234,4,5254,1,136,0
3765,234,4,5409,1,110,0
3766,234,4,5437,1,99,0
3767,234,4,4429,1,322,0
3768,234,4,5630,1,69,0
3769,234,4,4687,1,274,0
3770,234,4,5107,1,205,0
3771,234,4,5538,1,86,0
3772,234,4,5217,1,151,0
3773,234,4,5642,1,65,0
3774,234,4,5538,1,85,0
3775,234,4,5305,1,137,0
3776,234,4,5436,1,104,0
3777,234,4,5536,1,85,0
3778,234,4,5452,1,122,0
3779,235,4,5339,1,129,0
3780,235,4,5558,1,81,0
3781,235,4,5612,1,79,0
3782,235,0,99,0,227,0
3783,235,0,99,0,122,0
3784,235,4,5260,1,159,0
3785,235,4,5176,1,174,0
3786,235,4,5560,1,81,0
3787,235,4,4794,1,321,0
3788,235,4,5637,1,65,0
3789,235,4,4919,1,306,0
3790,235,4,5478,1,96,0
3791,235,4,5137,1,180,0
3792,235,4,5644,1,64,0
3793,235,4,5402,1,108,0
3794,235,4,5390,1,133,0
3795,235,4,5651,1,63,0
3796,235,4,5587,1,96,0
3797,235,4,5386,1,157,0
3798,235,4,4649,1,260,0
3799,235,4,5241,1,160,0
3800,235,0,99,0,108,1
3801,235,4,5611,1,74,0
3802,236,3,3420,0,173,0
3803,236,4,5294,1,173,0
3804,236,1,1172,0,368,0
3805,236,4,5595,1,71,0
3806,236,4,5587,1,73,0
3807,236,4,5486,1,97,0
3808,236,4,5122,1,206,0
3809,236,4,5482,1,95,0
3810,236,3,3574,0,202,0
3811,236,4,5665,1,61,0
3812,236,4,5447,1,102,0
3813,236,4,5297,1,167,0
3814,236,4,5666,1,61,0
3815,236,2,2326,0,189,0
3816,236,4,5601,1,69,0
3817,236,4,5292,1,156,0
3818,236,4,5687,1,55,0
3819,236,4,5502,1,94,0
3820,236,4,5350,1,142,0
3821,236,4,5499,1,130,0
3822,236,4,5379,1,120,0
3823,236,4,5478,1,103,0
3824,236,4,5138,1,196,0
3825,236,4,5506,1,94,0
3826,237,2,2330,0,229,0
3827,237,4,5423,1,113,0
3828,237,4,5246,1,164,0
3829,237,1,1250,0,227,0
3830,237,4,5200,1,280,0
3831,237,4,5447,1,110,0
3832,237,4,4837,1,227,0
3833,237,4,5537,1,85,0
3834,237,4,4769,1,275,0
3835,237,3,3269,0,472,0
3836,237,4,5528,1,103,0
3837,237,4,5453,1,101,0
3838,237,4,5605,1,69,0
3839,237,4,5193,1,171,0
3840,237,4,5563,1,79,0
3841,237,4,5581,1,74,0
3842,237,4,5472,1,114,0
3843,237,4,5373,1,113,0
3844,237,4,5259,1,140,0
3845,237,4,5547,1,93,0
3846,238,4,5091,1,170,0
3847,238,4,5651,1,63,0
3848,238,4,5434,1,143,0
3849,238,4,5274,1,194,0
3850,238,4,5407,1,119,0
3851,238,4,5468,1,109,0
3852,238,4,5451,1,101,0
3853,238,4,5241,1,163,0
3854,238,4,5463,1,116,0
3855,238,4,5525,1,89,0
3856,238,4,5510,1,114,0
3857,238,4,5484,1,92,0
3858,238,4,5578,1,74,0
3859,238,4,5668,1,58,0
3860,238,4,5367,1,119,0
3861,238,0,0,0,128,0
3862,238,4,4918,1,458,0
3863,238,4,5466,1,95,0
3864,238,2,2498,0,431,0
3865,238,4,5252,1,141,0
3866,238,4,5396,1,110,0
3867,238,4,5669,1,61,0
3868,239,4,5404,1,110,0
3869,239,4,5247,1,174,0
3870,239,4,5228,1,142,0
3871,239,4,5584,1,75,0
3872,239,4,5548,1,97,0
3873,239,4,5549,1,82,0
3874,239,4,5695,1,52,0
3875,239,4,5443,1,102,0
3876,239,4,5541,1,85,0
3877,239,4,5063,1,175,0
3878,239,1,1280,0,134,0
3879,239,4,5409,1,120,0
3880,239,4,5560,1,78,0
3881,239,4,5617,1,72,0
3882,239,4,5221,1,182,0
3883,239,4,5387,1,109,0
3884,239,4,5442,1,101,0
3885,239,4,5417,1,119,0
3886,239,4,5467,1,96,0
3887,239,3,3333,0,362,0
3888,239,4,5566,1,81,0
3889,239,4,5622,1,72,0
3890,239,4,5618,1,69,0
3891,239,4,5357,1,187,0
3892,239,4,5538,1,126,0
3893,240,2,2166,0,325,0
3894,240,4,5458,1,110,0
3895,240,4,5518,1,85,0
3896,240,4,5269,1,132,0
3897,240,4,5653,1,61,0
3898,240,4,5695,1,52,0
3899,240,4,5306,1,131,0
3900,240,0,99,0,108,1
3901,240,4,5067,1,364,0
3902,240,4,4903,1,208,0
3903,240,4,5358,1,116,0
3904,240,4,5476,1,92,0
3905,240,4,5579,1,77,0
3906,240,4,5634,1,65,0
3907,240,1,1363,0,164,0
3908,240,1,1201,0,139,0
3909,240,4,5616,1,71,0
3910,240,4,5665,1,62,0
3911,240,4,5490,1,102,0
3912,240,4,5336,1,130,0
3913,240,4,5497,1,92,0
3914,240,4,5664,1,61,0
3915,240,4,5571,1,83,0
3916,240,1,1262,0,165,0
3917,240,4,5625,1,68,0
3918,240,4,5624,1,82,0
3919,240,4,5311,1,127,0
3920,240,4,5631,1,70,0
3921,241,4,5483,1,92,0
3922,241,4,4916,1,209,0
3923,241,4,5449,1,99,0
3924,241,4,5551,1,90,0
3925,241,4,5277,1,139,0
3926,241,4,5429,1,128,0
3927,241,4,5606,1,90,0
3928,241,4,5603,1,72,0
3929,241,4,5592,1,72,0
3930,241,4,5423,1,128,0
3931,241,4,5269,1,151,0
3932,241,4,5266,1,143,0
3933,241,4,5357,1,119,0
3934,241,4,5256,1,196,0
3935,241,4,5482,1,98,0
3936,241,4,5328,1,120,0
3937,241,4,5388,1,118,0
3938,241,4,5141,1,167,0
3939,241,4,5128,1,238,0
3940,241,4,5339,1,153,0
3941,241,3,3286,0,264,0
3942,241,4,5582,1,75,0
3943,241,4,5667,1,62,0
3944,241,4,5701,1,53,0
3945,242,4,5149,1,167,0
3946,242,4,5418,1,112,0
3947,242,4,5516,1,87,0
3948,242,4,5490,1,93,0
3949,242,4,5434,1,103,0
3950,242,4,5642,1,76,0
3951,242,4,5506,1,107,0
3952,242,4,5542,1,96,0
3953,242,4,5607,1,68,0
3954,242,2,2368,0,188,0
3955,242,4,5283,1,141,0
3956,242,4,4844,1,222,0
3957,242,4,5357,1,122,0
3958,242,4,5455,1,104,0
3959,242,4,5306,1,126,0
3960,242,4,5219,1,168,0
3961,242,4,5388,1,137,0
3962,242,4,5451,1,106,0
3963,242,1,1362,0,211,0
3964,242,4,5273,1,138,0
3965,242,4,5349,1,133,0
3966,242,4,5341,1,118,0
3967,242,4,5296,1,136,0
3968,242,4,5341,1,129,0
3969,243,2,2148,0,260,0
3970,243,4,5221,1,162,0
3971,243,4,5323,1,126,0
3972,243,4,5521,1,85,0
3973,243,2,2385,0,165,0
3974,243,4,5510,1,123,0
3975,243,4,4928,1,240,0
3976,243,4,5272,1,156,0
3977,243,4,5599,1,78,0
3978,243,4,5508,1,101,0
3979,243,4,5645,1,66,0
3980,243,4,4793,1,272,0
3981,243,4,5543,1,87,0
3982,243,4,5150,1,180,0
3983,243,4,5548,1,92,0
3984,243,4,5652,1,63,0
3985,243,4,5593,1,74,0
3986,243,1,1355,0,321,0
3987,243,4,5623,1,66,0
3988,243,4,5446,1,106,0
3989,243,3,3624,0,176,0
3990,243,4,5502,1,94,0
3991,243,4,5626,1,68,0
3992,243,4,5326,1,145,0
3993,243,4,5486,1,120,0
3994,244,4,5466,1,102,0
3995,244,4,5226,1,198,0
3996,244,4,5297,1,137,0
3997,244,4,5428,1,122,0
3998,244,4,5539,1,96,0
3999,244,4,5014,1,182,0
4000,244,0,99,0,108,1
4001,244,3,3248,0,233,0
