1,0,0,83,0,324,0
2,0,0,266,0,291,0
3,0,0,270,0,203,0
4,1,0,180,0,319,0
5,1,0,255,0,301,0
6,1,0,276,0,304,0
7,1,2,2203,0,317,0
8,1,2,1896,0,470,0
9,1,0,90,0,220,0
10,1,1,1236,0,217,0
11,1,1,1124,0,296,0
12,1,1,1047,0,279,0
13,1,0,0,0,168,0
14,2,1,1101,0,400,0
15,2,0,0,0,371,0
16,2,0,0,0,333,0
17,2,0,0,0,197,0
18,2,1,1183,0,348,0
19,2,2,2086,0,441,0
20,2,1,1245,0,164,0
21,2,0,0,0,202,0
22,2,0,0,0,142,0
23,2,0,89,0,128,0
24,2,0,0,0,361,0
25,3,1,1376,0,286,0
26,3,1,975,0,278,0
27,3,1,1159,0,389,0
28,3,0,0,0,207,0
29,3,0,0,0,516,0
30,3,1,947,0,351,0
31,3,0,93,0,205,0
32,3,1,1115,0,316,0
33,3,0,0,0,341,0
34,4,0,63,0,567,0
35,4,2,2422,0,221,0
36,4,0,256,0,283,0
37,4,3,3273,0,330,0
38,4,1,1035,0,433,0
39,4,0,99,0,117,0
40,4,0,99,0,146,0
41,4,0,99,0,160,0
42,4,0,99,0,221,0
43,4,0,177,0,283,0
44,4,0,99,0,211,0
45,4,0,99,0,381,0
46,5,2,2243,0,354,0
47,5,0,169,0,425,0
48,5,1,893,0,376,0
49,5,2,1824,0,668,0
50,5,1,1039,0,253,0
51,5,0,189,0,353,0
52,5,1,1355,0,210,0
53,5,1,1080,0,354,0
54,5,1,1447,0,304,0
55,6,1,1249,0,553,0
56,6,1,1239,0,166,0
57,6,1,1230,0,239,0
58,6,2,2299,0,483,0
59,6,1,1080,0,382,0
60,6,0,268,0,408,0
61,6,1,1362,0,348,0
62,6,1,1459,0,228,0
63,6,0,262,0,344,0
64,7,1,1434,0,380,0
65,7,1,1239,0,408,0
66,7,1,1317,0,221,0
67,7,2,1955,0,381,0
68,7,1,1194,0,636,0
69,7,0,192,0,337,0
70,7,1,1079,0,426,0
71,8,2,2463,0,455,0
72,8,0,188,0,177,0
73,8,1,1143,0,265,0
74,8,0,192,0,163,0
75,8,0,191,0,288,0
76,8,0,189,0,315,0
77,8,0,182,0,450,0
78,8,0,191,0,315,0
79,8,0,99,0,136,0
80,8,0,188,0,362,0
81,8,0,194,0,250,0
82,9,3,2145,0,687,0
83,9,2,2183,0,369,0
84,9,1,1201,0,385,0
85,9,1,1247,0,506,0
86,9,1,1186,0,260,0
87,9,0,281,0,325,0
88,9,2,2138,0,332,0
89,9,2,2110,0,357,0
90,10,0,187,0,313,0
91,10,1,1340,0,231,0
92,10,1,890,0,450,0
93,10,1,1231,0,234,0
94,10,0,189,0,354,0
95,10,0,194,0,287,0
96,10,0,193,0,275,0
97,10,3,2969,0,484,0
98,10,0,288,0,159,0
99,11,3,3380,0,337,0
100,11,0,99,0,106,1
101,11,2,2314,0,183,0
102,11,0,99,0,152,0
103,11,1,1311,0,205,0
104,11,3,2769,0,538,0
105,11,2,2281,0,391,0
106,11,2,2131,0,253,0
107,11,1,988,0,381,0
108,11,0,199,0,409,0
109,12,2,2433,0,702,0
110,12,1,1341,0,269,0
111,12,2,2419,0,472,0
112,12,3,2987,0,404,0
113,12,1,1286,0,172,0
114,12,2,2297,0,586,0
115,12,2,1990,0,442,0
116,13,2,2408,0,595,0
117,13,2,2024,0,798,0
118,13,2,2207,0,514,0
119,13,1,1277,0,254,0
120,13,1,1180,0,475,0
121,13,3,2891,0,520,0
122,13,1,1138,0,210,0
123,14,1,1175,0,624,0
124,14,1,1282,0,778,0
125,14,1,1174,0,162,0
126,14,0,99,0,140,0
127,14,1,1227,0,299,0
128,14,1,1075,0,457,0
129,14,2,1833,0,546,0
130,15,2,2077,0,421,0
131,15,1,1314,0,227,0
132,15,0,254,0,546,0
133,15,1,1131,0,581,0
134,15,0,188,0,254,0
135,15,2,2247,0,345,0
136,15,0,289,0,225,0
137,15,1,1229,0,364,0
138,15,1,1255,0,302,0
139,16,1,994,0,412,0
140,16,1,1250,0,535,0
141,16,2,2136,0,604,0
142,16,1,1189,0,504,0
143,16,1,1205,0,479,0
144,16,1,1125,0,370,0
145,16,0,271,0,244,0
146,17,2,2299,0,563,0
147,17,0,99,0,354,0
148,17,1,1331,0,186,0
149,17,1,1381,0,323,0
150,17,1,1312,0,176,0
151,17,2,2278,0,387,0
152,17,2,2135,0,1001,0
153,18,1,1188,0,333,0
154,18,2,2379,0,979,0
155,18,2,2334,0,583,0
156,18,2,2183,0,164,0
157,18,2,2077,0,1001,0
158,19,3,2918,0,786,0
159,19,2,2378,0,826,0
160,19,3,3113,0,269,0
161,19,2,2026,0,1001,0
162,19,2,2167,0,422,0
163,20,2,2038,0,681,0
164,20,2,2084,0,455,0
165,20,2,2073,0,502,0
166,20,2,2433,0,287,0
167,20,2,2381,0,468,0
168,20,1,1155,0,337,0
169,20,1,1245,0,221,0
170,20,1,1142,0,208,0
171,21,0,369,0,250,0
172,21,1,1262,0,325,0
173,21,1,1381,0,149,0
174,21,1,1101,0,292,0
175,21,1,1449,0,230,0
176,21,3,3168,0,557,0
177,21,3,3165,0,353,0
178,21,3,3175,0,473,0
179,21,0,99,0,136,0
180,21,1,1353,0,249,0
181,22,2,2380,0,708,0
182,22,2,2358,0,264,0
183,22,1,1364,0,795,0
184,22,1,1292,0,401,0
185,22,3,3202,0,441,0
186,23,3,2804,0,706,0
187,23,2,2460,0,525,0
188,23,2,2328,0,361,0
189,23,1,1146,0,149,0
190,23,0,99,0,167,0
191,23,3,3249,0,612,0
192,23,3,3183,0,585,0
193,23,1,1171,0,162,0
194,24,2,2130,0,905,0
195,24,2,2264,0,352,0
196,24,2,2323,0,486,0
197,24,3,3156,0,528,0
198,24,3,2989,0,577,0
199,25,2,2206,0,431,0
200,25,0,99,0,106,1
201,25,2,2140,0,663,0
202,25,2,2438,0,637,0
203,25,0,0,0,210,0
204,25,2,1975,0,1001,0
205,26,2,2082,0,317,0
206,26,2,2049,0,426,0
207,26,2,2350,0,485,0
208,26,2,2416,0,904,0
209,26,1,1267,0,272,0
210,26,2,2358,0,373,0
211,26,2,2255,0,408,0
212,27,3,3276,0,474,0
213,27,3,3314,0,498,0
214,27,2,2299,0,334,0
215,27,1,1365,0,197,0
216,27,0,187,0,155,0
217,27,0,99,0,146,0
218,27,2,2404,0,440,0
219,28,2,2394,0,896,0
220,28,3,3147,0,576,0
221,28,2,2319,0,323,0
222,28,2,2327,0,403,0
223,28,3,3068,0,662,0
224,28,3,3011,0,858,0
225,29,2,2165,0,231,0
226,29,2,2524,0,365,0
227,29,3,3097,0,618,0
228,29,0,99,0,145,0
229,29,3,3115,0,363,0
230,29,0,185,0,147,0
231,29,0,197,0,144,0
232,29,2,2228,0,853,0
233,30,2,2360,0,1001,0
234,30,4,4516,1,503,0
235,30,3,2951,0,1001,0
236,30,3,3209,0,488,0
237,31,2,2245,0,794,0
238,31,2,2379,0,189,0
239,31,3,3220,0,602,0
240,31,2,2180,0,478,0
241,31,3,3346,0,355,0
242,31,3,3332,0,243,0
243,31,3,3548,0,400,0
244,31,0,99,0,155,0
245,32,2,2124,0,242,0
246,32,3,3575,0,322,0
247,32,1,1186,0,231,0
248,32,2,2189,0,207,0
249,32,1,1165,0,205,0
250,32,1,1167,0,124,0
251,32,2,2537,0,167,0
252,32,3,3329,0,227,0
253,32,3,3332,0,379,0
254,32,3,3109,0,297,0
255,32,2,2188,0,215,0
256,32,2,2445,0,431,0
257,33,4,4471,1,519,0
258,33,3,3432,0,318,0
259,33,2,2320,0,183,0
260,33,2,2374,0,525,0
261,33,1,1287,0,173,0
262,33,2,2388,0,425,0
263,33,3,3171,0,364,0
264,33,0,99,0,147,0
265,33,2,2386,0,292,0
266,33,2,2178,0,263,0
267,34,3,3338,0,408,0
268,34,2,2380,0,294,0
269,34,3,3519,0,226,0
270,34,2,2531,0,170,0
271,34,2,2517,0,187,0
272,34,2,2392,0,957,0
273,34,1,1175,0,220,0
274,34,3,3615,0,281,0
275,34,1,1266,0,466,0
276,35,2,2386,0,289,0
277,35,3,3253,0,410,0
278,35,3,3479,0,323,0
279,35,2,2469,0,292,0
280,35,3,3586,0,273,0
281,35,3,3226,0,307,0
282,35,4,4861,1,317,0
283,35,2,2265,0,197,0
284,35,3,3431,0,163,0
285,35,4,5216,1,209,0
286,35,4,4995,1,265,0
287,36,3,3341,0,313,0
288,36,2,2309,0,208,0
289,36,4,4843,1,368,0
290,36,0,99,0,154,0
291,36,3,3252,0,287,0
292,36,3,3216,0,452,0
293,36,1,1190,0,278,0
294,36,3,3505,0,258,0
295,36,2,2348,0,412,0
296,36,2,2331,0,285,0
297,37,2,2196,0,443,0
298,37,2,2356,0,299,0
299,37,4,4898,1,352,0
300,37,0,99,0,106,1
301,37,4,5180,1,208,0
302,37,3,3490,0,249,0
303,37,2,2323,0,339,0
304,37,4,4889,1,311,0
305,37,1,1220,0,179,0
306,37,4,4889,1,283,0
307,37,1,1183,0,280,0
308,37,2,2310,0,279,0
309,38,2,2339,0,418,0
310,38,2,2110,0,301,0
311,38,3,3360,0,376,0
312,38,3,3502,0,265,0
313,38,4,5186,1,178,0
314,38,2,2308,0,238,0
315,38,4,5023,1,205,0
316,38,2,2372,0,314,0
317,38,2,2235,0,253,0
318,38,2,2492,0,165,0
319,38,3,3399,0,225,0
320,38,4,5343,1,146,0
321,39,4,4834,1,292,0
322,39,1,1336,0,267,0
323,39,4,5265,1,153,0
324,39,0,99,0,150,0
325,39,4,5062,1,284,0
326,39,4,4959,1,373,0
327,39,2,2486,0,188,0
328,39,4,4814,1,320,0
329,39,4,5211,1,174,0
330,39,4,5361,1,143,0
331,39,4,5078,1,208,0
332,39,4,4864,1,311,0
333,39,2,2350,0,340,0
334,39,2,2405,0,206,0
335,40,3,3256,0,238,0
336,40,1,1369,0,194,0
337,40,4,5074,1,253,0
338,40,2,2382,0,237,0
339,40,2,2382,0,238,0
340,40,1,1378,0,146,0
341,40,1,1383,0,310,0
342,40,3,3091,0,364,0
343,40,4,4781,1,286,0
344,40,2,2320,0,385,0
345,40,1,1339,0,202,0
346,40,1,1346,0,157,0
347,40,4,5120,1,194,0
348,41,4,5020,1,228,0
349,41,1,1344,0,170,0
350,41,0,195,0,140,0
351,41,1,1149,0,184,0
352,41,2,2346,0,261,0
353,41,2,2022,0,474,0
354,41,4,4767,1,427,0
355,41,4,5038,1,233,0
356,41,4,5488,1,121,0
357,41,2,2339,0,359,0
358,42,2,2300,0,655,0
359,42,2,2060,0,540,0
360,42,4,5143,1,206,0
361,42,2,2283,0,340,0
362,42,2,2312,0,633,0
363,42,1,1322,0,433,0
364,42,2,2137,0,549,0
365,43,1,1317,0,383,0
366,43,1,1254,0,378,0
367,43,2,2452,0,270,0
368,43,4,5404,1,127,0
369,43,4,4809,1,305,0
370,43,4,5192,1,175,0
371,43,4,5008,1,247,0
372,43,2,2342,0,236,0
373,43,4,5237,1,138,0
374,43,4,3810,1,582,0
375,43,2,2352,0,514,0
376,43,4,5379,1,146,0
377,44,4,5192,1,175,0
378,44,4,4879,1,282,0
379,44,4,5304,1,141,0
380,44,4,5169,1,194,0
381,44,2,2252,0,275,0
382,44,4,5477,1,131,0
383,44,2,2288,0,207,0
384,44,4,4207,1,725,0
385,44,0,99,0,178,0
386,44,4,5265,1,166,0
387,44,1,1231,0,162,0
388,44,2,2051,0,342,0
389,45,4,4609,1,285,0
390,45,4,5191,1,150,0
391,45,2,2162,0,335,0
392,45,1,1302,0,275,0
393,45,2,2298,0,192,0
394,45,2,1932,0,637,0
395,45,0,175,0,229,0
396,45,4,5392,1,149,0
397,45,4,5320,1,187,0
398,45,2,2525,0,154,0
399,45,2,2439,0,201,0
400,45,0,99,0,106,1
401,45,2,2331,0,238,0
402,45,4,5092,1,208,0
403,46,4,5055,1,214,0
404,46,4,5357,1,133,0
405,46,2,2137,0,509,0
406,46,4,5273,1,177,0
407,46,3,3397,0,230,0
408,46,2,2355,0,276,0
409,46,2,2261,0,269,0
410,46,1,1343,0,124,0
411,46,2,2458,0,309,0
412,46,3,3311,0,231,0
413,46,4,5431,1,141,0
414,46,3,3594,0,188,0
415,46,4,5193,1,179,0
416,47,4,4770,1,267,0
417,47,1,1372,0,437,0
418,47,4,5321,1,144,0
419,47,4,5461,1,111,0
420,47,1,1300,0,200,0
421,47,1,1263,0,162,0
422,47,0,92,0,186,0
423,47,2,2269,0,232,0
424,47,1,1366,0,137,0
425,47,4,4629,1,513,0
426,47,3,3227,0,667,0
427,48,2,2350,0,296,0
428,48,4,5623,1,72,0
429,48,3,3219,0,250,0
430,48,2,2320,0,258,0
431,48,2,2450,0,246,0
432,48,4,5421,1,141,0
433,48,4,5403,1,124,0
434,48,3,3306,0,454,0
435,48,4,4458,1,385,0
436,48,4,4994,1,248,0
437,48,4,4447,1,397,0
438,48,4,4374,1,443,0
439,48,2,2373,0,174,0
440,49,4,5423,1,166,0
441,49,3,3311,0,264,0
442,49,2,2455,0,218,0
443,49,4,5510,1,100,0
444,49,1,1237,0,293,0
445,49,0,191,0,130,0
446,49,2,2276,0,179,0
447,49,1,1423,0,331,0
448,49,4,5348,1,148,0
449,49,4,5013,1,224,0
450,49,1,1368,0,238,0
451,49,2,2504,0,185,0
452,49,4,4944,1,254,0
453,49,4,5394,1,153,0
454,50,2,2255,0,322,0
455,50,2,2275,0,251,0
456,50,4,4665,1,363,0
457,50,1,1218,0,309,0
458,50,4,5179,1,178,0
459,50,2,2357,0,332,0
460,50,1,1364,0,361,0
461,50,1,1354,0,133,0
462,50,4,5571,1,80,0
463,50,2,2152,0,348,0
464,50,4,4996,1,233,0
465,50,4,4885,1,204,0
466,51,4,5481,1,104,0
467,51,4,4240,1,736,0
468,51,4,5498,1,103,0
469,51,4,4818,1,305,0
470,51,2,2305,0,209,0
471,51,2,2308,0,217,0
472,51,2,2264,0,219,0
473,51,4,5702,1,73,0
474,51,4,5357,1,169,0
475,51,4,5166,1,215,0
476,51,4,5079,1,230,0
477,52,2,2616,0,675,0
478,52,2,2525,0,151,0
479,52,2,2285,0,320,0
480,52,1,1269,0,232,0
481,52,4,5134,1,181,0
482,52,2,2557,0,260,0
483,52,2,1488,0,665,0
484,52,4,4268,1,448,0
485,52,2,2415,0,193,0
486,52,2,2463,0,347,0
487,53,2,2111,0,394,0
488,53,3,3307,0,178,0
489,53,1,961,0,402,0
490,53,2,2321,0,531,0
491,53,2,2264,0,377,0
492,53,1,1262,0,147,0
493,53,4,4942,1,241,0
494,53,4,4665,1,348,0
495,53,2,2187,0,273,0
496,53,4,5292,1,143,0
497,53,1,1345,0,235,0
498,54,4,5319,1,181,0
499,54,2,2243,0,155,0
500,54,0,99,0,103,1
501,54,4,5106,1,211,0
502,54,2,2486,0,384,0
503,54,2,2343,0,247,0
504,54,4,5193,1,213,0
505,54,4,5223,1,195,0
506,54,0,187,0,131,0
507,54,0,190,0,140,0
508,54,4,5392,1,127,0
509,54,4,4741,1,335,0
510,54,4,5417,1,127,0
511,54,4,4996,1,219,0
512,54,1,1301,0,204,0
513,55,4,5400,1,117,0
514,55,2,2091,0,380,0
515,55,1,1235,0,474,0
516,55,3,3494,0,150,0
517,55,4,4792,1,299,0
518,55,1,971,0,540,0
519,55,4,5254,1,181,0
520,55,3,3389,0,177,0
521,55,4,5138,1,219,0
522,55,4,5351,1,160,0
523,55,4,5595,1,96,0
524,55,4,5411,1,154,0
525,56,4,4916,1,256,0
526,56,4,5346,1,147,0
527,56,2,2321,0,244,0
528,56,1,1436,0,307,0
529,56,1,1414,0,432,0
530,56,2,2232,0,469,0
531,56,2,2386,0,237,0
532,56,2,2468,0,157,0
533,56,2,2542,0,177,0
534,56,2,2614,0,145,0
535,56,1,1319,0,164,0
536,57,2,2104,0,429,0
537,57,4,5594,1,104,0
538,57,4,5187,1,197,0
539,57,4,5391,1,153,0
540,57,4,5022,1,233,0
541,57,4,5336,1,141,0
542,57,4,5347,1,152,0
543,57,2,2440,0,226,0
544,57,0,99,0,144,0
545,57,4,5106,1,199,0
546,57,4,5222,1,162,0
547,57,4,5313,1,165,0
548,57,4,5266,1,163,0
549,57,4,4836,1,278,0
550,57,2,2160,0,376,0
551,57,4,5327,1,145,0
552,58,2,2402,0,201,0
553,58,4,4930,1,256,0
554,58,2,2395,0,515,0
555,58,2,2292,0,270,0
556,58,4,5157,1,193,0
557,58,4,5226,1,198,0
558,58,3,3363,0,160,0
559,58,4,5543,1,112,0
560,58,4,5374,1,129,0
561,58,4,5341,1,147,0
562,58,4,4576,1,372,0
563,58,3,3393,0,462,0
564,59,4,5019,1,231,0
565,59,4,5243,1,152,0
566,59,4,4610,1,344,0
567,59,3,3379,0,364,0
568,59,4,5456,1,109,0
569,59,2,2252,0,178,0
570,59,4,5235,1,162,0
571,59,3,3479,0,203,0
572,59,4,5235,1,170,0
573,59,4,5026,1,235,0
574,59,1,1368,0,279,0
575,59,3,3198,0,327,0
576,59,4,5257,1,180,0
577,60,1,1431,0,315,0
578,60,2,2492,0,155,0
579,60,1,1341,0,476,0
580,60,2,2377,0,439,0
581,60,2,2263,0,164,0
582,60,1,1471,0,152,0
583,60,2,2359,0,260,0
584,60,3,3154,0,369,0
585,60,0,195,0,299,0
586,60,4,4833,1,316,0
587,60,4,5644,1,72,0
588,60,4,5236,1,164,0
589,60,3,3327,0,158,0
590,61,1,1243,0,278,0
591,61,4,5383,1,133,0
592,61,4,5278,1,182,0
593,61,2,2529,0,165,0
594,61,1,1318,0,159,0
595,61,4,5553,1,80,0
596,61,4,5235,1,175,0
597,61,4,5331,1,148,0
598,61,2,2243,0,220,0
599,61,4,4543,1,490,0
600,61,0,99,0,103,1
601,61,4,5166,1,306,0
602,61,2,2242,0,170,0
603,61,4,5323,1,149,0
604,61,3,3570,0,249,0
605,62,4,4735,1,318,0
606,62,4,5130,1,231,0
607,62,4,5414,1,120,0
608,62,2,2194,0,231,0
609,62,2,2320,0,189,0
610,62,2,2224,0,224,0
611,62,1,1365,0,299,0
612,62,2,2418,0,161,0
613,62,0,88,0,163,0
614,62,4,5683,1,82,0
615,62,4,5371,1,132,0
616,62,4,4941,1,205,0
617,62,4,4506,1,327,0
618,62,4,5533,1,100,0
619,62,2,2339,0,180,0
620,62,1,1129,0,145,0
621,63,4,4882,1,266,0
622,63,2,2468,0,184,0
623,63,3,3574,0,163,0
624,63,2,2500,0,204,0
625,63,4,5279,1,178,0
626,63,4,4724,1,305,0
627,63,2,2183,0,375,0
628,63,4,5554,1,86,0
629,63,2,2178,0,196,0
630,63,4,5271,1,150,0
631,63,4,5610,1,73,0
632,63,4,5337,1,131,0
633,63,4,5572,1,88,0
634,63,4,5376,1,164,0
635,63,4,5155,1,156,0
636,63,4,4948,1,223,0
637,63,4,5557,1,88,0
638,64,2,2189,0,375,0
639,64,4,5603,1,75,0
640,64,1,1333,0,186,0
641,64,2,2382,0,195,0
642,64,4,4820,1,208,0
643,64,1,1308,0,193,0
644,64,4,5238,1,160,0
645,64,4,5015,1,225,0
646,64,2,2418,0,173,0
647,64,4,5556,1,106,0
648,64,4,5378,1,127,0
649,64,4,5252,1,146,0
650,64,3,3638,0,211,0
651,64,4,5442,1,109,0
652,64,4,5340,1,140,0
653,64,4,5384,1,117,0
654,64,4,5173,1,163,0
655,64,4,4832,1,281,0
656,65,4,4730,1,286,0
657,65,4,4229,1,362,0
658,65,4,5295,1,135,0
659,65,4,5441,1,116,0
660,65,4,4807,1,259,0
661,65,4,5061,1,184,0
662,65,4,5217,1,159,0
663,65,4,5596,1,77,0
664,65,4,5194,1,155,0
665,65,4,5727,1,71,0
666,65,2,2253,0,258,0
667,65,4,5332,1,138,0
668,65,4,5415,1,171,0
669,65,1,1131,0,272,0
670,65,2,2270,0,301,0
671,65,4,5374,1,123,0
672,66,4,5266,1,159,0
673,66,4,5583,1,92,0
674,66,1,1079,0,215,0
675,66,4,5209,1,151,0
676,66,2,2249,0,342,0
677,66,4,4703,1,316,0
678,66,3,3044,0,332,0
679,66,4,5037,1,210,0
680,66,4,4703,1,324,0
681,66,2,2242,0,198,0
682,66,4,4984,1,217,0
683,66,4,3966,1,467,0
684,67,4,4464,1,288,0
685,67,4,5097,1,189,0
686,67,4,5368,1,120,0
687,67,4,5282,1,149,0
688,67,4,5166,1,173,0
689,67,4,5083,1,195,0
690,67,4,5023,1,216,0
691,67,4,5222,1,162,0
692,67,2,2171,0,246,0
693,67,1,1122,0,167,0
694,67,0,99,0,341,0
695,67,4,5267,1,166,0
696,67,4,5339,1,145,0
697,67,4,4254,1,431,0
698,67,4,5098,1,171,0
699,68,3,3169,0,218,0
700,68,0,99,0,108,1
701,68,4,4796,1,238,0
702,68,4,5182,1,167,0
703,68,2,2241,0,184,0
704,68,4,5431,1,105,0
705,68,4,5203,1,171,0
706,68,4,4647,1,271,0
707,68,4,5501,1,117,0
708,68,4,5219,1,170,0
709,68,2,2143,0,222,0
710,68,4,5278,1,155,0
711,68,4,5171,1,186,0
712,68,4,5244,1,176,0
713,68,0,93,0,150,0
714,68,4,5436,1,114,0
715,68,4,5086,1,168,0
716,68,4,5298,1,157,0
717,68,4,5496,1,101,0
718,69,4,4695,1,309,0
719,69,4,5130,1,168,0
720,69,4,5213,1,177,0
721,69,4,5291,1,143,0
722,69,4,5229,1,150,0
723,69,1,1383,0,218,0
724,69,4,5185,1,163,0
725,69,4,5069,1,210,0
726,69,4,4801,1,286,0
727,69,4,4487,1,361,0
728,69,4,5613,1,70,0
729,69,4,5335,1,150,0
730,69,4,5289,1,157,0
731,69,4,5012,1,196,0
732,69,4,5178,1,175,0
733,69,4,5542,1,94,0
734,69,4,5387,1,128,0
735,69,4,5536,1,90,0
736,70,4,4387,1,350,0
737,70,4,5256,1,149,0
738,70,4,5395,1,132,0
739,70,1,1129,0,178,0
740,70,4,5029,1,236,0
741,70,1,1224,0,165,0
742,70,4,5294,1,118,0
743,70,4,5075,1,182,0
744,70,2,2345,0,284,0
745,70,0,187,0,149,0
746,70,4,3575,1,675,0
747,70,4,4943,1,225,0
748,70,4,5061,1,184,0
749,70,4,5358,1,128,0
750,71,4,5063,1,210,0
751,71,4,5308,1,132,0
752,71,4,4897,1,261,0
753,71,4,5265,1,143,0
754,71,4,5279,1,138,0
755,71,4,5435,1,114,0
756,71,1,1157,0,140,0
757,71,4,5018,1,212,0
758,71,4,5167,1,164,0
759,71,1,1216,0,331,0
760,71,4,4931,1,224,0
761,71,4,5623,1,91,0
762,71,3,3269,0,204,0
763,71,4,5326,1,135,0
764,71,4,4531,1,519,0
765,71,4,5135,1,174,0
766,72,4,4648,1,313,0
767,72,4,5368,1,126,0
768,72,4,4474,1,358,0
769,72,4,5252,1,151,0
770,72,4,5166,1,163,0
771,72,4,4965,1,243,0
772,72,4,5068,1,221,0
773,72,4,4261,1,423,0
774,72,4,5460,1,133,0
775,72,4,4196,1,462,0
776,72,4,5627,1,70,0
777,72,4,5321,1,133,0
778,72,3,3445,0,172,0
779,72,4,4818,1,247,0
780,73,4,4883,1,243,0
781,73,4,5186,1,199,0
782,73,4,5336,1,132,0
783,73,4,4853,1,266,0
784,73,4,5050,1,209,0
785,73,4,5173,1,176,0
786,73,4,4876,1,270,0
787,73,4,5387,1,125,0
788,73,2,2197,0,268,0
789,73,4,4682,1,319,0
790,73,4,5582,1,74,0
791,73,4,5461,1,125,0
792,73,1,1112,0,251,0
793,73,4,4788,1,273,0
794,74,4,5485,1,108,0
795,74,4,5052,1,210,0
796,74,4,5148,1,148,0
797,74,4,5598,1,74,0
798,74,4,4932,1,244,0
799,74,4,5405,1,122,0
800,74,0,99,0,108,1
801,74,4,5072,1,310,0
802,74,4,5636,1,68,0
803,74,4,5147,1,192,0
804,74,4,5278,1,141,0
805,74,4,4939,1,246,0
806,74,3,2839,0,447,0
807,74,4,5170,1,170,0
808,74,4,5610,1,70,0
809,74,1,1265,0,163,0
810,74,3,3232,0,255,0
811,75,4,5380,1,120,0
812,75,4,5588,1,82,0
813,75,4,5385,1,139,0
814,75,4,5390,1,114,0
815,75,4,5242,1,159,0
816,75,4,5548,1,84,0
817,75,4,5521,1,87,0
818,75,4,5067,1,199,0
819,75,4,5304,1,179,0
820,75,4,5164,1,171,0
821,75,4,5003,1,197,0
822,75,4,4806,1,279,0
823,75,4,5219,1,157,0
824,75,4,5455,1,102,0
825,75,4,4701,1,258,0
826,75,4,5047,1,187,0
827,75,4,5282,1,144,0
828,75,4,5244,1,189,0
829,76,4,4615,1,365,0
830,76,4,4986,1,232,0
831,76,4,5118,1,204,0
832,76,4,5053,1,196,0
833,76,4,5198,1,177,0
834,76,4,5129,1,208,0
835,76,4,5344,1,145,0
836,76,4,5474,1,103,0
837,76,4,3887,1,502,0
838,76,4,5499,1,99,0
839,76,4,4998,1,237,0
840,76,4,5154,1,184,0
841,76,3,3495,0,186,0
842,76,4,4715,1,344,0
843,77,4,4979,1,289,0
844,77,4,5041,1,203,0
845,77,2,2059,0,535,0
846,77,4,5424,1,139,0
847,77,1,1212,0,156,0
848,77,4,5390,1,140,0
849,77,4,4866,1,221,0
850,77,4,5161,1,224,0
851,77,4,5094,1,203,0
852,77,4,5157,1,300,0
853,77,4,4420,1,403,0
854,77,4,4655,1,322,0
855,78,2,2089,0,440,0
856,78,4,4884,1,259,0
857,78,2,2075,0,219,0
858,78,4,5137,1,160,0
859,78,4,4761,1,341,0
860,78,4,5242,1,162,0
861,78,4,4405,1,376,0
862,78,4,5056,1,189,0
863,78,4,5455,1,164,0
864,78,4,5438,1,107,0
865,78,4,4869,1,268,0
866,78,4,5335,1,168,0
867,78,4,4897,1,240,0
868,79,4,5242,1,199,0
869,79,4,5217,1,168,0
870,79,4,4951,1,208,0
871,79,4,5050,1,244,0
872,79,4,4711,1,310,0
873,79,4,5366,1,152,0
874,79,4,4120,1,485,0
875,79,4,5140,1,188,0
876,79,4,4957,1,217,0
877,79,4,5439,1,111,0
878,79,2,2428,0,235,0
879,79,4,5218,1,150,0
880,79,0,99,0,126,0
881,79,4,5531,1,94,0
882,79,4,4700,1,274,0
883,80,2,2258,0,317,0
884,80,2,2156,0,349,0
885,80,4,5045,1,221,0
886,80,4,5143,1,173,0
887,80,4,5256,1,164,0
888,80,3,3461,0,225,0
889,80,4,5015,1,222,0
890,80,1,1127,0,148,0
891,80,0,99,0,205,0
892,80,4,5135,1,177,0
893,80,2,2289,0,307,0
894,80,4,4298,1,439,0
895,80,4,5393,1,121,0
896,81,1,1237,0,260,0
897,81,4,5419,1,107,0
898,81,4,5013,1,215,0
899,81,4,5372,1,160,0
900,81,0,99,0,108,1
901,81,4,4787,1,268,0
902,81,4,4701,1,310,0
903,81,4,4648,1,339,0
904,81,4,5205,1,176,0
905,81,4,5082,1,197,0
906,81,4,5056,1,179,0
907,81,4,5173,1,169,0
908,81,4,5280,1,188,0
909,81,4,5290,1,188,0
910,81,2,2329,0,318,0
911,81,4,5406,1,128,0
912,82,4,5302,1,142,0
913,82,3,3264,0,185,0
914,82,4,3809,1,454,0
915,82,4,5337,1,125,0
916,82,4,5336,1,172,0
917,82,4,5557,1,78,0
918,82,4,5334,1,185,0
919,82,4,5396,1,123,0
920,82,4,5517,1,94,0
921,82,3,3288,0,231,0
922,82,4,4326,1,401,0
923,82,4,5523,1,88,0
924,82,4,4916,1,242,0
925,82,4,5118,1,196,0
926,82,4,5104,1,210,0
927,82,4,5033,1,200,0
928,82,4,5501,1,90,0
929,83,4,5274,1,149,0
930,83,3,2879,0,367,0
931,83,1,1317,0,259,0
932,83,4,5598,1,74,0
933,83,4,5246,1,153,0
934,83,4,5218,1,134,0
935,83,4,4456,1,339,0
936,83,4,5300,1,150,0
937,83,3,3648,0,162,0
938,83,3,2648,0,512,0
939,83,2,2126,0,332,0
940,83,1,1240,0,150,0
941,83,0,89,0,164,0
942,83,4,4841,1,257,0
943,84,0,194,0,146,0
944,84,4,5247,1,160,0
945,84,2,2305,0,245,0
946,84,2,2291,0,255,0
947,84,4,4443,1,397,0
948,84,4,5343,1,141,0
949,84,1,1276,0,223,0
950,84,4,5311,1,160,0
951,84,4,4897,1,249,0
952,84,4,5498,1,92,0
953,84,4,5435,1,111,0
954,84,2,2247,0,288,0
955,84,4,5572,1,88,0
956,84,4,5249,1,161,0
957,85,2,2241,0,283,0
958,85,4,5034,1,200,0
959,85,4,5174,1,151,0
960,85,3,3343,0,206,0
961,85,4,5495,1,110,0
962,85,4,4779,1,288,0
963,85,4,4978,1,241,0
964,85,1,1271,0,304,0
965,85,4,5500,1,95,0
966,85,0,99,0,194,0
967,85,2,2145,0,417,0
968,85,4,5101,1,199,0
969,85,1,1218,0,458,0
970,85,4,4801,1,243,0
971,86,4,5238,1,187,0
972,86,4,5188,1,171,0
973,86,2,2067,0,230,0
974,86,4,5112,1,206,0
975,86,2,2157,0,485,0
976,86,4,4787,1,258,0
977,86,4,5204,1,152,0
978,86,4,5312,1,139,0
979,86,2,2237,0,289,0
980,86,4,5599,1,93,0
981,86,4,4881,1,241,0
982,86,4,4948,1,202,0
983,86,4,4853,1,293,0
984,86,4,4799,1,259,0
985,87,4,5260,1,154,0
986,87,4,5116,1,191,0
987,87,4,4612,1,332,0
988,87,4,5360,1,139,0
989,87,4,5097,1,193,0
990,87,4,4874,1,253,0
991,87,4,5539,1,86,0
992,87,3,3498,0,200,0
993,87,4,4232,1,428,0
994,87,4,4572,1,315,0
995,87,4,4825,1,290,0
996,87,4,5455,1,110,0
997,87,4,5644,1,87,0
998,88,4,4400,1,354,0
999,88,4,5354,1,128,0
1000,88,0,99,0,1001,1
1001,88,4,5470,1,103,0
1002,88,4,5595,1,78,0
1003,88,4,5606,1,91,0
1004,88,4,5588,1,79,0
1005,88,4,5379,1,121,0
1006,88,2,2236,0,238,0
1007,88,4,5482,1,108,0
1008,88,4,5574,1,77,0
1009,88,1,1268,0,171,0
1010,88,4,5350,1,116,0
1011,88,4,5615,1,77,0
1012,88,2,2262,0,172,0
1013,88,4,5052,1,202,0
1014,88,4,5491,1,98,0
1015,89,2,2415,0,194,0
1016,89,4,5339,1,115,0
1017,89,2,2272,0,304,0
1018,89,4,5292,1,147,0
1019,89,4,5466,1,107,0
1020,89,4,5587,1,79,0
1021,89,4,5521,1,83,0
1022,89,4,5477,1,93,0
1023,89,4,5116,1,231,0
1024,89,3,3453,0,207,0
1025,89,4,4865,1,214,0
1026,89,2,2336,0,195,0
1027,89,4,5069,1,178,0
1028,89,1,1193,0,147,0
1029,89,4,5176,1,163,0
1030,89,4,5410,1,115,0
1031,89,4,5302,1,138,0
1032,89,4,5314,1,136,0
1033,89,4,5533,1,84,0
1034,90,4,5423,1,129,0
1035,90,4,5376,1,129,0
1036,90,4,4969,1,219,0
1037,90,4,5340,1,134,0
1038,90,4,4797,1,255,0
1039,90,1,1117,0,195,0
1040,90,4,4989,1,211,0
1041,90,4,5332,1,155,0
1042,90,4,5010,1,234,0
1043,90,4,4532,1,349,0
1044,90,1,1131,0,160,0
1045,90,4,5335,1,130,0
1046,90,1,1345,0,248,0
1047,90,1,1232,0,300,0
1048,90,4,5288,1,170,0
1049,91,4,5175,1,154,0
1050,91,4,4719,1,282,0
1051,91,4,4974,1,228,0
1052,91,4,5060,1,212,0
1053,91,4,5054,1,211,0
1054,91,1,1318,0,218,0
1055,91,4,4426,1,359,0
1056,91,4,5006,1,203,0
1057,91,4,4572,1,342,0
1058,91,4,4030,1,504,0
1059,91,4,4821,1,260,0
1060,92,4,4757,1,284,0
1061,92,4,4931,1,242,0
1062,92,1,1113,0,166,0
1063,92,1,1279,0,230,0
1064,92,4,4272,1,429,0
1065,92,4,5076,1,222,0
1066,92,4,4696,1,316,0
1067,92,0,95,0,223,0
1068,92,4,4895,1,235,0
1069,92,4,5113,1,193,0
1070,92,2,2019,0,487,0
1071,93,4,4689,1,316,0
1072,93,4,4578,1,334,0
1073,93,4,4229,1,490,0
1074,93,4,5107,1,184,0
1075,93,4,4932,1,232,0
1076,93,4,4358,1,404,0
1077,93,4,5308,1,161,0
1078,93,4,4933,1,231,0
1079,93,4,5316,1,132,0
1080,93,3,3276,0,341,0
1081,93,4,5106,1,195,0
1082,93,4,5155,1,173,0
1083,93,4,5019,1,206,0
1084,94,2,2169,0,371,0
1085,94,4,4094,1,497,0
1086,94,4,4737,1,278,0
1087,94,4,5146,1,183,0
1088,94,4,3465,1,734,0
1089,94,4,5095,1,189,0
1090,94,4,4261,1,445,0
1091,94,4,4813,1,341,0
1092,94,1,1188,0,161,0
1093,95,4,4780,1,282,0
1094,95,4,4442,1,374,0
1095,95,4,4418,1,362,0
1096,95,4,4367,1,414,0
1097,95,4,4372,1,384,0
1098,95,4,5142,1,209,0
1099,95,4,5083,1,206,0
1100,96,0,99,0,1001,1
1101,96,3,2964,0,317,0
1102,96,3,3196,0,436,0
1103,96,4,4305,1,437,0
1104,96,4,4121,1,475,0
1105,96,1,1158,0,378,0
1106,96,4,4543,1,363,0
1107,96,3,2986,0,334,0
1108,96,4,4724,1,267,0
1109,97,4,4807,1,288,0
1110,97,4,5291,1,150,0
1111,97,2,1980,0,390,0
1112,97,0,94,0,253,0
1113,97,4,5433,1,112,0
1114,97,4,4540,1,347,0
1115,97,0,99,0,260,0
1116,97,1,1152,0,473,0
1117,97,4,4523,1,381,0
1118,97,4,4669,1,303,0
1119,98,4,4976,1,213,0
1120,98,4,4673,1,335,0
1121,98,4,5317,1,145,0
1122,98,4,4868,1,290,0
1123,98,4,4468,1,370,0
1124,98,2,2262,0,309,0
1125,98,4,4850,1,259,0
1126,98,4,4461,1,347,0
1127,98,4,3998,1,526,0
1128,99,1,1202,0,614,0
1129,99,2,2093,0,489,0
1130,99,4,5160,1,158,0
1131,99,4,4835,1,249,0
1132,99,4,5029,1,213,0
1133,99,3,3300,0,301,0
1134,99,4,4661,1,315,0
1135,99,4,5236,1,131,0
1136,99,4,4270,1,436,0
1137,99,4,5308,1,144,0
1138,99,4,4945,1,221,0
1139,99,4,5113,1,189,0
1140,100,4,4788,1,281,0
1141,100,4,4469,1,319,0
1142,100,4,4659,1,315,0
1143,100,4,4874,1,232,0
1144,100,0,99,0,260,0
1145,100,2,2196,0,308,0
1146,100,4,5224,1,149,0
1147,100,3,2744,0,475,0
1148,100,2,2150,0,306,0
1149,100,4,5143,1,175,0
1150,101,4,4203,1,432,0
1151,101,4,4835,1,276,0
1152,101,2,1949,0,632,0
1153,101,4,5093,1,206,0
1154,101,1,1256,0,737,0
1155,101,4,4440,1,344,0
1156,101,4,5423,1,136,0
1157,101,4,4721,1,282,0
1158,101,4,5161,1,209,0
1159,102,4,5080,1,207,0
1160,102,2,2171,0,278,0
1161,102,4,5042,1,205,0
1162,102,4,4509,1,307,0
1163,102,4,4364,1,358,0
1164,102,4,5251,1,161,0
1165,102,4,5038,1,202,0
1166,102,4,4264,1,457,0
1167,102,2,1895,0,410,0
1168,102,4,5200,1,189,0
1169,102,4,5312,1,132,0
1170,102,4,5135,1,208,0
1171,103,4,4721,1,263,0
1172,103,1,1078,0,289,0
1173,103,4,4935,1,249,0
1174,103,4,4698,1,264,0
1175,103,0,99,0,264,0
1176,103,4,5072,1,167,0
1177,103,2,2198,0,344,0
1178,103,4,4742,1,333,0
1179,103,2,2324,0,290,0
1180,103,4,4533,1,383,0
1181,103,1,1361,0,384,0
1182,104,4,5140,1,191,0
1183,104,4,5149,1,192,0
1184,104,4,5245,1,167,0
1185,104,4,4842,1,250,0
1186,104,4,5130,1,185,0
1187,104,2,2018,0,398,0
1188,104,4,3764,1,635,0
1189,104,4,5025,1,215,0
1190,104,2,2332,0,267,0
1191,104,4,4567,1,354,0
1192,104,4,4786,1,263,0
1193,105,2,1704,0,450,0
1194,105,2,2198,0,401,0
1195,105,4,4423,1,385,0
1196,105,4,4348,1,418,0
1197,105,2,2223,0,278,0
1198,105,4,4060,1,534,0
1199,105,4,4227,1,461,0
1200,106,0,99,0,1001,1
1201,106,4,4560,1,335,0
1202,106,4,4937,1,232,0
1203,106,4,4957,1,245,0
1204,106,4,5033,1,216,0
1205,106,4,4499,1,383,0
1206,106,4,4882,1,251,0
1207,106,4,5153,1,184,0
1208,106,2,2014,0,403,0
1209,107,2,2043,0,496,0
1210,107,4,4665,1,307,0
1211,107,4,4977,1,218,0
1212,107,4,4814,1,285,0
1213,107,4,5169,1,218,0
1214,107,4,4795,1,287,0
1215,107,4,4921,1,253,0
1216,107,4,5002,1,230,0
1217,107,2,2175,0,261,0
1218,107,2,1900,0,436,0
1219,107,4,4938,1,257,0
1220,108,4,4392,1,386,0
1221,108,2,2230,0,303,0
1222,108,4,5103,1,194,0
1223,108,4,4823,1,279,0
1224,108,4,4708,1,325,0
1225,108,4,5295,1,145,0
1226,108,4,4400,1,398,0
1227,108,4,4613,1,281,0
1228,108,4,4985,1,250,0
1229,108,4,4516,1,371,0
1230,108,4,5027,1,218,0
1231,109,2,2113,0,383,0
1232,109,4,4881,1,239,0
1233,109,4,4454,1,379,0
1234,109,4,3148,1,944,0
1235,109,1,1207,0,324,0
1236,109,4,4974,1,230,0
1237,109,4,4967,1,237,0
1238,109,4,4817,1,275,0
1239,109,4,4245,1,442,0
1240,110,4,4752,1,325,0
1241,110,4,4295,1,413,0
1242,110,4,5150,1,176,0
1243,110,2,2274,0,267,0
1244,110,4,4660,1,336,0
1245,110,4,4216,1,458,0
1246,110,4,4484,1,365,0
1247,110,4,5211,1,235,0
1248,110,4,5107,1,204,0
1249,110,2,2117,0,330,0
1250,111,2,2091,0,316,0
1251,111,4,5231,1,164,0
1252,111,4,4288,1,403,0
1253,111,4,4228,1,478,0
1254,111,4,3822,1,549,0
1255,111,1,1095,0,190,0
1256,111,3,3031,0,389,0
1257,111,4,4429,1,430,0
1258,112,4,4498,1,463,0
1259,112,4,5059,1,230,0
1260,112,2,1988,0,381,0
1261,112,2,2207,0,258,0
1262,112,4,5302,1,142,0
1263,112,4,4721,1,366,0
1264,112,4,4513,1,356,0
1265,112,4,4683,1,310,0
1266,112,4,4458,1,397,0
1267,112,4,5017,1,234,0
1268,112,4,4827,1,272,0
1269,113,0,99,0,239,0
1270,113,4,4501,1,439,0
1271,113,4,5219,1,161,0
1272,113,4,5179,1,188,0
1273,113,4,4335,1,403,0
1274,113,4,5027,1,268,0
1275,113,4,4742,1,345,0
1276,113,2,1811,0,547,0
1277,113,4,5422,1,126,0
1278,113,4,4907,1,274,0
1279,114,2,1953,0,442,0
1280,114,4,5081,1,211,0
1281,114,4,4720,1,367,0
1282,114,4,5001,1,278,0
1283,114,4,4510,1,364,0
1284,114,2,1986,0,418,0
1285,114,4,4969,1,243,0
1286,114,4,4890,1,270,0
1287,114,4,5105,1,199,0
1288,115,4,3749,1,645,0
1289,115,4,4730,1,315,0
1290,115,2,2171,0,278,0
1291,115,4,4833,1,334,0
1292,115,4,4408,1,419,0
1293,115,4,4339,1,548,0
1294,115,4,4261,1,451,0
1295,115,4,4648,1,361,0
1296,116,4,3499,1,625,0
1297,116,4,4996,1,237,0
1298,116,2,2195,0,378,0
1299,116,4,5183,1,282,0
1300,116,0,99,0,1001,1
1301,116,1,1111,0,225,0
1302,116,2,2321,0,244,0
1303,116,4,4418,1,436,0
1304,117,4,4388,1,422,0
1305,117,4,4331,1,404,0
1306,117,2,2310,0,273,0
1307,117,1,1303,0,255,0
1308,117,4,4546,1,405,0
1309,117,4,4546,1,340,0
1310,117,4,5397,1,142,0
1311,117,2,2214,0,316,0
1312,117,4,4654,1,475,0
1313,118,4,4524,1,342,0
1314,118,2,2298,0,350,0
1315,118,4,4299,1,449,0
1316,118,4,4694,1,314,0
1317,118,2,2138,0,422,0
1318,118,4,4804,1,280,0
1319,118,4,5169,1,198,0
1320,118,0,99,0,237,0
1321,118,4,4866,1,291,0
1322,118,4,4607,1,358,0
1323,118,4,5085,1,193,0
1324,119,4,4534,1,461,0
1325,119,4,4317,1,435,0
1326,119,4,4701,1,303,0
1327,119,4,5047,1,263,0
1328,119,2,2124,0,298,0
1329,119,4,4413,1,439,0
1330,119,4,4645,1,384,0
1331,119,4,5037,1,218,0
1332,119,4,4964,1,296,0
1333,120,4,3538,1,739,0
1334,120,4,4717,1,397,0
1335,120,4,4829,1,281,0
1336,120,2,2110,0,347,0
1337,120,4,3808,1,646,0
1338,120,4,4398,1,442,0
1339,120,0,99,0,190,0
1340,121,4,4558,1,381,0
1341,121,4,3708,1,621,0
1342,121,0,99,0,290,0
1343,121,3,2961,0,377,0
1344,121,4,4831,1,224,0
1345,121,4,4551,1,408,0
1346,121,4,4820,1,268,0
1347,121,0,99,0,274,0
1348,121,4,4513,1,383,0
1349,122,4,4435,1,395,0
1350,122,4,5098,1,207,0
1351,122,2,2026,0,290,0
1352,122,4,4921,1,251,0
1353,122,2,2150,0,384,0
1354,122,2,2059,0,430,0
1355,122,4,4994,1,247,0
1356,122,4,4514,1,351,0
1357,122,4,5168,1,213,0
1358,122,4,5055,1,236,0
1359,123,4,4238,1,454,0
1360,123,4,4881,1,272,0
1361,123,4,4878,1,236,0
1362,123,4,4835,1,320,0
1363,123,4,5067,1,205,0
1364,123,0,98,0,123,0
1365,123,4,4936,1,247,0
1366,123,4,4131,1,428,0
1367,123,4,4066,1,464,0
1368,123,4,4454,1,416,0
1369,124,2,2021,0,392,0
1370,124,2,2022,0,435,0
1371,124,4,5124,1,188,0
1372,124,4,4772,1,228,0
1373,124,4,5233,1,188,0
1374,124,4,5137,1,201,0
1375,124,4,4920,1,234,0
1376,124,0,99,0,233,0
1377,124,2,2069,0,403,0
1378,124,4,4583,1,307,0
1379,124,4,4751,1,278,0
1380,124,4,5257,1,172,0
1381,125,4,4442,1,381,0
1382,125,2,2102,0,358,0
1383,125,4,4559,1,353,0
1384,125,4,4965,1,239,0
1385,125,2,2031,0,534,0
1386,125,4,4733,1,302,0
1387,125,4,5288,1,159,0
1388,125,2,2424,0,203,0
1389,125,4,5300,1,139,0
1390,125,3,3204,0,279,0
1391,126,2,2090,0,506,0
1392,126,4,5077,1,240,0
1393,126,4,5304,1,144,0
1394,126,2,2202,0,234,0
1395,126,4,4305,1,580,0
1396,126,4,5438,1,110,0
1397,126,4,5404,1,146,0
1398,126,2,2265,0,257,0
1399,126,4,5467,1,108,0
1400,126,0,99,0,1001,1
1401,127,1,1263,0,541,0
1402,127,4,5154,1,181,0
1403,127,2,2181,0,414,0
1404,127,0,99,0,214,0
1405,127,4,5149,1,243,0
1406,127,2,2181,0,203,0
1407,127,2,2327,0,260,0
1408,127,4,5301,1,164,0
1409,127,4,5373,1,123,0
1410,127,0,99,0,187,0
1411,127,4,5191,1,188,0
1412,127,3,3449,0,223,0
1413,127,0,99,0,177,0
1414,127,4,5093,1,195,0
1415,127,4,5322,1,127,0
1416,128,4,5055,1,321,0
1417,128,0,99,0,317,0
1418,128,1,1159,0,211,0
1419,128,4,5235,1,168,0
1420,128,2,2188,0,252,0
1421,128,3,3124,0,216,0
1422,128,2,2103,0,385,0
1423,128,4,4964,1,278,0
1424,128,4,5406,1,121,0
1425,128,4,4837,1,259,0
1426,128,4,4847,1,276,0
1427,128,4,4524,1,297,0
1428,129,4,5237,1,163,0
1429,129,4,4703,1,285,0
1430,129,4,5038,1,203,0
1431,129,3,3080,0,527,0
1432,129,0,99,0,266,0
1433,129,2,2377,0,267,0
1434,129,4,4468,1,376,0
1435,129,4,5310,1,151,0
1436,129,1,1105,0,265,0
1437,129,4,5027,1,228,0
1438,129,4,5162,1,158,0
1439,129,4,5062,1,202,0
1440,130,4,4034,1,483,0
1441,130,4,4899,1,241,0
1442,130,4,4504,1,359,0
1443,130,4,5136,1,207,0
1444,130,4,5120,1,211,0
1445,130,4,4398,1,380,0
1446,130,4,4613,1,326,0
1447,130,4,5312,1,138,0
1448,130,4,5200,1,177,0
1449,130,4,4984,1,238,0
1450,130,2,2185,0,303,0
1451,130,4,5193,1,190,0
1452,131,2,2355,0,200,0
1453,131,4,4566,1,288,0
1454,131,2,2247,0,309,0
1455,131,4,4382,1,394,0
1456,131,4,5168,1,174,0
1457,131,2,2006,0,432,0
1458,131,3,2914,0,351,0
1459,131,1,1174,0,286,0
1460,131,2,2081,0,257,0
1461,131,0,99,0,231,0
1462,131,4,4662,1,314,0
1463,132,4,4967,1,219,0
1464,132,4,4832,1,277,0
1465,132,4,5268,1,163,0
1466,132,2,2192,0,306,0
1467,132,4,4849,1,268,0
1468,132,2,2502,0,239,0
1469,132,4,4753,1,292,0
1470,132,0,92,0,159,0
1471,132,4,5213,1,159,0
1472,132,4,5173,1,192,0
1473,132,4,4928,1,252,0
1474,132,2,2345,0,185,0
1475,132,4,5233,1,172,0
1476,132,2,1987,0,341,0
1477,133,4,4355,1,367,0
1478,133,4,4789,1,271,0
1479,133,4,4651,1,323,0
1480,133,4,5359,1,124,0
1481,133,4,5032,1,193,0
1482,133,4,5464,1,105,0
1483,133,2,2286,0,260,0
1484,133,1,1359,0,155,0
1485,133,4,5119,1,194,0
1486,133,4,4502,1,329,0
1487,133,1,1318,0,188,0
1488,133,2,2137,0,361,0
1489,133,4,4809,1,265,0
1490,134,4,5026,1,226,0
1491,134,4,4278,1,409,0
1492,134,4,4729,1,329,0
1493,134,4,4479,1,383,0
1494,134,4,4793,1,286,0
1495,134,4,4361,1,415,0
1496,134,4,4149,1,414,0
1497,134,4,4738,1,328,0
1498,134,4,4067,1,443,0
1499,135,2,2286,0,308,0
1500,135,0,99,0,1001,1
1501,135,2,2256,0,247,0
1502,135,4,4437,1,346,0
1503,135,4,5121,1,202,0
1504,135,2,2364,0,282,0
1505,135,4,4919,1,258,0
1506,135,2,2012,0,494,0
1507,136,4,4515,1,362,0
1508,136,4,4258,1,450,0
1509,136,2,2280,0,352,0
1510,136,4,4409,1,393,0
1511,136,2,2147,0,313,0
1512,136,4,5090,1,204,0
1513,136,4,4849,1,251,0
1514,136,4,5012,1,230,0
1515,136,4,4639,1,324,0
1516,137,4,4463,1,343,0
1517,137,2,2177,0,334,0
1518,137,4,4385,1,413,0
1519,137,4,4989,1,221,0
1520,137,4,3598,1,662,0
1521,137,4,4930,1,242,0
1522,137,4,4615,1,320,0
1523,137,4,4934,1,256,0
1524,137,4,4978,1,228,0
1525,137,4,4803,1,279,0
1526,138,2,1998,0,385,0
1527,138,4,5045,1,235,0
1528,138,4,4405,1,384,0
1529,138,4,4761,1,293,0
1530,138,2,2281,0,297,0
1531,138,4,3207,1,818,0
1532,138,4,4886,1,282,0
1533,138,2,2173,0,396,0
1534,138,2,2165,0,295,0
1535,139,4,4401,1,340,0
1536,139,4,4887,1,240,0
1537,139,4,4814,1,269,0
1538,139,4,4752,1,296,0
1539,139,2,2322,0,216,0
1540,139,0,99,0,163,0
1541,139,4,5102,1,186,0
1542,139,4,4407,1,423,0
1543,139,2,2271,0,194,0
1544,139,4,4917,1,243,0
1545,139,4,5089,1,193,0
1546,139,4,4574,1,359,0
1547,140,4,3712,1,580,0
1548,140,4,4180,1,486,0
1549,140,4,4611,1,294,0
1550,140,4,3747,1,616,0
1551,140,4,5023,1,231,0
1552,140,3,2902,0,471,0
1553,140,4,4906,1,235,0
1554,140,4,5101,1,189,0
1555,141,4,4952,1,202,0
1556,141,2,2251,0,370,0
1557,141,4,4456,1,364,0
1558,141,4,5445,1,119,0
1559,141,1,1303,0,236,0
1560,141,4,5216,1,170,0
1561,141,4,4665,1,320,0
1562,141,4,5031,1,226,0
1563,141,4,3852,1,605,0
1564,141,4,4943,1,230,0
1565,141,2,2105,0,363,0
1566,142,2,1918,0,567,0
1567,142,4,4774,1,257,0
1568,142,2,2192,0,447,0
1569,142,4,5094,1,216,0
1570,142,4,4572,1,346,0
1571,142,1,1256,0,362,0
1572,142,4,5097,1,183,0
1573,142,4,4566,1,353,0
1574,142,4,4735,1,295,0
1575,142,4,5069,1,185,0
1576,143,4,5260,1,124,0
1577,143,0,99,0,409,0
1578,143,4,4649,1,322,0
1579,143,4,4629,1,299,0
1580,143,4,5131,1,190,0
1581,143,4,4616,1,399,0
1582,143,1,1317,0,180,0
1583,143,2,2361,0,304,0
1584,143,4,5139,1,215,0
1585,143,2,2321,0,288,0
1586,143,4,5327,1,132,0
1587,143,4,4807,1,242,0
1588,144,4,4906,1,263,0
1589,144,2,2231,0,311,0
1590,144,4,5181,1,190,0
1591,144,1,1325,0,197,0
1592,144,4,4495,1,346,0
1593,144,4,4196,1,429,0
1594,144,4,4705,1,347,0
1595,144,4,5153,1,186,0
1596,144,1,1165,0,508,0
1597,144,2,2004,0,338,0
1598,145,1,1271,0,264,0
1599,145,0,0,0,132,0
1600,145,0,99,0,108,1
1601,145,4,4928,1,220,0
1602,145,4,4745,1,344,0
1603,145,4,4281,1,446,0
1604,145,2,2090,0,374,0
1605,145,4,4953,1,241,0
1606,145,4,4830,1,318,0
1607,145,4,4762,1,287,0
1608,145,4,4899,1,237,0
1609,146,4,4511,1,371,0
1610,146,4,4830,1,244,0
1611,146,0,99,0,144,0
1612,146,4,4458,1,401,0
1613,146,3,2657,0,645,0
1614,146,4,5187,1,167,0
1615,146,4,4073,1,520,0
1616,146,4,5238,1,152,0
1617,146,4,4913,1,245,0
1618,147,3,2958,0,487,0
1619,147,1,1354,0,182,0
1620,147,4,4735,1,287,0
1621,147,1,1307,0,154,0
1622,147,4,4946,1,219,0
1623,147,4,4031,1,465,0
1624,147,1,1152,0,310,0
1625,147,3,3409,0,219,0
1626,147,0,195,0,144,0
1627,147,4,4530,1,364,0
1628,147,4,4832,1,239,0
1629,147,4,5517,1,110,0
1630,147,4,5308,1,145,0
1631,147,4,4976,1,215,0
1632,148,4,4542,1,373,0
1633,148,4,5126,1,176,0
1634,148,4,5185,1,169,0
1635,148,4,5213,1,165,0
1636,148,4,5404,1,125,0
1637,148,1,1253,0,249,0
1638,148,4,4780,1,299,0
1639,148,4,4903,1,251,0
1640,148,4,4100,1,495,0
1641,148,4,5008,1,189,0
1642,148,2,2030,0,425,0
1643,149,4,5394,1,132,0
1644,149,4,5291,1,172,0
1645,149,2,2053,0,320,0
1646,149,4,5011,1,223,0
1647,149,4,4846,1,275,0
1648,149,4,4971,1,233,0
1649,149,4,4971,1,240,0
1650,149,4,4287,1,439,0
1651,149,4,5229,1,174,0
1652,149,4,5391,1,126,0
1653,149,2,2265,0,436,0
1654,149,4,5375,1,118,0
1655,149,4,4932,1,256,0
1656,150,4,4989,1,254,0
1657,150,4,5110,1,221,0
1658,150,4,4582,1,317,0
1659,150,2,2113,0,449,0
1660,150,4,5157,1,174,0
1661,150,4,4803,1,281,0
1662,150,4,4534,1,366,0
1663,150,4,4887,1,300,0
1664,150,4,5372,1,134,0
1665,150,4,5115,1,232,0
1666,150,4,4570,1,357,0
1667,151,4,5065,1,203,0
1668,151,4,5019,1,222,0
1669,151,4,4743,1,327,0
1670,151,4,4266,1,446,0
1671,151,4,4873,1,262,0
1672,151,4,5404,1,124,0
1673,151,4,5382,1,119,0
1674,151,4,5066,1,233,0
1675,151,4,5187,1,183,0
1676,151,4,4718,1,311,0
1677,151,4,5244,1,156,0
1678,151,4,4563,1,295,0
1679,152,4,3734,1,629,0
1680,152,4,4470,1,539,0
1681,152,1,1357,0,251,0
1682,152,4,4637,1,310,0
1683,152,4,4930,1,241,0
1684,152,4,4939,1,236,0
1685,152,4,4277,1,450,0
1686,152,2,2259,0,444,0
1687,152,4,5102,1,182,0
1688,153,4,5141,1,218,0
1689,153,4,4997,1,208,0
1690,153,4,5360,1,122,0
1691,153,4,5165,1,168,0
1692,153,4,4513,1,397,0
1693,153,4,5215,1,174,0
1694,153,1,1461,0,253,0
1695,153,4,5081,1,194,0
1696,153,4,4940,1,240,0
1697,153,2,2331,0,297,0
1698,153,1,1278,0,270,0
1699,153,4,4718,1,319,0
1700,153,0,99,0,110,1
1701,153,2,2147,0,283,0
1702,154,4,5008,1,234,0
1703,154,4,4675,1,318,0
1704,154,4,5115,1,209,0
1705,154,3,3046,0,436,0
1706,154,4,4906,1,298,0
1707,154,2,2448,0,254,0
1708,154,4,4273,1,458,0
1709,154,4,5011,1,251,0
1710,154,4,5111,1,192,0
1711,154,3,3015,0,316,0
1712,154,4,5449,1,104,0
1713,155,4,5497,1,98,0
1714,155,4,4704,1,309,0
1715,155,4,5432,1,118,0
1716,155,4,4405,1,395,0
1717,155,4,4885,1,255,0
1718,155,4,5295,1,156,0
1719,155,4,5193,1,180,0
1720,155,1,1370,0,356,0
1721,155,4,5216,1,163,0
1722,155,2,2118,0,305,0
1723,155,4,5045,1,253,0
1724,155,0,185,0,161,0
1725,155,4,4979,1,200,0
1726,155,4,5063,1,209,0
1727,156,4,4939,1,209,0
1728,156,4,5140,1,208,0
1729,156,4,5233,1,172,0
1730,156,3,2955,0,800,0
1731,156,0,99,0,201,0
1732,156,4,5013,1,227,0
1733,156,4,5006,1,217,0
1734,156,2,2128,0,235,0
1735,156,4,4915,1,240,0
1736,156,4,4641,1,306,0
1737,156,3,3003,0,338,0
1738,157,4,5047,1,216,0
1739,157,4,4306,1,429,0
1740,157,4,5284,1,152,0
1741,157,4,4994,1,236,0
1742,157,2,2207,0,401,0
1743,157,0,99,0,153,0
1744,157,4,4854,1,301,0
1745,157,1,1102,0,180,0
1746,157,4,5170,1,170,0
1747,157,4,5244,1,172,0
1748,157,4,4435,1,365,0
1749,158,4,4416,1,525,0
1750,158,4,5044,1,239,0
1751,158,2,2283,0,320,0
1752,158,4,4918,1,256,0
1753,158,4,5112,1,196,0
1754,158,2,2383,0,562,0
1755,158,4,4913,1,241,0
1756,158,4,5034,1,233,0
1757,158,4,4261,1,450,0
1758,158,2,2377,0,302,0
1759,158,4,5092,1,212,0
1760,159,4,4783,1,312,0
1761,159,2,2309,0,369,0
1762,159,4,5534,1,99,0
1763,159,4,5429,1,138,0
1764,159,4,4891,1,263,0
1765,159,4,5082,1,185,0
1766,159,4,4816,1,226,0
1767,159,4,5287,1,156,0
1768,159,4,5190,1,173,0
1769,159,4,5456,1,115,0
1770,159,4,5318,1,155,0
1771,159,4,5409,1,125,0
1772,159,3,3255,0,220,0
1773,159,4,5173,1,195,0
1774,159,4,5340,1,151,0
1775,159,4,5085,1,199,0
1776,159,4,4767,1,277,0
1777,160,4,5010,1,213,0
1778,160,4,5334,1,162,0
1779,160,4,5537,1,114,0
1780,160,4,5000,1,221,0
1781,160,4,4983,1,214,0
1782,160,4,5297,1,149,0
1783,160,4,4889,1,274,0
1784,160,4,5048,1,224,0
1785,160,2,2429,0,166,0
1786,160,2,2475,0,440,0
1787,160,4,5339,1,148,0
1788,160,4,4868,1,259,0
1789,160,4,5094,1,189,0
1790,160,4,5625,1,70,0
1791,160,4,4744,1,319,0
1792,161,4,4943,1,350,0
1793,161,4,5033,1,234,0
1794,161,2,2078,0,466,0
1795,161,4,5366,1,145,0
1796,161,4,5573,1,75,0
1797,161,2,2345,0,272,0
1798,161,4,4742,1,356,0
1799,161,4,4696,1,291,0
1800,161,0,99,0,110,1
1801,161,3,3218,0,293,0
1802,161,2,2476,0,200,0
1803,161,4,4860,1,280,0
1804,161,4,5398,1,127,0
1805,162,4,4619,1,335,0
1806,162,3,3324,0,229,0
1807,162,4,4003,1,531,0
1808,162,4,4921,1,233,0
1809,162,4,5160,1,205,0
1810,162,4,5629,1,94,0
1811,162,4,5143,1,218,0
1812,162,4,5068,1,173,0
1813,162,4,4998,1,225,0
1814,162,4,5194,1,207,0
1815,162,2,2097,0,253,0
1816,162,4,5134,1,197,0
1817,162,4,4798,1,277,0
1818,163,3,2973,0,410,0
1819,163,4,4463,1,331,0
1820,163,4,4600,1,314,0
1821,163,4,5283,1,149,0
1822,163,4,5301,1,175,0
1823,163,4,5309,1,152,0
1824,163,4,5499,1,103,0
1825,163,4,4919,1,231,0
1826,163,3,3327,0,233,0
1827,163,2,2207,0,367,0
1828,163,4,5198,1,203,0
1829,163,4,5336,1,141,0
1830,163,4,5050,1,231,0
1831,164,4,4402,1,420,0
1832,164,4,4580,1,303,0
1833,164,4,5351,1,137,0
1834,164,2,2331,0,211,0
1835,164,0,99,0,163,0
1836,164,4,5011,1,227,0
1837,164,4,5170,1,173,0
1838,164,2,2294,0,357,0
1839,164,4,5202,1,175,0
1840,164,4,5083,1,213,0
1841,164,4,5142,1,213,0
1842,164,4,5207,1,195,0
1843,164,4,5048,1,241,0
1844,164,4,5314,1,164,0
1845,164,4,5346,1,158,0
1846,165,4,5143,1,207,0
1847,165,4,5587,1,84,0
1848,165,4,5331,1,128,0
1849,165,2,2335,0,225,0
1850,165,4,5450,1,125,0
1851,165,4,5435,1,134,0
1852,165,4,5263,1,158,0
1853,165,4,5339,1,161,0
1854,165,4,5235,1,193,0
1855,165,4,5148,1,226,0
1856,165,4,4903,1,235,0
1857,165,4,5522,1,104,0
1858,165,4,5193,1,184,0
1859,165,4,5593,1,80,0
1860,165,0,99,0,131,0
1861,165,4,4909,1,258,0
1862,165,2,2277,0,154,0
1863,165,2,2353,0,155,0
1864,165,4,5443,1,115,0
1865,166,4,5199,1,200,0
1866,166,0,191,0,146,0
1867,166,4,5420,1,118,0
1868,166,4,5269,1,156,0
1869,166,4,5332,1,165,0
1870,166,2,2254,0,218,0
1871,166,4,4967,1,241,0
1872,166,2,2419,0,218,0
1873,166,1,1316,0,280,0
1874,166,4,4229,1,464,0
1875,166,4,5147,1,198,0
1876,166,4,4863,1,286,0
1877,166,4,4801,1,280,0
1878,166,4,5140,1,192,0
1879,167,4,4722,1,314,0
1880,167,4,5160,1,199,0
1881,167,0,99,0,132,0
1882,167,4,5044,1,244,0
1883,167,4,4499,1,443,0
1884,167,4,4739,1,287,0
1885,167,4,4776,1,292,0
1886,167,4,5113,1,197,0
1887,167,3,2860,0,478,0
1888,167,1,1237,0,322,0
1889,167,4,4999,1,226,0
1890,168,3,2769,0,401,0
1891,168,4,4668,1,321,0
1892,168,4,4079,1,549,0
1893,168,4,5313,1,152,0
1894,168,4,4473,1,396,0
1895,168,4,4789,1,277,0
1896,168,3,2892,0,353,0
1897,168,4,4529,1,348,0
1898,169,4,4480,1,388,0
1899,169,4,5062,1,228,0
1900,169,0,99,0,110,1
1901,169,4,4912,1,237,0
1902,169,4,5115,1,202,0
1903,169,1,1107,0,185,0
1904,169,4,4655,1,321,0
1905,169,0,99,0,169,0
1906,169,4,4598,1,339,0
1907,169,4,4365,1,499,0
1908,169,4,5162,1,187,0
1909,169,4,4670,1,314,0
1910,170,4,4369,1,407,0
1911,170,1,1248,0,387,0
1912,170,4,5041,1,201,0
1913,170,1,1445,0,184,0
1914,170,4,4673,1,281,0
1915,170,4,4905,1,258,0
1916,170,4,4588,1,360,0
1917,170,4,4441,1,367,0
1918,170,4,5068,1,207,0
1919,170,4,4716,1,292,0
1920,170,1,1258,0,311,0
1921,171,4,5333,1,152,0
1922,171,4,4905,1,276,0
1923,171,4,5307,1,169,0
1924,171,4,5032,1,223,0
1925,171,2,2310,0,239,0
1926,171,4,4607,1,344,0
1927,171,4,4434,1,397,0
1928,171,4,4538,1,346,0
1929,171,0,99,0,184,0
1930,171,4,4742,1,280,0
1931,171,4,5131,1,207,0
1932,172,4,5191,1,198,0
1933,172,4,5120,1,199,0
1934,172,2,1996,0,542,0
1935,172,4,4311,1,428,0
1936,172,2,2260,0,292,0
1937,172,4,4708,1,455,0
1938,172,4,5156,1,216,0
1939,172,4,5026,1,209,0
1940,172,4,5073,1,215,0
1941,172,4,5233,1,173,0
1942,172,4,5108,1,199,0
1943,173,4,5265,1,178,0
1944,173,4,4585,1,338,0
1945,173,4,4732,1,314,0
1946,173,4,5163,1,191,0
1947,173,2,2136,0,273,0
1948,173,4,4472,1,376,0
1949,173,4,5020,1,226,0
1950,173,4,5443,1,105,0
1951,173,4,5258,1,181,0
1952,173,4,5336,1,153,0
1953,173,4,4220,1,431,0
1954,173,4,5006,1,241,0
1955,173,1,1234,0,208,0
1956,174,4,4837,1,275,0
1957,174,4,5301,1,166,0
1958,174,4,4871,1,265,0
1959,174,2,2327,0,244,0
1960,174,4,5407,1,125,0
1961,174,4,4930,1,247,0
1962,174,3,3508,0,214,0
1963,174,2,2245,0,315,0
1964,174,4,5320,1,141,0
1965,174,4,5308,1,157,0
1966,174,4,4835,1,296,0
1967,174,4,4974,1,246,0
1968,174,4,4795,1,278,0
1969,174,2,2256,0,284,0
1970,175,2,1960,0,437,0
1971,175,4,5281,1,171,0
1972,175,2,2506,0,217,0
1973,175,4,5068,1,215,0
1974,175,4,5003,1,237,0
1975,175,4,5244,1,228,0
1976,175,2,2228,0,420,0
1977,175,3,3397,0,213,0
1978,175,4,5063,1,282,0
1979,175,2,2368,0,303,0
1980,175,4,5096,1,285,0
1981,175,4,5130,1,225,0
1982,176,4,4433,1,465,0
1983,176,4,4913,1,265,0
1984,176,4,4991,1,262,0
1985,176,3,3236,0,288,0
1986,176,3,3186,0,200,0
1987,176,4,5389,1,143,0
1988,176,3,3169,0,241,0
1989,176,4,5222,1,213,0
1990,176,4,4688,1,381,0
1991,176,4,5006,1,230,0
1992,177,2,1937,0,480,0
1993,177,4,5342,1,177,0
1994,177,4,4964,1,225,0
1995,177,4,4843,1,315,0
1996,177,2,2483,0,253,0
1997,177,4,5374,1,149,0
1998,177,4,5238,1,223,0
1999,177,4,5151,1,211,0
2000,177,0,99,0,110,1
2001,177,4,5147,1,201,0
2002,177,4,5512,1,99,0
2003,177,4,5051,1,313,0
2004,177,0,99,0,168,0
2005,177,4,5457,1,115,0
2006,177,4,4886,1,325,0
2007,177,4,4929,1,241,0
2008,178,4,4768,1,369,0
2009,178,4,4771,1,350,0
2010,178,4,5046,1,308,0
2011,178,4,4644,1,392,0
2012,178,4,4733,1,342,0
2013,178,2,2240,0,373,0
2014,178,0,99,0,154,0
2015,178,4,4640,1,395,0
2016,178,2,2528,0,212,0
2017,178,4,5235,1,175,0
2018,178,4,5481,1,111,0
2019,179,4,5278,1,181,0
2020,179,1,1333,0,163,0
2021,179,2,2468,0,153,0
2022,179,4,5010,1,209,0
2023,179,4,5166,1,208,0
2024,179,4,5204,1,220,0
2025,179,2,2467,0,156,0
2026,179,4,5223,1,173,0
2027,179,4,5352,1,153,0
2028,179,4,5131,1,210,0
2029,179,4,5308,1,176,0
2030,179,3,3512,0,166,0
2031,179,4,4623,1,472,0
2032,179,3,3418,0,175,0
2033,179,4,5056,1,272,0
2034,180,4,5497,1,145,0
2035,180,4,5500,1,125,0
2036,180,4,5445,1,146,0
2037,180,4,5334,1,200,0
2038,180,4,5322,1,185,0
2039,180,3,3282,0,180,0
2040,180,4,5339,1,166,0
2041,180,4,5292,1,152,0
2042,180,4,5290,1,201,0
2043,180,3,3522,0,185,0
2044,180,4,5482,1,140,0
2045,180,2,2222,0,291,0
2046,180,2,2372,0,207,0
2047,180,3,3203,0,272,0
2048,180,4,5315,1,138,0
2049,180,4,5196,1,175,0
2050,181,4,4955,1,365,0
2051,181,4,5471,1,130,0
2052,181,4,5456,1,135,0
2053,181,2,2451,0,199,0
2054,181,3,3153,0,232,0
2055,181,4,4732,1,295,0
2056,181,4,5086,1,346,0
2057,181,4,5188,1,265,0
2058,181,3,3065,0,282,0
2059,181,4,5567,1,99,0
2060,181,4,5208,1,158,0
2061,181,2,2167,0,274,0
2062,181,4,5432,1,142,0
2063,181,4,5142,1,187,0
2064,181,4,5252,1,224,0
2065,182,4,5335,1,179,0
2066,182,4,5110,1,219,0
2067,182,4,5344,1,119,0
2068,182,4,5521,1,107,0
2069,182,4,4809,1,391,0
2070,182,2,2148,0,305,0
2071,182,4,4942,1,248,0
2072,182,4,4910,1,306,0
2073,182,2,2395,0,228,0
2074,182,4,4915,1,332,0
2075,182,4,5319,1,158,0
2076,182,4,5582,1,84,0
2077,182,0,99,0,186,0
2078,182,4,5217,1,182,0
2079,182,4,5426,1,155,0
2080,183,2,2442,0,255,0
2081,183,3,3332,0,205,0
2082,183,2,2509,0,227,0
2083,183,4,5014,1,345,0
2084,183,4,5395,1,140,0
2085,183,0,193,0,263,0
2086,183,4,5337,1,180,0
2087,183,4,5187,1,246,0
2088,183,3,3500,0,170,0
2089,183,4,5303,1,199,0
2090,183,4,4960,1,277,0
2091,183,4,5239,1,225,0
2092,183,4,5157,1,274,0
2093,184,4,4941,1,309,0
2094,184,4,5312,1,177,0
2095,184,4,5287,1,220,0
2096,184,4,5516,1,130,0
2097,184,2,2121,0,267,0
2098,184,4,4921,1,200,0
2099,184,2,2433,0,188,0
2100,184,0,99,0,110,1
2101,184,4,5064,1,200,0
2102,184,2,2346,0,275,0
2103,184,2,2327,0,169,0
2104,184,4,5392,1,152,0
2105,184,4,5115,1,219,0
2106,184,4,5253,1,187,0
2107,184,3,3010,0,260,0
2108,185,4,5073,1,213,0
2109,185,4,5260,1,237,0
2110,185,4,5138,1,190,0
2111,185,4,4894,1,230,0
2112,185,4,4883,1,277,0
2113,185,4,5132,1,274,0
2114,185,4,5166,1,185,0
2115,185,4,4961,1,257,0
2116,185,4,5424,1,134,0
2117,185,4,4572,1,507,0
2118,185,4,5250,1,238,0
2119,185,2,2399,0,172,0
2120,186,3,3312,0,455,0
2121,186,4,5128,1,199,0
2122,186,1,1376,0,408,0
2123,186,4,5130,1,212,0
2124,186,3,3408,0,228,0
2125,186,2,2398,0,190,0
2126,186,0,99,0,196,0
2127,186,4,5388,1,138,0
2128,186,4,5068,1,224,0
2129,186,4,5185,1,334,0
2130,186,2,2384,0,190,0
2131,186,4,5539,1,97,0
2132,186,4,5226,1,202,0
2133,186,4,5265,1,180,0
2134,187,4,5201,1,185,0
2135,187,4,5376,1,143,0
2136,187,4,5011,1,300,0
2137,187,4,5488,1,137,0
2138,187,2,2401,0,177,0
2139,187,4,5489,1,106,0
2140,187,4,5201,1,275,0
2141,187,4,5267,1,164,0
2142,187,4,5439,1,145,0
2143,187,3,3478,0,212,0
2144,187,4,5060,1,204,0
2145,187,4,5294,1,179,0
2146,187,4,5412,1,164,0
2147,187,4,5412,1,152,0
2148,187,4,5129,1,199,0
2149,188,4,5193,1,202,0
2150,188,4,4933,1,351,0
2151,188,4,5223,1,183,0
2152,188,4,5452,1,148,0
2153,188,2,2502,0,182,0
2154,188,4,5287,1,229,0
2155,188,4,5200,1,238,0
2156,188,3,3448,0,386,0
2157,188,4,5422,1,119,0
2158,188,4,5364,1,150,0
2159,188,1,1356,0,165,0
2160,188,4,5331,1,130,0
2161,188,2,2384,0,196,0
2162,188,4,4936,1,315,0
2163,188,4,5277,1,171,0
2164,189,4,5077,1,197,0
2165,189,4,4939,1,254,0
2166,189,4,5477,1,111,0
2167,189,4,4992,1,197,0
2168,189,4,5369,1,142,0
2169,189,2,2221,0,193,0
2170,189,0,178,0,235,0
2171,189,4,5419,1,140,0
2172,189,4,4932,1,234,0
2173,189,4,5616,1,70,0
2174,189,4,5208,1,170,0
2175,189,1,1322,0,214,0
2176,189,2,2361,0,234,0
2177,189,4,5448,1,115,0
2178,189,2,2353,0,229,0
2179,189,4,5410,1,114,0
2180,189,4,5115,1,252,0
2181,189,2,2342,0,195,0
2182,190,4,5420,1,129,0
2183,190,4,5135,1,211,0
2184,190,4,5496,1,94,0
2185,190,4,5189,1,175,0
2186,190,4,4868,1,231,0
2187,190,4,5392,1,130,0
2188,190,4,5105,1,249,0
2189,190,4,5478,1,129,0
2190,190,4,4679,1,292,0
2191,190,4,5259,1,174,0
2192,190,4,5503,1,103,0
2193,190,4,5240,1,203,0
2194,190,2,2291,0,210,0
2195,190,2,2197,0,238,0
2196,190,4,5107,1,244,0
2197,190,4,5312,1,178,0
2198,190,4,5340,1,145,0
2199,191,4,5158,1,166,0
2200,191,0,99,0,110,1
2201,191,0,99,0,225,0
2202,191,4,5332,1,171,0
2203,191,4,5427,1,136,0
2204,191,4,5125,1,178,0
2205,191,0,99,0,148,0
2206,191,4,5345,1,123,0
2207,191,3,3351,0,235,0
2208,191,2,2529,0,163,0
2209,191,4,5339,1,107,0
2210,191,1,1104,0,200,0
2211,191,0,99,0,157,0
2212,191,3,2946,0,399,0
2213,191,4,5456,1,124,0
2214,191,4,4899,1,214,0
2215,191,4,5450,1,112,0
2216,191,2,2279,0,196,0
2217,192,4,5632,1,93,0
2218,192,4,4871,1,235,0
2219,192,4,5479,1,104,0
2220,192,4,5051,1,206,0
2221,192,4,5253,1,173,0
2222,192,4,5504,1,89,0
2223,192,4,5359,1,139,0
2224,192,2,2238,0,171,0
2225,192,4,5214,1,245,0
2226,192,4,5176,1,183,0
2227,192,4,5316,1,129,0
2228,192,4,4298,1,349,0
2229,192,4,4892,1,326,0
2230,192,4,5336,1,160,0
2231,192,0,185,0,178,0
2232,192,2,2365,0,188,0
2233,192,4,5574,1,89,0
2234,192,4,5247,1,195,0
2235,193,4,5480,1,118,0
2236,193,4,5139,1,191,0
2237,193,4,4819,1,244,0
2238,193,4,5568,1,80,0
2239,193,4,4974,1,177,0
2240,193,4,5515,1,111,0
2241,193,4,5064,1,241,0
2242,193,4,5028,1,214,0
2243,193,4,5495,1,103,0
2244,193,3,3192,0,223,0
2245,193,4,5432,1,133,0
2246,193,4,5454,1,121,0
2247,193,2,2492,0,186,0
2248,193,2,2312,0,197,0
2249,193,4,5373,1,158,0
2250,193,4,5399,1,120,0
2251,193,2,2252,0,213,0
2252,193,4,5158,1,180,0
2253,194,4,5198,1,178,0
2254,194,4,5327,1,217,0
2255,194,4,5673,1,59,0
2256,194,4,5046,1,284,0
2257,194,4,5579,1,80,0
2258,194,4,5538,1,97,0
2259,194,4,5382,1,130,0
2260,194,4,5050,1,218,0
2261,194,4,5424,1,133,0
2262,194,4,5029,1,229,0
2263,194,2,2473,0,166,0
2264,194,4,5492,1,99,0
2265,194,4,5333,1,141,0
2266,194,2,2499,0,210,0
2267,194,4,5610,1,79,0
2268,194,4,5559,1,93,0
2269,194,4,5404,1,110,0
2270,194,2,2167,0,266,0
2271,194,4,5301,1,138,0
2272,195,4,5171,1,205,0
2273,195,4,5582,1,83,0
2274,195,4,5152,1,168,0
2275,195,4,5265,1,144,0
2276,195,4,4437,1,336,0
2277,195,2,2408,0,216,0
2278,195,4,5364,1,138,0
2279,195,2,2308,0,257,0
2280,195,4,5297,1,126,0
2281,195,2,2355,0,160,0
2282,195,4,5120,1,177,0
2283,195,4,5338,1,158,0
2284,195,4,5332,1,142,0
2285,195,4,5492,1,97,0
2286,195,4,5597,1,82,0
2287,195,4,5348,1,130,0
2288,195,1,1222,0,381,0
2289,195,4,5034,1,227,0
2290,196,4,5280,1,190,0
2291,196,4,5375,1,136,0
2292,196,2,2411,0,182,0
2293,196,4,5229,1,193,0
2294,196,4,5376,1,149,0
2295,196,4,5412,1,123,0
2296,196,4,5344,1,140,0
2297,196,2,2525,0,162,0
2298,196,4,5436,1,117,0
2299,196,4,4859,1,249,0
2300,196,0,99,0,110,1
2301,196,4,5296,1,163,0
2302,196,2,2407,0,221,0
2303,196,4,5445,1,124,0
2304,196,2,2340,0,241,0
2305,196,2,2258,0,196,0
2306,196,4,5397,1,139,0
2307,196,0,182,0,188,0
2308,197,4,5149,1,185,0
2309,197,4,5504,1,150,0
2310,197,4,5232,1,202,0
2311,197,4,5580,1,89,0
2312,197,4,5171,1,149,0
2313,197,4,5213,1,209,0
2314,197,2,2322,0,281,0
2315,197,4,5235,1,193,0
2316,197,4,5270,1,149,0
2317,197,4,5420,1,124,0
2318,197,4,5376,1,159,0
2319,197,2,2343,0,203,0
2320,197,4,4871,1,297,0
2321,197,3,3496,0,203,0
2322,197,4,5018,1,275,0
2323,197,4,5078,1,209,0
2324,197,4,5259,1,151,0
2325,198,4,5446,1,123,0
2326,198,4,5343,1,157,0
2327,198,1,1378,0,432,0
2328,198,4,5202,1,173,0
2329,198,4,5008,1,238,0
2330,198,4,5249,1,185,0
2331,198,3,3510,0,490,0
2332,198,2,2062,0,218,0
2333,198,2,2380,0,219,0
2334,198,2,2508,0,206,0
2335,198,4,5173,1,178,0
2336,198,3,3165,0,217,0
2337,199,4,5502,1,110,0
2338,199,4,5569,1,91,0
2339,199,4,5498,1,106,0
2340,199,4,5505,1,98,0
2341,199,4,5171,1,193,0
2342,199,4,5339,1,162,0
2343,199,4,5376,1,153,0
2344,199,4,5027,1,205,0
2345,199,4,5261,1,153,0
2346,199,4,5251,1,168,0
2347,199,4,5345,1,141,0
2348,199,4,4979,1,235,0
2349,199,4,5389,1,124,0
2350,199,4,5264,1,149,0
2351,199,4,5353,1,134,0
2352,199,4,5367,1,216,0
2353,199,3,3508,0,228,0
2354,199,4,5383,1,148,0
2355,199,1,1364,0,240,0
2356,199,4,5431,1,133,0
2357,200,4,5163,1,220,0
2358,200,4,5226,1,166,0
2359,200,2,2390,0,241,0
2360,200,4,5295,1,237,0
2361,200,2,2235,0,227,0
2362,200,4,5104,1,281,0
2363,200,4,5078,1,211,0
2364,200,4,5516,1,103,0
2365,200,1,1212,0,171,0
2366,200,4,5582,1,79,0
2367,200,4,5147,1,216,0
2368,200,4,5380,1,154,0
2369,200,4,5101,1,187,0
2370,200,4,5058,1,306,0
2371,200,4,5479,1,124,0
2372,200,4,5554,1,100,0
2373,201,4,4966,1,383,0
2374,201,4,5276,1,180,0
2375,201,3,3272,0,202,0
2376,201,2,2412,0,205,0
2377,201,4,5090,1,239,0
2378,201,4,5045,1,338,0
2379,201,2,2362,0,213,0
2380,201,4,5199,1,153,0
2381,201,2,2395,0,191,0
2382,201,4,5347,1,157,0
2383,201,4,5345,1,141,0
2384,201,3,3394,0,224,0
2385,201,4,5144,1,251,0
2386,201,4,5223,1,184,0
2387,201,3,3488,0,367,0
2388,202,4,5505,1,126,0
2389,202,1,1291,0,363,0
2390,202,4,5339,1,191,0
2391,202,4,4959,1,238,0
2392,202,4,5243,1,169,0
2393,202,2,2226,0,218,0
2394,202,4,5393,1,152,0
2395,202,2,2300,0,208,0
2396,202,4,5359,1,188,0
2397,202,3,3283,0,229,0
2398,202,4,5254,1,183,0
2399,202,4,5198,1,223,0
2400,202,0,99,0,110,1
2401,202,2,2501,0,181,0
2402,202,4,5215,1,175,0
2403,203,4,4457,1,414,0
2404,203,4,5207,1,189,0
2405,203,4,5116,1,247,0
2406,203,4,5109,1,244,0
2407,203,4,5359,1,192,0
2408,203,4,5198,1,231,0
2409,203,2,2375,0,194,0
2410,203,4,5450,1,127,0
2411,203,4,5410,1,134,0
2412,203,4,5144,1,211,0
2413,203,4,5551,1,109,0
2414,203,4,5353,1,156,0
2415,203,4,5175,1,184,0
2416,203,4,5557,1,92,0
2417,203,2,2267,0,218,0
2418,203,3,3424,0,198,0
2419,203,4,5370,1,147,0
2420,204,2,2298,0,211,0
2421,204,4,5262,1,201,0
2422,204,4,5098,1,263,0
2423,204,2,2245,0,191,0
2424,204,4,5227,1,219,0
2425,204,4,5299,1,159,0
2426,204,4,5382,1,127,0
2427,204,2,2371,0,213,0
2428,204,2,2249,0,242,0
2429,204,3,3337,0,195,0
2430,204,4,5113,1,284,0
2431,204,4,5230,1,204,0
2432,204,4,4780,1,338,0
2433,204,4,4970,1,233,0
2434,204,2,2355,0,210,0
2435,205,4,5207,1,219,0
2436,205,1,1262,0,198,0
2437,205,4,5203,1,150,0
2438,205,4,5291,1,159,0
2439,205,4,5099,1,210,0
2440,205,4,4871,1,288,0
2441,205,4,5063,1,214,0
2442,205,4,5323,1,167,0
2443,205,4,5102,1,201,0
2444,205,4,5204,1,155,0
2445,205,4,5374,1,167,0
2446,205,2,2368,0,179,0
2447,205,4,5372,1,147,0
2448,205,4,5405,1,165,0
2449,205,4,5402,1,176,0
2450,205,4,5222,1,187,0
2451,206,2,2209,0,200,0
2452,206,4,5461,1,114,0
2453,206,4,5491,1,114,0
2454,206,4,4966,1,231,0
2455,206,4,4841,1,321,0
2456,206,4,5416,1,138,0
2457,206,4,5449,1,120,0
2458,206,4,4919,1,285,0
2459,206,0,181,0,194,0
2460,206,4,5336,1,138,0
2461,206,0,99,0,151,0
2462,206,3,3337,0,173,0
2463,206,4,5440,1,139,0
2464,206,4,5542,1,120,0
2465,206,4,5130,1,223,0
2466,206,4,5537,1,125,0
2467,206,4,5613,1,84,0
2468,206,4,4634,1,318,0
2469,207,4,5199,1,172,0
2470,207,4,5460,1,115,0
2471,207,4,5231,1,156,0
2472,207,4,5473,1,116,0
2473,207,4,5573,1,95,0
2474,207,4,5381,1,147,0
2475,207,4,5182,1,212,0
2476,207,4,5459,1,141,0
2477,207,4,5212,1,253,0
2478,207,4,5356,1,173,0
2479,207,4,5169,1,244,0
2480,207,4,4968,1,212,0
2481,207,4,5135,1,203,0
2482,207,4,5114,1,181,0
2483,207,4,5219,1,223,0
2484,207,4,5114,1,179,0
2485,207,4,5467,1,115,0
2486,207,4,5350,1,129,0
2487,207,1,1352,0,174,0
2488,208,4,5394,1,161,0
2489,208,4,5263,1,144,0
2490,208,4,5451,1,155,0
2491,208,2,2352,0,159,0
2492,208,2,1930,0,373,0
2493,208,4,5037,1,238,0
2494,208,4,5615,1,87,0
2495,208,4,5469,1,123,0
2496,208,4,5440,1,139,0
2497,208,4,4980,1,290,0
2498,208,2,2421,0,236,0
2499,208,4,5146,1,162,0
2500,208,0,99,0,110,1
2501,208,4,5414,1,181,0
2502,208,4,5299,1,164,0
2503,208,4,5023,1,227,0
2504,208,4,5450,1,105,0
2505,209,4,5411,1,129,0
2506,209,4,5423,1,122,0
2507,209,4,5314,1,143,0
2508,209,2,2182,0,327,0
2509,209,4,5069,1,191,0
2510,209,4,5430,1,144,0
2511,209,4,5350,1,144,0
2512,209,4,5091,1,199,0
2513,209,4,5417,1,159,0
2514,209,4,5461,1,136,0
2515,209,4,5519,1,102,0
2516,209,4,5567,1,94,0
2517,209,4,5357,1,142,0
2518,209,2,2444,0,200,0
2519,209,4,5512,1,101,0
2520,209,4,4922,1,293,0
2521,209,4,5542,1,100,0
2522,209,4,5380,1,130,0
2523,209,4,5503,1,135,0
2524,209,4,5352,1,208,0
2525,210,3,3240,0,227,0
2526,210,4,5180,1,262,0
2527,210,2,2271,0,193,0
2528,210,4,5284,1,180,0
2529,210,4,5459,1,129,0
2530,210,4,5225,1,193,0
2531,210,4,5327,1,173,0
2532,210,4,5180,1,171,0
2533,210,4,5565,1,95,0
2534,210,4,4976,1,457,0
2535,210,4,5282,1,175,0
2536,210,4,5598,1,85,0
2537,210,4,5236,1,248,0
2538,210,4,5548,1,121,0
2539,210,4,5515,1,110,0
2540,210,4,5091,1,179,0
2541,211,4,4565,1,421,0
2542,211,4,5323,1,125,0
2543,211,4,5449,1,144,0
2544,211,1,1172,0,204,0
2545,211,4,5271,1,133,0
2546,211,4,5236,1,158,0
2547,211,4,5218,1,177,0
2548,211,4,5124,1,187,0
2549,211,4,5392,1,175,0
2550,211,4,5045,1,210,0
2551,211,3,3143,0,183,0
2552,211,3,3467,0,231,0
2553,211,4,4606,1,327,0
2554,211,4,5343,1,129,0
2555,211,3,3112,0,196,0
2556,211,4,5287,1,165,0
2557,211,4,5098,1,244,0
2558,212,4,5033,1,255,0
2559,212,4,5323,1,136,0
2560,212,4,5455,1,136,0
2561,212,4,4868,1,275,0
2562,212,4,5185,1,203,0
2563,212,4,5201,1,218,0
2564,212,4,4831,1,241,0
2565,212,1,1191,0,185,0
2566,212,4,5137,1,225,0
2567,212,4,5002,1,194,0
2568,212,4,4958,1,234,0
2569,212,4,5207,1,187,0
2570,212,4,4718,1,352,0
2571,212,2,2510,0,185,0
2572,213,4,4909,1,282,0
2573,213,4,4949,1,281,0
2574,213,4,4939,1,297,0
2575,213,4,5209,1,158,0
2576,213,4,5187,1,207,0
2577,213,4,5364,1,137,0
2578,213,4,5160,1,205,0
2579,213,4,5389,1,165,0
2580,213,2,2397,0,232,0
2581,213,3,3456,0,180,0
2582,213,4,4906,1,282,0
2583,213,0,99,0,219,0
2584,213,4,5206,1,266,0
2585,213,4,5574,1,88,0
2586,214,4,5077,1,268,0
2587,214,4,5182,1,191,0
2588,214,4,5188,1,170,0
2589,214,4,5191,1,237,0
2590,214,4,5338,1,160,0
2591,214,4,5288,1,260,0
2592,214,4,5288,1,180,0
2593,214,4,5245,1,200,0
2594,214,4,5137,1,217,0
2595,214,2,2473,0,161,0
2596,214,2,2474,0,166,0
2597,214,3,3438,0,198,0
2598,214,3,3632,0,181,0
2599,214,4,5227,1,224,0
2600,214,0,99,0,110,1
2601,214,3,3311,0,226,0
2602,214,2,2458,0,186,0
2603,215,2,2266,0,177,0
2604,215,0,182,0,215,0
2605,215,4,5300,1,225,0
2606,215,4,5523,1,93,0
2607,215,4,5552,1,79,0
2608,215,4,5550,1,92,0
2609,215,3,3238,0,203,0
2610,215,4,5285,1,175,0
2611,215,4,4655,1,269,0
2612,215,4,4827,1,313,0
2613,215,4,5530,1,90,0
2614,215,4,5487,1,103,0
2615,215,4,5368,1,124,0
2616,215,4,5276,1,152,0
2617,215,4,5523,1,109,0
2618,215,4,5254,1,162,0
2619,215,4,5117,1,266,0
2620,215,4,5060,1,240,0
2621,215,4,5309,1,140,0
2622,216,4,5496,1,143,0
2623,216,4,5329,1,177,0
2624,216,4,5232,1,167,0
2625,216,4,5474,1,99,0
2626,216,0,99,0,152,0
2627,216,4,5061,1,181,0
2628,216,4,5406,1,117,0
2629,216,4,5267,1,180,0
2630,216,4,5594,1,73,0
2631,216,4,5594,1,86,0
2632,216,2,2249,0,234,0
2633,216,4,5369,1,176,0
2634,216,4,5031,1,193,0
2635,216,4,5355,1,121,0
2636,216,4,5167,1,201,0
2637,216,4,5169,1,250,0
2638,216,4,5563,1,99,0
2639,216,4,4962,1,275,0
2640,216,1,1320,0,213,0
2641,217,4,5128,1,213,0
2642,217,4,5017,1,245,0
2643,217,2,2435,0,163,0
2644,217,4,5288,1,155,0
2645,217,0,99,0,179,0
2646,217,3,3458,0,203,0
2647,217,4,5469,1,135,0
2648,217,4,5109,1,213,0
2649,217,4,5308,1,187,0
2650,217,4,5063,1,247,0
2651,217,4,5154,1,175,0
2652,217,4,5365,1,131,0
2653,217,4,5124,1,183,0
2654,217,4,5402,1,147,0
2655,217,4,5289,1,168,0
2656,217,2,2406,0,200,0
2657,217,4,5299,1,155,0
2658,218,4,5029,1,273,0
2659,218,4,4996,1,235,0
2660,218,4,5123,1,205,0
2661,218,4,5435,1,161,0
2662,218,4,5389,1,138,0
2663,218,4,5456,1,129,0
2664,218,1,1177,0,187,0
2665,218,4,5532,1,91,0
2666,218,4,5465,1,130,0
2667,218,4,5348,1,166,0
2668,218,4,5204,1,209,0
2669,218,4,5417,1,139,0
2670,218,4,5599,1,107,0
2671,218,2,2256,0,222,0
2672,218,4,5307,1,155,0
2673,218,4,5452,1,141,0
2674,218,4,4833,1,247,0
2675,218,4,5221,1,180,0
2676,218,4,5201,1,249,0
2677,219,4,5346,1,180,0
2678,219,3,3299,0,284,0
2679,219,2,2402,0,196,0
2680,219,4,5310,1,218,0
2681,219,4,5340,1,166,0
2682,219,4,5507,1,105,0
2683,219,4,5143,1,191,0
2684,219,4,5573,1,85,0
2685,219,4,5568,1,92,0
2686,219,2,2140,0,194,0
2687,219,4,5076,1,224,0
2688,219,2,2536,0,207,0
2689,219,2,2266,0,213,0
2690,219,4,5343,1,171,0
2691,219,2,2508,0,182,0
2692,219,2,2310,0,231,0
2693,219,4,5367,1,197,0
2694,220,4,5496,1,102,0
2695,220,3,3178,0,180,0
2696,220,4,5135,1,222,0
2697,220,4,5070,1,240,0
2698,220,2,2511,0,170,0
2699,220,4,5333,1,158,0
2700,220,0,99,0,110,1
2701,220,3,3555,0,168,0
2702,220,2,2272,0,206,0
2703,220,4,5256,1,129,0
2704,220,4,5299,1,209,0
2705,220,0,99,0,146,0
2706,220,2,2412,0,184,0
2707,220,4,5299,1,180,0
2708,220,4,5226,1,209,0
2709,220,4,5316,1,199,0
2710,220,4,5330,1,166,0
2711,220,4,5410,1,143,0
2712,221,2,2278,0,212,0
2713,221,4,5220,1,203,0
2714,221,4,5232,1,188,0
2715,221,4,5022,1,276,0
2716,221,4,4948,1,260,0
2717,221,4,5213,1,178,0
2718,221,4,5448,1,118,0
2719,221,4,5448,1,137,0
2720,221,4,5174,1,227,0
2721,221,4,5556,1,95,0
2722,221,4,5213,1,232,0
2723,221,4,5002,1,236,0
2724,221,4,5216,1,195,0
2725,221,3,3386,0,219,0
2726,221,2,2240,0,210,0
2727,221,0,192,0,164,0
2728,221,4,5448,1,145,0
2729,222,4,5025,1,300,0
2730,222,2,2209,0,218,0
2731,222,4,5471,1,122,0
2732,222,4,5109,1,230,0
2733,222,2,2036,0,403,0
2734,222,4,5314,1,193,0
2735,222,4,5201,1,167,0
2736,222,4,4669,1,363,0
2737,222,4,5460,1,117,0
2738,222,2,2434,0,197,0
2739,222,0,0,0,146,0
2740,222,4,5426,1,117,0
2741,222,4,5147,1,217,0
2742,222,3,3478,0,200,0
2743,222,4,5415,1,172,0
2744,223,4,4474,1,422,0
2745,223,2,2397,0,193,0
2746,223,4,5027,1,256,0
2747,223,4,5515,1,110,0
2748,223,4,5429,1,124,0
2749,223,4,4864,1,222,0
2750,223,1,1111,0,172,0
2751,223,4,5328,1,211,0
2752,223,4,5221,1,235,0
2753,223,4,5069,1,249,0
2754,223,1,1138,0,147,0
2755,223,2,2281,0,192,0
2756,223,4,4926,1,250,0
2757,223,2,2487,0,206,0
2758,223,4,5068,1,207,0
2759,224,4,5555,1,87,0
2760,224,4,5209,1,153,0
2761,224,4,5370,1,174,0
2762,224,4,4659,1,436,0
2763,224,4,5271,1,158,0
2764,224,4,5135,1,202,0
2765,224,4,5195,1,276,0
2766,224,4,5211,1,184,0
2767,224,3,3358,0,179,0
2768,224,4,5312,1,181,0
2769,224,2,2127,0,245,0
2770,224,4,5201,1,174,0
2771,224,4,5380,1,156,0
2772,224,2,2401,0,236,0
2773,224,4,5428,1,153,0
2774,224,4,4965,1,250,0
2775,225,4,5293,1,172,0
2776,225,2,2312,0,208,0
2777,225,4,5109,1,259,0
2778,225,4,5187,1,223,0
2779,225,4,5194,1,169,0
2780,225,4,5348,1,169,0
2781,225,4,5263,1,227,0
2782,225,4,5357,1,135,0
2783,225,4,5291,1,140,0
2784,225,4,5176,1,171,0
2785,225,0,183,0,190,0
2786,225,4,4903,1,292,0
2787,225,2,2516,0,176,0
2788,225,2,2459,0,196,0
2789,225,4,5281,1,185,0
2790,226,4,5257,1,156,0
2791,226,4,5564,1,90,0
2792,226,4,5226,1,170,0
2793,226,3,3483,0,193,0
2794,226,2,2374,0,210,0
2795,226,4,5176,1,172,0
2796,226,4,5234,1,205,0
2797,226,4,5444,1,123,0
2798,226,4,5429,1,156,0
2799,226,4,4658,1,420,0
2800,226,0,99,0,110,1
2801,226,2,2284,0,173,0
2802,226,4,5231,1,143,0
2803,226,4,5384,1,109,0
2804,226,4,5346,1,126,0
2805,226,0,191,0,363,0
2806,227,4,5049,1,288,0
2807,227,4,4997,1,228,0
2808,227,4,5566,1,84,0
2809,227,2,2291,0,275,0
2810,227,4,5360,1,182,0
2811,227,4,5223,1,236,0
2812,227,4,5226,1,154,0
2813,227,4,5382,1,159,0
2814,227,4,5343,1,149,0
2815,227,4,5381,1,121,0
2816,227,4,5308,1,143,0
2817,227,4,5245,1,207,0
2818,227,4,5134,1,195,0
2819,227,4,5116,1,186,0
2820,227,4,5567,1,78,0
2821,227,2,2279,0,195,0
2822,227,4,5370,1,132,0
2823,227,4,5462,1,106,0
2824,228,0,187,0,225,0
2825,228,4,5180,1,261,0
2826,228,4,5298,1,154,0
2827,228,0,99,0,176,0
2828,228,4,5002,1,299,0
2829,228,4,5349,1,143,0
2830,228,4,5448,1,113,0
2831,228,4,5535,1,98,0
2832,228,4,5471,1,113,0
2833,228,4,5275,1,165,0
2834,228,4,5617,1,78,0
2835,228,4,5259,1,184,0
2836,228,4,5484,1,112,0
2837,228,4,5420,1,161,0
2838,228,4,5445,1,159,0
2839,228,4,5597,1,85,0
2840,228,4,5439,1,121,0
2841,228,4,5256,1,205,0
2842,228,4,5344,1,124,0
2843,229,4,4962,1,227,0
2844,229,4,4832,1,267,0
2845,229,4,5121,1,193,0
2846,229,4,5149,1,163,0
2847,229,4,5544,1,98,0
2848,229,4,5432,1,118,0
2849,229,4,5018,1,201,0
2850,229,4,4746,1,298,0
2851,229,4,5337,1,140,0
2852,229,4,5596,1,76,0
2853,229,4,5545,1,117,0
2854,229,4,5156,1,178,0
2855,229,4,5448,1,128,0
2856,229,4,5192,1,196,0
2857,229,4,5231,1,184,0
2858,229,4,4945,1,255,0
2859,229,4,5024,1,261,0
2860,229,4,5142,1,215,0
2861,230,4,5207,1,176,0
2862,230,4,5391,1,134,0
2863,230,4,5482,1,113,0
2864,230,4,5533,1,95,0
2865,230,4,5225,1,191,0
2866,230,4,5317,1,176,0
2867,230,4,5452,1,107,0
2868,230,4,5134,1,309,0
2869,230,4,5428,1,132,0
2870,230,4,5567,1,89,0
2871,230,4,5347,1,198,0
2872,230,4,5408,1,131,0
2873,230,4,5204,1,188,0
2874,230,4,5527,1,139,0
2875,230,4,4822,1,309,0
2876,230,4,5309,1,165,0
2877,230,4,5585,1,91,0
2878,230,4,5451,1,142,0
2879,230,4,4502,1,290,0
2880,231,4,5063,1,233,0
2881,231,4,5514,1,106,0
2882,231,4,5004,1,284,0
2883,231,4,5285,1,140,0
2884,231,4,5164,1,220,0
2885,231,4,5140,1,160,0
2886,231,4,5385,1,124,0
2887,231,4,5164,1,169,0
2888,231,4,5493,1,114,0
2889,231,4,5158,1,158,0
2890,231,4,5458,1,135,0
2891,231,2,2319,0,207,0
2892,231,4,5444,1,136,0
2893,231,4,5099,1,224,0
2894,231,4,5525,1,104,0
2895,231,3,3315,0,248,0
2896,231,1,1267,0,172,0
2897,232,4,5351,1,139,0
2898,232,4,5379,1,132,0
2899,232,4,5183,1,222,0
2900,232,0,99,0,110,1
2901,232,4,5522,1,101,0
2902,232,4,5369,1,173,0
2903,232,1,1099,0,183,0
2904,232,4,5516,1,98,0
2905,232,4,5333,1,129,0
2906,232,4,4988,1,246,0
2907,232,2,2503,0,208,0
2908,232,2,2272,0,211,0
2909,232,4,5044,1,212,0
2910,232,2,2451,0,199,0
2911,232,4,5492,1,121,0
2912,232,4,5350,1,211,0
2913,232,4,5502,1,136,0
2914,232,4,5213,1,207,0
2915,233,4,5049,1,190,0
2916,233,2,2042,0,219,0
2917,233,4,5053,1,285,0
2918,233,4,5106,1,230,0
2919,233,4,5339,1,147,0
2920,233,4,5286,1,159,0
2921,233,4,4737,1,261,0
2922,233,4,5087,1,213,0
2923,233,4,5395,1,125,0
2924,233,4,5433,1,128,0
2925,233,2,2184,0,199,0
2926,233,2,2299,0,204,0
2927,233,4,5369,1,163,0
2928,233,4,5617,1,77,0
2929,233,4,5050,1,235,0
2930,233,4,4965,1,270,0
2931,233,4,5091,1,167,0
2932,234,2,2267,0,185,0
2933,234,4,5591,1,89,0
2934,234,4,5517,1,96,0
2935,234,4,5119,1,187,0
2936,234,2,2315,0,236,0
2937,234,4,4993,1,203,0
2938,234,4,5107,1,231,0
2939,234,4,5400,1,113,0
2940,234,4,5385,1,126,0
2941,234,4,5119,1,190,0
2942,234,0,99,0,189,0
2943,234,3,3479,0,250,0
2944,234,4,5074,1,225,0
2945,234,3,3081,0,306,0
2946,234,4,4686,1,367,0
2947,234,4,5271,1,165,0
2948,235,4,5342,1,186,0
2949,235,4,5267,1,180,0
2950,235,3,3249,0,278,0
2951,235,4,5133,1,215,0
2952,235,4,5530,1,80,0
2953,235,4,5002,1,296,0
2954,235,4,5426,1,131,0
2955,235,4,5587,1,79,0
2956,235,4,5548,1,103,0
2957,235,4,5432,1,171,0
2958,235,4,5587,1,85,0
2959,235,4,5148,1,218,0
2960,235,4,5274,1,163,0
2961,235,4,5247,1,210,0
2962,235,0,99,0,257,0
2963,235,4,5246,1,275,0
2964,235,4,5089,1,228,0
2965,236,4,4848,1,284,0
2966,236,4,5449,1,103,0
2967,236,4,5100,1,220,0
2968,236,4,4702,1,496,0
2969,236,4,5191,1,151,0
2970,236,4,5323,1,158,0
2971,236,4,5518,1,154,0
2972,236,1,1189,0,143,0
2973,236,4,5199,1,229,0
2974,236,4,4834,1,250,0
2975,236,4,5110,1,245,0
2976,236,4,5578,1,88,0
2977,236,4,5458,1,153,0
2978,236,1,1264,0,170,0
2979,236,4,5358,1,198,0
2980,236,4,5290,1,130,0
2981,236,4,5487,1,121,0
2982,237,4,5471,1,113,0
2983,237,4,4526,1,320,0
2984,237,4,5361,1,156,0
2985,237,4,5081,1,270,0
2986,237,4,5130,1,185,0
2987,237,4,5122,1,223,0
2988,237,4,5072,1,178,0
2989,237,4,5306,1,141,0
2990,237,4,5164,1,219,0
2991,237,4,5255,1,228,0
2992,237,4,4955,1,244,0
2993,237,4,5172,1,176,0
2994,237,0,184,0,199,0
2995,237,4,4956,1,265,0
2996,237,4,4813,1,273,0
2997,238,4,4576,1,371,0
2998,238,4,5331,1,153,0
2999,238,4,4961,1,224,0
3000,238,0,99,0,110,1
3001,238,4,5287,1,175,0
3002,238,4,5459,1,129,0
3003,238,4,5397,1,156,0
3004,238,4,5191,1,169,0
3005,238,4,5221,1,211,0
3006,238,4,5159,1,219,0
3007,238,1,1191,0,286,0
3008,238,4,5366,1,130,0
3009,238,4,5225,1,190,0
3010,238,4,4958,1,211,0
3011,238,3,3225,0,255,0
3012,238,4,5278,1,194,0
3013,238,0,97,0,136,0
3014,239,4,5132,1,171,0
3015,239,4,5239,1,201,0
3016,239,4,5357,1,139,0
3017,239,0,99,0,155,0
3018,239,4,5310,1,157,0
3019,239,4,5620,1,72,0
3020,239,4,4838,1,259,0
3021,239,4,5355,1,137,0
3022,239,4,5064,1,222,0
3023,239,4,5210,1,214,0
3024,239,4,5277,1,187,0
3025,239,4,4940,1,223,0
3026,239,4,5252,1,211,0
3027,239,4,5196,1,208,0
3028,239,4,5191,1,197,0
3029,239,4,4939,1,227,0
3030,239,4,5289,1,161,0
3031,240,4,5144,1,198,0
3032,240,4,5143,1,191,0
3033,240,4,5361,1,129,0
3034,240,2,2232,0,361,0
3035,240,4,5022,1,264,0
3036,240,4,5132,1,229,0
3037,240,4,5146,1,224,0
3038,240,4,4958,1,202,0
3039,240,4,5275,1,143,0
3040,240,2,2432,0,204,0
3041,240,4,5270,1,193,0
3042,240,4,5159,1,205,0
3043,240,4,5485,1,101,0
3044,240,3,3109,0,223,0
3045,240,4,5149,1,179,0
3046,240,4,5259,1,159,0
3047,241,1,1271,0,200,0
3048,241,4,4742,1,293,0
3049,241,4,5149,1,204,0
3050,241,0,99,0,203,0
3051,241,4,5485,1,114,0
3052,241,4,4998,1,218,0
3053,241,4,5551,1,87,0
3054,241,4,5369,1,143,0
3055,241,4,4936,1,241,0
3056,241,4,5522,1,99,0
3057,241,4,5024,1,236,0
3058,241,2,2538,0,218,0
3059,241,4,5329,1,144,0
3060,241,3,3388,0,240,0
3061,241,4,5367,1,153,0
3062,241,4,5370,1,184,0
3063,241,4,5234,1,213,0
3064,242,4,5004,1,211,0
3065,242,4,5043,1,259,0
3066,242,4,4860,1,211,0
3067,242,4,4715,1,315,0
3068,242,4,4719,1,273,0
3069,242,4,5527,1,103,0
3070,242,4,5335,1,144,0
3071,242,4,5414,1,204,0
3072,242,4,4581,1,328,0
3073,242,4,5008,1,226,0
3074,242,4,4736,1,335,0
3075,242,4,4808,1,313,0
3076,242,4,5055,1,206,0
3077,242,4,5419,1,125,0
3078,243,4,5161,1,202,0
3079,243,4,5411,1,134,0
3080,243,4,5303,1,155,0
3081,243,4,5025,1,219,0
3082,243,4,5475,1,118,0
3083,243,4,5183,1,208,0
3084,243,4,5217,1,203,0
3085,243,4,5545,1,101,0
3086,243,4,5109,1,201,0
3087,243,4,5461,1,125,0
3088,243,2,2261,0,201,0
3089,243,4,5128,1,231,0
3090,243,4,5392,1,154,0
3091,243,4,5051,1,280,0
3092,243,4,5181,1,168,0
3093,243,4,4703,1,365,0
3094,243,1,1222,0,243,0
3095,244,2,2306,0,227,0
3096,244,4,5306,1,152,0
3097,244,4,5193,1,181,0
3098,244,4,5251,1,127,0
3099,244,4,5398,1,125,0
3100,244,0,99,0,110,1
3101,244,2,2316,0,253,0
3102,244,4,5128,1,222,0
3103,244,4,5536,1,91,0
3104,244,4,5598,1,164,0
3105,244,4,5127,1,214,0
3106,244,4,5432,1,160,0
3107,244,4,4599,1,394,0
3108,244,4,5280,1,157,0
3109,244,4,5075,1,182,0
3110,244,4,5279,1,143,0
3111,244,4,5072,1,185,0
3112,245,4,5050,1,233,0
3113,245,4,5422,1,131,0
3114,245,4,5549,1,87,0
3115,245,4,5523,1,114,0
3116,245,4,5351,1,129,0
3117,245,2,2438,0,253,0
3118,245,4,5331,1,133,0
3119,245,2,2392,0,281,0
3120,245,4,5178,1,201,0
3121,245,2,2217,0,214,0
3122,245,2,2132,0,242,0
3123,245,4,5102,1,199,0
3124,245,4,5134,1,197,0
3125,245,4,5385,1,133,0
3126,245,0,185,0,133,0
3127,245,4,4929,1,229,0
3128,245,4,5246,1,158,0
3129,245,2,2471,0,210,0
3130,245,4,5502,1,99,0
3131,246,4,4845,1,258,0
3132,246,2,2226,0,237,0
3133,246,4,5331,1,121,0
3134,246,4,5259,1,208,0
3135,246,4,5456,1,120,0
3136,246,4,5334,1,158,0
3137,246,4,5357,1,150,0
3138,246,4,5137,1,170,0
3139,246,4,5152,1,153,0
3140,246,4,5562,1,83,0
3141,246,4,5598,1,75,0
3142,246,4,5197,1,180,0
3143,246,4,4703,1,356,0
3144,246,1,1436,0,374,0
3145,246,4,5010,1,217,0
3146,246,4,4632,1,333,0
3147,247,4,5267,1,218,0
3148,247,4,5045,1,197,0
3149,247,4,5019,1,352,0
3150,247,4,5116,1,196,0
3151,247,4,5325,1,180,0
3152,247,4,5356,1,151,0
3153,247,4,5283,1,148,0
3154,247,4,5071,1,291,0
3155,247,4,4969,1,271,0
3156,247,4,5302,1,129,0
3157,247,4,5434,1,121,0
3158,247,4,5351,1,127,0
3159,247,4,5568,1,83,0
3160,247,4,5433,1,128,0
3161,247,4,5191,1,170,0
3162,247,4,5332,1,151,0
3163,248,4,4916,1,330,0
3164,248,4,5121,1,231,0
3165,248,4,5017,1,215,0
3166,248,4,5611,1,82,0
3167,248,4,5324,1,133,0
3168,248,4,4961,1,235,0
3169,248,4,5382,1,132,0
3170,248,4,5205,1,182,0
3171,248,1,1220,0,185,0
3172,248,4,5425,1,125,0
3173,248,4,4664,1,302,0
3174,248,3,3206,0,282,0
3175,248,4,5456,1,98,0
3176,248,4,5329,1,151,0
3177,248,3,3152,0,591,0
3178,248,4,5435,1,113,0
3179,249,1,1254,0,195,0
3180,249,4,5539,1,99,0
3181,249,4,5420,1,108,0
3182,249,4,5476,1,99,0
3183,249,4,5235,1,165,0
3184,249,4,5031,1,241,0
3185,249,4,5045,1,279,0
3186,249,1,1216,0,196,0
3187,249,4,5355,1,128,0
3188,249,4,5431,1,112,0
3189,249,4,5042,1,207,0
3190,249,4,5179,1,187,0
3191,249,4,5380,1,128,0
3192,249,4,5317,1,146,0
3193,249,4,4903,1,259,0
3194,249,4,5474,1,115,0
3195,249,4,4956,1,217,0
3196,250,4,5054,1,195,0
3197,250,0,197,0,142,0
3198,250,4,5376,1,146,0
3199,250,4,5060,1,208,0
3200,250,0,99,0,110,1
3201,250,4,5483,1,99,0
3202,250,4,5016,1,239,0
3203,250,3,3391,0,183,0
3204,250,4,5572,1,80,0
3205,250,4,5432,1,175,0
3206,250,4,5346,1,154,0
3207,250,4,5131,1,235,0
3208,250,4,5161,1,185,0
3209,250,4,5489,1,135,0
3210,250,4,5373,1,132,0
3211,250,4,5167,1,190,0
3212,250,4,5285,1,132,0
3213,250,4,5122,1,184,0
3214,250,4,5437,1,146,0
3215,250,4,5212,1,186,0
3216,251,4,5164,1,272,0
3217,251,4,5050,1,225,0
3218,251,4,5411,1,130,0
3219,251,4,4837,1,251,0
3220,251,4,5182,1,218,0
3221,251,2,2315,0,229,0
3222,251,4,5044,1,233,0
3223,251,4,4691,1,300,0
3224,251,4,4752,1,307,0
3225,251,4,5541,1,92,0
3226,251,4,5414,1,111,0
3227,251,4,5528,1,94,0
3228,251,4,4745,1,297,0
3229,251,4,5023,1,286,0
3230,251,3,3352,0,191,0
3231,252,4,4729,1,295,0
3232,252,4,5408,1,113,0
3233,252,2,2342,0,194,0
3234,252,4,5605,1,69,0
3235,252,4,4909,1,289,0
3236,252,0,99,0,138,0
3237,252,2,2350,0,263,0
3238,252,4,5589,1,72,0
3239,252,4,5268,1,163,0
3240,252,4,5256,1,164,0
3241,252,4,5130,1,196,0
3242,252,4,5395,1,125,0
3243,252,4,5116,1,211,0
3244,252,4,5395,1,120,0
3245,252,4,5200,1,232,0
3246,252,4,5403,1,122,0
3247,252,4,4907,1,229,0
3248,252,4,5472,1,131,0
3249,253,4,4914,1,236,0
3250,253,4,5531,1,101,0
3251,253,4,4682,1,461,0
3252,253,4,4563,1,432,0
3253,253,4,4975,1,256,0
3254,253,4,5204,1,153,0
3255,253,4,5409,1,143,0
3256,253,4,5416,1,119,0
3257,253,4,5317,1,152,0
3258,253,4,4893,1,292,0
3259,253,2,2075,0,278,0
3260,253,4,5116,1,193,0
3261,253,4,5044,1,238,0
3262,253,4,5004,1,230,0
3263,254,4,5064,1,220,0
3264,254,4,5174,1,225,0
3265,254,4,5207,1,164,0
3266,254,4,5536,1,101,0
3267,254,4,5319,1,161,0
3268,254,4,4599,1,349,0
3269,254,4,4886,1,332,0
3270,254,4,5050,1,211,0
3271,254,4,5364,1,139,0
3272,254,4,5415,1,121,0
3273,254,4,5205,1,164,0
3274,254,1,1280,0,299,0
3275,254,4,5265,1,151,0
3276,254,4,5328,1,154,0
3277,254,4,5103,1,201,0
3278,254,4,5162,1,179,0
3279,255,1,1086,0,212,0
3280,255,4,5381,1,145,0
3281,255,4,4616,1,319,0
3282,255,4,5419,1,139,0
3283,255,4,5244,1,169,0
3284,255,4,4932,1,278,0
3285,255,4,5271,1,173,0
3286,255,4,4848,1,285,0
3287,255,4,5358,1,114,0
3288,255,4,5518,1,98,0
3289,255,4,5263,1,198,0
3290,255,4,5201,1,189,0
3291,255,1,1136,0,154,0
3292,255,4,5426,1,109,0
3293,255,4,5106,1,191,0
3294,255,4,4678,1,372,0
3295,255,4,5385,1,117,0
3296,256,2,2328,0,236,0
3297,256,4,5086,1,240,0
3298,256,2,2046,0,528,0
3299,256,4,5424,1,114,0
3300,256,0,99,0,110,1
3301,256,4,5224,1,157,0
3302,256,4,5228,1,215,0
3303,256,4,5101,1,221,0
3304,256,4,5078,1,206,0
3305,256,4,5176,1,132,0
3306,256,4,5360,1,187,0
3307,256,4,5362,1,113,0
3308,256,4,4981,1,258,0
3309,256,4,5412,1,129,0
3310,256,4,5225,1,234,0
3311,257,4,4715,1,402,0
3312,257,4,5195,1,194,0
3313,257,4,5305,1,137,0
3314,257,4,5396,1,134,0
3315,257,1,1369,0,154,0
3316,257,1,1366,0,321,0
3317,257,4,4995,1,175,0
3318,257,4,3928,1,596,0
3319,257,4,5213,1,250,0
3320,257,4,5499,1,136,0
3321,257,4,5386,1,134,0
3322,257,1,1143,0,153,0
3323,257,4,4972,1,225,0
3324,258,4,5049,1,237,0
3325,258,1,1314,0,204,0
3326,258,4,5418,1,118,0
3327,258,0,279,0,135,0
3328,258,4,4961,1,252,0
3329,258,4,5354,1,137,0
3330,258,4,5193,1,213,0
3331,258,4,4560,1,356,0
3332,258,4,5476,1,98,0
3333,258,4,5308,1,140,0
3334,258,4,5038,1,248,0
3335,258,4,5418,1,159,0
3336,258,4,5008,1,286,0
3337,258,4,4832,1,298,0
3338,258,4,5328,1,158,0
3339,258,2,2339,0,249,0
3340,259,4,4866,1,289,0
3341,259,4,4530,1,358,0
3342,259,4,5368,1,131,0
3343,259,4,4886,1,245,0
3344,259,4,5390,1,154,0
3345,259,4,5428,1,138,0
3346,259,4,5046,1,260,0
3347,259,2,2452,0,160,0
3348,259,4,5013,1,280,0
3349,259,4,4957,1,272,0
3350,259,4,5321,1,147,0
3351,259,2,2354,0,224,0
3352,259,4,5248,1,145,0
3353,259,4,5200,1,152,0
3354,260,4,4577,1,289,0
3355,260,4,5339,1,135,0
3356,260,4,5195,1,168,0
3357,260,4,4107,1,403,0
3358,260,4,4790,1,257,0
3359,260,1,1138,0,171,0
3360,260,4,5356,1,104,0
3361,260,1,1432,0,318,0
3362,260,3,3193,0,220,0
3363,260,4,5097,1,255,0
3364,260,4,5448,1,105,0
3365,260,4,5353,1,118,0
3366,260,4,5285,1,174,0
3367,260,4,4613,1,357,0
3368,261,4,5279,1,152,0
3369,261,2,2426,0,203,0
3370,261,4,5204,1,163,0
3371,261,2,2346,0,186,0
3372,261,2,2362,0,180,0
3373,261,4,5283,1,167,0
3374,261,4,5288,1,164,0
3375,261,4,5352,1,150,0
3376,261,4,4868,1,250,0
3377,261,3,3398,0,222,0
3378,261,2,2336,0,214,0
3379,261,2,2285,0,255,0
3380,261,2,2258,0,209,0
3381,261,4,5542,1,106,0
3382,261,4,4893,1,258,0
3383,261,3,3117,0,258,0
3384,261,4,5460,1,113,0
3385,262,4,4781,1,281,0
3386,262,4,5094,1,278,0
3387,262,4,5487,1,110,0
3388,262,4,5110,1,198,0
3389,262,4,4541,1,393,0
3390,262,4,5198,1,192,0
3391,262,4,5340,1,145,0
3392,262,4,5423,1,124,0
3393,262,4,5073,1,280,0
3394,262,4,5454,1,105,0
3395,262,0,99,0,206,0
3396,262,4,5048,1,206,0
3397,262,4,4898,1,272,0
3398,262,4,4935,1,256,0
3399,262,4,5261,1,185,0
3400,263,0,99,0,110,1
3401,263,2,2342,0,329,0
3402,263,4,5008,1,283,0
3403,263,4,4534,1,380,0
3404,263,2,2236,0,225,0
3405,263,4,4819,1,249,0
3406,263,3,3215,0,180,0
3407,263,4,4699,1,379,0
3408,263,4,5299,1,188,0
3409,263,4,5430,1,143,0
3410,263,4,5282,1,192,0
3411,263,4,4984,1,259,0
3412,264,4,5062,1,211,0
3413,264,4,4652,1,287,0
3414,264,2,2147,0,264,0
3415,264,3,3331,0,232,0
3416,264,4,4982,1,212,0
3417,264,4,5265,1,187,0
3418,264,4,4973,1,253,0
3419,264,4,5250,1,174,0
3420,264,4,5204,1,223,0
3421,264,4,4816,1,275,0
3422,264,4,4785,1,327,0
3423,264,4,5003,1,321,0
3424,265,4,4994,1,279,0
3425,265,2,2486,0,180,0
3426,265,4,4684,1,331,0
3427,265,4,5145,1,161,0
3428,265,2,2411,0,221,0
3429,265,4,5467,1,151,0
3430,265,4,5347,1,175,0
3431,265,4,5157,1,214,0
3432,265,4,5384,1,147,0
3433,265,4,4900,1,313,0
3434,265,3,3181,0,204,0
3435,265,4,5359,1,156,0
3436,265,3,3407,0,184,0
3437,265,1,1340,0,229,0
3438,265,4,5318,1,197,0
3439,266,4,5024,1,239,0
3440,266,2,2166,0,417,0
3441,266,2,2525,0,205,0
3442,266,4,4848,1,283,0
3443,266,4,4948,1,232,0
3444,266,4,5551,1,108,0
3445,266,0,289,0,265,0
3446,266,4,5175,1,192,0
3447,266,4,5166,1,205,0
3448,266,4,5197,1,177,0
3449,266,1,1311,0,264,0
3450,266,4,5124,1,183,0
3451,266,4,5284,1,178,0
3452,266,4,5546,1,107,0
3453,266,4,5202,1,149,0
3454,267,4,5054,1,221,0
3455,267,4,4872,1,327,0
3456,267,4,5223,1,166,0
3457,267,0,99,0,148,0
3458,267,4,5412,1,111,0
3459,267,4,5315,1,172,0
3460,267,4,5323,1,169,0
3461,267,4,4939,1,293,0
3462,267,1,1340,0,223,0
3463,267,2,2290,0,214,0
3464,267,4,5021,1,309,0
3465,267,4,5102,1,180,0
3466,267,4,4842,1,228,0
3467,267,4,5384,1,117,0
3468,267,4,5102,1,173,0
3469,267,4,5171,1,194,0
3470,268,4,4991,1,220,0
3471,268,4,5454,1,142,0
3472,268,4,4882,1,257,0
3473,268,4,5061,1,261,0
3474,268,4,5212,1,203,0
3475,268,4,5516,1,111,0
3476,268,4,5173,1,190,0
3477,268,4,5214,1,154,0
3478,268,4,5275,1,151,0
3479,268,1,1361,0,151,0
3480,268,4,5451,1,150,0
3481,268,4,4869,1,261,0
3482,268,4,4891,1,298,0
3483,268,4,5384,1,156,0
3484,268,4,5222,1,164,0
3485,268,4,5237,1,163,0
3486,269,4,5078,1,212,0
3487,269,4,5133,1,186,0
3488,269,4,5360,1,144,0
3489,269,4,5268,1,242,0
3490,269,2,2218,0,587,0
3491,269,4,5311,1,166,0
3492,269,4,4966,1,203,0
3493,269,3,3149,0,363,0
3494,269,4,5461,1,127,0
3495,269,4,5458,1,127,0
3496,269,4,5005,1,339,0
3497,269,2,2378,0,212,0
3498,269,4,5179,1,177,0
3499,270,4,5491,1,111,0
3500,270,0,99,0,110,1
3501,270,2,2391,0,248,0
3502,270,2,2180,0,326,0
3503,270,2,2306,0,242,0
3504,270,1,1106,0,184,0
3505,270,4,5189,1,193,0
3506,270,2,2474,0,180,0
3507,270,4,5191,1,169,0
3508,270,2,2390,0,230,0
3509,270,4,5443,1,140,0
3510,270,4,5335,1,134,0
3511,270,4,5080,1,196,0
3512,270,4,5351,1,142,0
3513,271,4,4552,1,313,0
3514,271,2,2417,0,202,0
3515,271,4,5321,1,136,0
3516,271,4,5376,1,134,0
3517,271,4,5107,1,203,0
3518,271,4,5094,1,196,0
3519,271,4,4894,1,233,0
3520,271,4,4899,1,245,0
3521,271,4,5574,1,83,0
3522,271,4,4968,1,249,0
3523,271,4,5332,1,163,0
3524,271,4,4977,1,223,0
3525,271,4,5358,1,179,0
3526,271,4,5243,1,218,0
3527,271,4,5490,1,119,0
3528,271,4,5347,1,154,0
3529,271,4,5467,1,115,0
3530,272,4,4961,1,273,0
3531,272,4,5447,1,131,0
3532,272,4,5448,1,142,0
3533,272,0,198,0,264,0
3534,272,4,4819,1,316,0
3535,272,4,5325,1,178,0
3536,272,0,99,0,171,0
3537,272,4,5253,1,172,0
3538,272,4,4907,1,241,0
3539,272,4,5386,1,123,0
3540,272,1,1114,0,327,0
3541,272,4,5483,1,116,0
3542,272,4,5156,1,175,0
3543,272,4,5370,1,142,0
3544,272,4,5088,1,191,0
3545,272,4,4666,1,309,0
3546,273,4,5005,1,233,0
3547,273,4,5376,1,122,0
3548,273,0,99,0,211,0
3549,273,4,4825,1,226,0
3550,273,4,4985,1,208,0
3551,273,4,5044,1,255,0
3552,273,4,5600,1,92,0
3553,273,4,5163,1,195,0
3554,273,4,4845,1,378,0
3555,273,4,4827,1,233,0
3556,273,4,5372,1,148,0
3557,273,4,5265,1,262,0
3558,273,4,5216,1,162,0
3559,273,4,5367,1,141,0
3560,273,4,5236,1,150,0
3561,274,4,5063,1,242,0
3562,274,4,4875,1,354,0
3563,274,4,5443,1,130,0
3564,274,2,2061,0,260,0
3565,274,4,5605,1,75,0
3566,274,4,4691,1,338,0
3567,274,4,4883,1,235,0
3568,274,4,5031,1,254,0
3569,274,4,4967,1,210,0
3570,274,4,4907,1,297,0
3571,274,4,5438,1,115,0
3572,274,4,4969,1,352,0
3573,275,4,4375,1,381,0
3574,275,4,5090,1,184,0
3575,275,4,5270,1,160,0
3576,275,4,5327,1,144,0
3577,275,4,5147,1,196,0
3578,275,4,5057,1,195,0
3579,275,4,4824,1,272,0
3580,275,4,5281,1,162,0
3581,275,4,5443,1,115,0
3582,275,4,5315,1,131,0
3583,275,4,5375,1,117,0
3584,275,4,5110,1,208,0
3585,275,4,5438,1,110,0
3586,275,4,5552,1,98,0
3587,275,4,5002,1,196,0
3588,275,4,5235,1,159,0
3589,275,4,5436,1,126,0
3590,276,1,1302,0,313,0
3591,276,4,5261,1,202,0
3592,276,4,5323,1,135,0
3593,276,4,5157,1,153,0
3594,276,4,5165,1,201,0
3595,276,4,5373,1,146,0
3596,276,3,3278,0,246,0
3597,276,4,5557,1,90,0
3598,276,4,5459,1,105,0
3599,276,1,1333,0,209,0
3600,276,0,99,0,110,1
3601,276,4,5172,1,183,0
3602,276,2,2096,0,215,0
3603,276,4,4443,1,318,0
3604,276,4,5046,1,252,0
3605,276,4,5297,1,221,0
3606,277,1,1201,0,215,0
3607,277,4,5306,1,149,0
3608,277,4,5124,1,206,0
3609,277,4,4812,1,282,0
3610,277,4,4351,1,446,0
3611,277,4,4831,1,296,0
3612,277,4,5287,1,163,0
3613,277,4,5216,1,173,0
3614,277,4,5217,1,164,0
3615,277,4,5397,1,136,0
3616,277,4,5317,1,167,0
3617,277,4,5098,1,191,0
3618,277,4,5319,1,142,0
3619,277,4,5442,1,95,0
3620,277,4,5385,1,130,0
3621,277,4,5123,1,209,0
3622,278,4,5115,1,186,0
3623,278,4,5051,1,238,0
3624,278,4,5088,1,222,0
3625,278,4,5140,1,197,0
3626,278,4,5322,1,126,0
3627,278,4,4388,1,412,0
3628,278,4,5331,1,157,0
3629,278,1,1159,0,267,0
3630,278,4,5239,1,176,0
3631,278,4,5504,1,92,0
3632,278,4,5496,1,102,0
3633,278,4,5017,1,212,0
3634,278,4,5464,1,145,0
3635,278,4,4903,1,251,0
3636,279,4,5199,1,208,0
3637,279,4,5344,1,117,0
3638,279,4,4751,1,262,0
3639,279,4,5357,1,162,0
3640,279,4,5219,1,194,0
3641,279,4,5000,1,247,0
3642,279,4,5322,1,145,0
3643,279,4,5307,1,157,0
3644,279,4,5384,1,145,0
3645,279,4,5500,1,103,0
3646,279,4,5223,1,182,0
3647,279,4,5321,1,142,0
3648,279,4,5477,1,133,0
3649,279,4,5412,1,149,0
3650,279,3,2670,0,573,0
3651,279,4,5514,1,97,0
3652,279,4,5673,1,60,0
3653,280,1,1286,0,251,0
3654,280,4,4804,1,307,0
3655,280,0,99,0,224,0
3656,280,4,5281,1,163,0
3657,280,4,5132,1,213,0
3658,280,3,3297,0,424,0
3659,280,4,5116,1,185,0
3660,280,4,5576,1,83,0
3661,280,4,5284,1,188,0
3662,280,4,5460,1,132,0
3663,280,4,5245,1,182,0
3664,280,4,4949,1,233,0
3665,280,4,5205,1,217,0
3666,280,4,5203,1,212,0
3667,280,2,2039,0,300,0
3668,281,4,5158,1,187,0
3669,281,4,5374,1,145,0
3670,281,4,5038,1,216,0
3671,281,4,5149,1,235,0
3672,281,4,4609,1,334,0
3673,281,0,99,0,185,0
3674,281,4,5243,1,161,0
3675,281,4,5122,1,273,0
3676,281,4,5494,1,79,0
3677,281,3,3122,0,201,0
3678,281,4,5297,1,180,0
3679,281,4,5156,1,225,0
3680,281,4,5109,1,208,0
3681,281,4,5552,1,88,0
3682,281,4,5278,1,180,0
3683,281,4,5335,1,145,0
3684,282,4,5090,1,194,0
3685,282,4,4759,1,315,0
3686,282,4,5458,1,146,0
3687,282,4,5488,1,109,0
3688,282,4,4848,1,267,0
3689,282,4,5027,1,166,0
3690,282,4,5408,1,116,0
3691,282,4,5158,1,234,0
3692,282,4,4986,1,244,0
3693,282,4,5502,1,98,0
3694,282,4,4990,1,262,0
3695,282,4,5456,1,115,0
3696,282,4,5356,1,138,0
3697,282,4,5552,1,90,0
3698,282,4,4808,1,329,0
3699,282,4,4756,1,304,0
3700,282,0,99,0,110,1
3701,283,4,5103,1,205,0
3702,283,4,4928,1,229,0
3703,283,4,5438,1,146,0
3704,283,4,4993,1,204,0
3705,283,4,5286,1,235,0
3706,283,4,5021,1,251,0
3707,283,4,5529,1,96,0
3708,283,4,5181,1,175,0
3709,283,4,5402,1,137,0
3710,283,4,5225,1,128,0
3711,283,4,5359,1,160,0
3712,283,4,4850,1,266,0
3713,283,4,5213,1,186,0
3714,283,4,5600,1,82,0
3715,283,4,5138,1,197,0
3716,283,4,5471,1,106,0
3717,283,4,5453,1,92,0
3718,283,4,4905,1,257,0
3719,284,3,2992,0,338,0
3720,284,4,5344,1,153,0
3721,284,4,5165,1,176,0
3722,284,4,5191,1,192,0
3723,284,4,5511,1,94,0
3724,284,4,5425,1,136,0
3725,284,3,3495,0,225,0
3726,284,4,4645,1,280,0
3727,284,4,5131,1,193,0
3728,284,4,5177,1,169,0
3729,284,4,5293,1,125,0
3730,284,4,5211,1,172,0
3731,284,4,5221,1,191,0
3732,284,4,5194,1,194,0
3733,284,4,5311,1,216,0
3734,284,4,5093,1,229,0
3735,284,4,5473,1,107,0
3736,285,2,2259,0,229,0
3737,285,4,5488,1,100,0
3738,285,4,4983,1,305,0
3739,285,4,5041,1,202,0
3740,285,4,5368,1,146,0
3741,285,4,4642,1,309,0
3742,285,4,4927,1,307,0
3743,285,4,4990,1,237,0
3744,285,4,5230,1,196,0
3745,285,4,5100,1,217,0
3746,285,4,5194,1,199,0
3747,285,4,5362,1,144,0
3748,285,4,5615,1,71,0
3749,285,4,5317,1,162,0
3750,285,4,5100,1,167,0
3751,286,4,4674,1,344,0
3752,286,4,5228,1,158,0
3753,286,4,5145,1,209,0
3754,286,4,5067,1,219,0
3755,286,4,5477,1,116,0
3756,286,4,5445,1,116,0
3757,286,4,5158,1,194,0
3758,286,1,1288,0,224,0
3759,286,4,5043,1,257,0
3760,286,4,5474,1,135,0
3761,286,4,5385,1,136,0
3762,286,1,1213,0,311,0
3763,286,4,4863,1,293,0
3764,286,4,5216,1,311,0
3765,286,4,4983,1,245,0
3766,286,4,5051,1,225,0
3767,287,4,5319,1,131,0
3768,287,2,2221,0,212,0
3769,287,4,5048,1,239,0
3770,287,4,4959,1,225,0
3771,287,4,5006,1,208,0
3772,287,4,5479,1,98,0
3773,287,4,5427,1,114,0
3774,287,4,5337,1,136,0
3775,287,4,4824,1,309,0
3776,287,4,5283,1,209,0
3777,287,4,5106,1,167,0
3778,287,4,5285,1,176,0
3779,287,4,5151,1,181,0
3780,287,4,5407,1,135,0
3781,287,4,4627,1,395,0
3782,287,4,5199,1,278,0
3783,288,2,2172,0,341,0
3784,288,4,5013,1,220,0
3785,288,2,2247,0,225,0
3786,288,4,5259,1,175,0
3787,288,4,5328,1,108,0
3788,288,4,4899,1,210,0
3789,288,4,5567,1,95,0
3790,288,4,5516,1,99,0
3791,288,4,5114,1,198,0
3792,288,4,4977,1,284,0
3793,288,4,5334,1,144,0
3794,288,4,4982,1,238,0
3795,288,4,5330,1,168,0
3796,288,4,5523,1,109,0
3797,288,4,5304,1,143,0
3798,288,1,1345,0,198,0
3799,288,4,5446,1,130,0
3800,288,0,99,0,110,1
3801,289,1,1345,0,217,0
3802,289,4,4734,1,275,0
3803,289,4,5156,1,173,0
3804,289,4,5475,1,133,0
3805,289,4,5348,1,134,0
3806,289,4,5407,1,121,0
3807,289,4,5156,1,173,0
3808,289,4,5302,1,141,0
3809,289,4,5258,1,148,0
3810,289,4,4959,1,225,0
3811,289,1,1273,0,273,0
3812,289,1,1184,0,257,0
3813,289,4,5323,1,139,0
3814,289,4,5570,1,87,0
3815,289,4,5561,1,84,0
3816,289,4,5219,1,214,0
3817,289,4,5175,1,162,0
3818,289,0,99,0,170,0
3819,290,3,3119,0,268,0
3820,290,4,5378,1,103,0
3821,290,2,2168,0,261,0
3822,290,1,1289,0,251,0
3823,290,4,5442,1,114,0
3824,290,4,5273,1,180,0
3825,290,4,5318,1,160,0
3826,290,4,4939,1,268,0
3827,290,4,4774,1,305,0
3828,290,4,5127,1,195,0
3829,290,4,5075,1,203,0
3830,290,4,5119,1,205,0
3831,290,4,5308,1,171,0
3832,290,4,5093,1,195,0
3833,290,4,5416,1,127,0
3834,291,4,5142,1,170,0
3835,291,4,5440,1,141,0
3836,291,4,5334,1,164,0
3837,291,4,4770,1,273,0
3838,291,4,5426,1,115,0
3839,291,4,5366,1,127,0
3840,291,4,5275,1,155,0
3841,291,4,5356,1,149,0
3842,291,4,4945,1,245,0
3843,291,4,5379,1,150,0
3844,291,4,5377,1,129,0
3845,291,4,5584,1,106,0
3846,291,4,5124,1,191,0
3847,291,4,5140,1,186,0
3848,291,1,1242,0,450,0
3849,291,4,5154,1,217,0
3850,291,4,5249,1,168,0
3851,292,1,1084,0,213,0
3852,292,4,5202,1,210,0
3853,292,4,5437,1,125,0
3854,292,4,5200,1,173,0
3855,292,4,5046,1,218,0
3856,292,4,5204,1,179,0
3857,292,4,5430,1,111,0
3858,292,4,4951,1,239,0
3859,292,4,5448,1,131,0
3860,292,4,5290,1,162,0
3861,292,4,5406,1,177,0
3862,292,4,5355,1,121,0
3863,292,4,5441,1,117,0
3864,292,4,4944,1,289,0
3865,292,1,1345,0,394,0
3866,292,4,5629,1,69,0
3867,292,4,5262,1,157,0
3868,293,4,4802,1,341,0
3869,293,4,5290,1,160,0
3870,293,4,4669,1,364,0
3871,293,2,2192,0,448,0
3872,293,4,5548,1,98,0
3873,293,4,4805,1,310,0
3874,293,4,5281,1,122,0
3875,293,4,5250,1,158,0
3876,293,4,5035,1,220,0
3877,293,4,4777,1,349,0
3878,293,4,5111,1,199,0
3879,293,4,5427,1,110,0
3880,293,4,5526,1,97,0
3881,293,4,5355,1,132,0
3882,294,4,4974,1,208,0
3883,294,4,5227,1,164,0
3884,294,4,5258,1,203,0
3885,294,4,4861,1,260,0
3886,294,4,4988,1,199,0
3887,294,0,186,0,181,0
3888,294,4,5438,1,122,0
3889,294,4,5116,1,190,0
3890,294,4,5423,1,120,0
3891,294,4,4934,1,215,0
3892,294,2,2177,0,340,0
3893,294,4,4761,1,324,0
3894,294,4,5309,1,137,0
3895,294,4,5426,1,128,0
3896,294,4,4772,1,268,0
3897,295,1,1221,0,264,0
3898,295,1,1312,0,339,0
3899,295,4,5636,1,70,0
3900,295,0,99,0,110,1
3901,295,4,5218,1,171,0
3902,295,4,4952,1,293,0
3903,295,3,3350,0,197,0
3904,295,4,4958,1,234,0
3905,295,4,5541,1,99,0
3906,295,4,4786,1,368,0
3907,295,4,4672,1,307,0
3908,295,4,5464,1,106,0
3909,295,4,5060,1,216,0
3910,295,4,4850,1,263,0
3911,295,4,5109,1,176,0
3912,296,4,5133,1,191,0
3913,296,4,5235,1,156,0
3914,296,4,4792,1,254,0
3915,296,4,5108,1,208,0
3916,296,4,4983,1,251,0
3917,296,4,5301,1,177,0
3918,296,4,5475,1,107,0
3919,296,4,5550,1,91,0
3920,296,4,5399,1,129,0
3921,296,4,5323,1,146,0
3922,296,4,4929,1,279,0
3923,296,4,4982,1,203,0
3924,296,4,5180,1,208,0
3925,296,4,5046,1,279,0
3926,296,4,5511,1,118,0
3927,296,4,5201,1,189,0
3928,297,4,4627,1,342,0
3929,297,4,5285,1,157,0
3930,297,4,5331,1,149,0
3931,297,4,5175,1,244,0
3932,297,4,5382,1,158,0
3933,297,4,5269,1,147,0
3934,297,4,4874,1,271,0
3935,297,2,2105,0,524,0
3936,297,2,2345,0,214,0
3937,297,4,5171,1,176,0
3938,297,4,5446,1,126,0
3939,297,4,5241,1,187,0
3940,297,4,5007,1,222,0
3941,297,4,5185,1,208,0
3942,298,4,5405,1,128,0
3943,298,4,5029,1,237,0
3944,298,4,5162,1,179,0
3945,298,4,4732,1,393,0
3946,298,4,4754,1,280,0
3947,298,4,5251,1,182,0
3948,298,4,5186,1,188,0
3949,298,4,5075,1,174,0
3950,298,4,4761,1,346,0
3951,298,4,5236,1,201,0
3952,298,4,5394,1,114,0
3953,298,4,5314,1,202,0
3954,298,4,5341,1,151,0
3955,298,4,4859,1,253,0
3956,298,4,5380,1,122,0
3957,299,4,5203,1,171,0
3958,299,4,5021,1,213,0
3959,299,4,5485,1,119,0
3960,299,4,5245,1,210,0
3961,299,4,5402,1,131,0
3962,299,4,5016,1,172,0
3963,299,4,5099,1,212,0
3964,299,4,5239,1,165,0
3965,299,4,5139,1,193,0
3966,299,1,1223,0,501,0
3967,299,1,1158,0,223,0
3968,299,0,99,0,220,0
3969,299,3,3322,0,239,0
3970,299,4,5350,1,125,0
3971,299,3,3318,0,180,0
3972,300,4,4940,1,278,0
3973,300,4,4901,1,273,0
3974,300,4,5143,1,160,0
3975,300,4,5173,1,200,0
3976,300,4,5307,1,181,0
3977,300,4,5193,1,209,0
3978,300,4,5225,1,175,0
3979,300,4,4952,1,226,0
3980,300,2,2345,0,588,0
3981,300,4,4884,1,240,0
3982,300,4,5241,1,208,0
3983,300,4,5148,1,198,0
3984,300,4,5305,1,141,0
3985,301,4,5158,1,183,0
3986,301,4,5339,1,142,0
3987,301,4,5153,1,185,0
3988,301,2,2412,0,242,0
3989,301,1,1327,0,181,0
3990,301,4,4620,1,308,0
3991,301,4,5493,1,111,0
3992,301,4,5224,1,172,0
3993,301,4,5577,1,85,0
3994,301,4,5591,1,75,0
3995,301,4,5310,1,142,0
3996,301,4,5279,1,158,0
3997,301,4,5005,1,229,0
3998,301,4,4918,1,243,0
3999,301,4,5146,1,233,0
4000,301,0,99,0,110,1
4001,301,4,5475,1,104,0
