1,0,1,1304,0,349,0
2,0,0,335,0,362,0
3,0,0,0,0,116,0
4,0,0,84,0,224,0
5,1,0,0,0,243,0
6,1,0,97,0,179,0
7,1,0,83,0,240,0
8,1,1,1308,0,318,0
9,1,0,98,0,173,0
10,1,0,92,0,159,0
11,1,2,1990,0,293,0
12,1,2,2369,0,270,0
13,1,0,99,0,162,0
14,1,0,95,0,123,0
15,1,1,994,0,203,0
16,1,2,2216,0,280,0
17,1,1,1023,0,192,0
18,1,0,180,0,252,0
19,2,0,99,0,190,0
20,2,0,97,0,118,0
21,2,3,3351,0,305,0
22,2,2,2305,0,332,0
23,2,1,1235,0,286,0
24,2,1,939,0,521,0
25,2,1,1243,0,233,0
26,2,0,226,0,510,0
27,2,0,93,0,233,0
28,2,0,157,0,430,0
29,3,0,93,0,173,0
30,3,1,1021,0,298,0
31,3,2,2005,0,392,0
32,3,2,1722,0,484,0
33,3,3,2403,0,616,0
34,3,0,0,0,251,0
35,3,1,1052,0,389,0
36,3,1,1192,0,287,0
37,4,1,1090,0,251,0
38,4,1,985,0,200,0
39,4,0,0,0,249,0
40,4,1,969,0,783,0
41,4,1,1142,0,153,0
42,4,1,1173,0,393,0
43,4,1,1057,0,141,0
44,4,0,93,0,371,0
45,4,0,257,0,244,0
46,5,1,872,0,536,0
47,5,1,1267,0,216,0
48,5,1,1050,0,371,0
49,5,1,1228,0,340,0
50,5,1,895,0,694,0
51,5,1,940,0,270,0
52,5,1,1293,0,236,0
53,5,0,94,0,167,0
54,5,1,955,0,411,0
55,5,1,1192,0,288,0
56,6,1,1061,0,544,0
57,6,1,1160,0,512,0
58,6,1,1017,0,427,0
59,6,1,894,0,686,0
60,6,0,87,0,140,0
61,6,1,1293,0,207,0
62,6,0,0,0,200,0
63,6,1,1156,0,410,0
64,7,2,1977,0,438,0
65,7,1,933,0,254,0
66,7,0,83,0,386,0
67,7,1,1164,0,421,0
68,7,0,248,0,360,0
69,7,1,1008,0,450,0
70,7,0,83,0,338,0
71,8,2,1958,0,580,0
72,8,2,2381,0,259,0
73,8,1,1075,0,239,0
74,8,1,1095,0,308,0
75,8,2,2064,0,408,0
76,8,0,0,0,251,0
77,8,1,1343,0,214,0
78,8,1,1057,0,362,0
79,8,2,2082,0,290,0
80,8,1,1173,0,210,0
81,8,1,1062,0,348,0
82,8,1,1075,0,214,0
83,9,2,1681,0,593,0
84,9,1,1203,0,190,0
85,9,0,0,0,115,0
86,9,2,2221,0,379,0
87,9,1,1245,0,210,0
88,9,1,1166,0,215,0
89,9,2,1862,0,659,0
90,9,2,2132,0,296,0
91,9,2,2337,0,301,0
92,10,1,1184,0,201,0
93,10,1,1020,0,188,0
94,10,1,1355,0,290,0
95,10,1,1131,0,443,0
96,10,2,2072,0,314,0
97,10,2,1895,0,482,0
98,10,1,1083,0,300,0
99,10,1,1210,0,538,0
100,10,0,0,0,101,1
101,11,1,1102,0,438,0
102,11,1,1274,0,499,0
103,11,1,1230,0,177,0
104,11,3,3034,0,438,0
105,11,2,1971,0,431,0
106,11,1,1279,0,594,0
107,11,1,1144,0,457,0
108,11,1,1294,0,252,0
109,12,1,1096,0,519,0
110,12,0,83,0,288,0
111,12,2,1952,0,688,0
112,12,1,1360,0,175,0
113,12,0,99,0,183,0
114,12,2,1772,0,517,0
115,12,2,2013,0,471,0
116,13,0,99,0,316,0
117,13,1,1166,0,238,0
118,13,2,1821,0,789,0
119,13,0,99,0,518,0
120,13,1,995,0,208,0
121,13,2,2384,0,366,0
122,13,3,3297,0,280,0
123,13,2,2166,0,454,0
124,13,2,2317,0,278,0
125,14,2,2286,0,233,0
126,14,1,1033,0,277,0
127,14,2,2388,0,279,0
128,14,2,2326,0,256,0
129,14,2,2432,0,230,0
130,14,2,1890,0,736,0
131,14,1,1241,0,404,0
132,14,2,2249,0,330,0
133,15,1,1267,0,599,0
134,15,2,2281,0,411,0
135,15,2,2269,0,423,0
136,15,1,1297,0,630,0
137,15,1,1269,0,192,0
138,15,2,2334,0,409,0
139,15,1,1189,0,506,0
140,16,3,3071,0,469,0
141,16,2,1943,0,477,0
142,16,2,2218,0,299,0
143,16,3,3226,0,450,0
144,16,3,3313,0,476,0
145,16,1,1109,0,315,0
146,16,1,1278,0,517,0
147,16,3,3071,0,341,0
148,17,2,2119,0,377,0
149,17,0,98,0,135,0
150,17,1,1120,0,212,0
151,17,1,1039,0,581,0
152,17,3,3088,0,385,0
153,17,2,2231,0,305,0
154,17,2,2196,0,316,0
155,17,4,4201,1,535,0
156,18,2,2319,0,312,0
157,18,4,4598,1,409,0
158,18,4,4475,1,489,0
159,18,1,1290,0,437,0
160,18,1,1251,0,402,0
161,18,2,2052,0,326,0
162,18,1,1145,0,213,0
163,18,2,2308,0,242,0
164,18,4,4784,1,356,0
165,19,2,2208,0,337,0
166,19,1,1152,0,182,0
167,19,2,1978,0,443,0
168,19,3,3174,0,802,0
169,19,4,4895,1,265,0
170,19,3,3219,0,251,0
171,19,1,1232,0,168,0
172,19,2,2118,0,407,0
173,20,2,2346,0,350,0
174,20,2,2248,0,264,0
175,20,2,2237,0,282,0
176,20,2,2269,0,196,0
177,20,4,4959,1,228,0
178,20,0,194,0,153,0
179,20,4,4859,1,222,0
180,20,1,1248,0,344,0
181,20,4,5202,1,195,0
182,20,4,4779,1,259,0
183,20,4,3362,1,759,0
184,21,4,4234,1,490,0
185,21,1,1268,0,357,0
186,21,4,4441,1,385,0
187,21,3,2837,0,358,0
188,21,4,4471,1,397,0
189,21,2,2033,0,472,0
190,21,4,5047,1,226,0
191,21,4,4490,1,422,0
192,22,3,3208,0,285,0
193,22,1,1253,0,184,0
194,22,1,1276,0,172,0
195,22,4,5007,1,289,0
196,22,3,3168,0,371,0
197,22,1,1013,0,548,0
198,22,0,0,0,419,0
199,22,1,1003,0,230,0
200,22,0,0,0,107,1
201,22,4,4395,1,369,0
202,23,2,2193,0,392,0
203,23,0,83,0,218,0
204,23,3,3380,0,256,0
205,23,4,4844,1,357,0
206,23,0,0,0,136,0
207,23,4,4473,1,464,0
208,23,4,4948,1,342,0
209,23,0,96,0,152,0
210,23,4,5113,1,161,0
211,23,4,4314,1,342,0
212,23,3,3367,0,259,0
213,23,4,4618,1,321,0
214,24,3,3345,0,306,0
215,24,1,1038,0,281,0
216,24,2,2033,0,379,0
217,24,1,1277,0,138,0
218,24,1,1087,0,247,0
219,24,2,2163,0,223,0
220,24,3,2916,0,494,0
221,24,3,3111,0,267,0
222,24,3,3006,0,469,0
223,24,3,3214,0,212,0
224,24,4,4951,1,321,0
225,25,4,4643,1,444,0
226,25,0,89,0,143,0
227,25,1,1270,0,437,0
228,25,2,2114,0,326,0
229,25,4,4854,1,299,0
230,25,3,3032,0,357,0
231,25,3,3370,0,413,0
232,25,4,5059,1,252,0
233,26,2,2158,0,592,0
234,26,3,3088,0,315,0
235,26,3,3142,0,256,0
236,26,1,1189,0,322,0
237,26,1,996,0,443,0
238,26,1,1097,0,165,0
239,26,1,1202,0,161,0
240,26,0,87,0,162,0
241,26,1,1214,0,239,0
242,26,1,1225,0,171,0
243,26,3,3253,0,241,0
244,26,3,2936,0,324,0
245,26,1,1190,0,148,0
246,27,4,4264,1,404,0
247,27,3,3491,0,267,0
248,27,1,1060,0,206,0
249,27,1,1064,0,160,0
250,27,1,1261,0,270,0
251,27,0,90,0,145,0
252,27,3,3201,0,462,0
253,27,1,1006,0,246,0
254,27,4,4476,1,322,0
255,27,4,5129,1,156,0
256,27,1,1148,0,132,0
257,27,3,3011,0,358,0
258,27,1,1140,0,149,0
259,28,4,4449,1,392,0
260,28,1,1049,0,184,0
261,28,0,89,0,134,0
262,28,4,4011,1,547,0
263,28,4,4549,1,317,0
264,28,4,4803,1,250,0
265,28,0,99,0,287,0
266,28,4,4506,1,338,0
267,28,4,4984,1,207,0
268,28,1,1259,0,178,0
269,29,3,2557,0,593,0
270,29,3,2712,0,562,0
271,29,3,3457,0,300,0
272,29,4,4682,1,343,0
273,29,2,2128,0,180,0
274,29,1,1164,0,325,0
275,29,2,1965,0,407,0
276,29,4,4697,1,287,0
277,29,4,4511,1,400,0
278,30,1,1158,0,253,0
279,30,1,1133,0,160,0
280,30,1,1216,0,433,0
281,30,1,1336,0,178,0
282,30,3,3180,0,213,0
283,30,2,2137,0,365,0
284,30,3,2795,0,426,0
285,30,1,987,0,209,0
286,30,0,91,0,119,0
287,30,4,4843,1,236,0
288,30,4,5031,1,179,0
289,30,4,4621,1,332,0
290,31,1,1163,0,410,0
291,31,4,4071,1,448,0
292,31,1,1177,0,207,0
293,31,3,2974,0,476,0
294,31,4,4946,1,201,0
295,31,2,2390,0,264,0
296,31,2,2084,0,273,0
297,31,3,3045,0,321,0
298,31,4,4985,1,214,0
299,31,3,2818,0,416,0
300,32,0,0,0,103,1
301,32,3,3156,0,221,0
302,32,2,1975,0,362,0
303,32,1,1012,0,203,0
304,32,0,99,0,132,0
305,32,4,4837,1,282,0
306,32,0,99,0,251,0
307,32,3,3012,0,560,0
308,32,4,5046,1,268,0
309,32,2,2159,0,275,0
310,32,1,1258,0,175,0
311,33,3,2819,0,421,0
312,33,2,2372,0,195,0
313,33,4,5080,1,177,0
314,33,3,2886,0,372,0
315,33,4,5000,1,245,0
316,33,4,4641,1,292,0
317,33,0,94,0,209,0
318,33,4,4720,1,335,0
319,33,0,187,0,221,0
320,33,4,5338,1,179,0
321,33,2,2279,0,169,0
322,33,4,4928,1,286,0
323,33,3,3534,0,294,0
324,34,2,2436,0,288,0
325,34,2,2413,0,218,0
326,34,1,1200,0,520,0
327,34,3,2591,0,726,0
328,34,4,5199,1,173,0
329,34,3,3083,0,299,0
330,34,2,2185,0,277,0
331,34,4,4165,1,519,0
332,35,4,4731,1,388,0
333,35,4,4791,1,386,0
334,35,4,4532,1,565,0
335,35,2,2290,0,220,0
336,35,2,1957,0,473,0
337,35,1,1195,0,222,0
338,35,0,79,0,236,0
339,35,4,4380,1,364,0
340,36,4,4538,1,486,0
341,36,0,94,0,154,0
342,36,4,4418,1,522,0
343,36,4,4626,1,337,0
344,36,4,5082,1,212,0
345,36,4,4765,1,301,0
346,36,2,2238,0,262,0
347,36,2,2120,0,237,0
348,36,1,1349,0,373,0
349,36,3,3274,0,301,0
350,37,2,2205,0,373,0
351,37,4,4421,1,466,0
352,37,0,90,0,202,0
353,37,2,2189,0,221,0
354,37,3,3397,0,422,0
355,37,4,5224,1,160,0
356,37,3,3062,0,303,0
357,37,4,4223,1,412,0
358,37,1,1259,0,169,0
359,37,4,4960,1,273,0
360,38,4,4882,1,249,0
361,38,1,1152,0,163,0
362,38,4,4843,1,226,0
363,38,4,4887,1,252,0
364,38,2,2234,0,195,0
365,38,2,2288,0,228,0
366,38,4,4712,1,293,0
367,38,4,4602,1,301,0
368,38,0,0,0,277,0
369,38,1,1044,0,251,0
370,38,4,5273,1,141,0
371,38,1,1262,0,259,0
372,39,0,263,0,229,0
373,39,4,5019,1,242,0
374,39,2,2030,0,453,0
375,39,1,1226,0,175,0
376,39,3,3349,0,315,0
377,39,4,4675,1,319,0
378,39,2,2138,0,603,0
379,39,2,2423,0,201,0
380,39,2,2162,0,303,0
381,40,4,4715,1,492,0
382,40,2,2249,0,164,0
383,40,4,4695,1,400,0
384,40,4,5152,1,240,0
385,40,0,87,0,152,0
386,40,4,5214,1,214,0
387,40,4,4936,1,314,0
388,40,4,4777,1,332,0
389,40,3,3153,0,235,0
390,40,1,1325,0,205,0
391,40,1,1335,0,180,0
392,41,4,4484,1,653,0
393,41,0,93,0,121,0
394,41,1,1140,0,278,0
395,41,4,5097,1,268,0
396,41,4,5095,1,250,0
397,41,0,92,0,131,0
398,41,2,2145,0,161,0
399,41,3,3315,0,181,0
400,41,0,0,0,103,1
401,41,3,2964,0,410,0
402,41,4,4866,1,306,0
403,41,4,4477,1,471,0
404,41,3,3021,0,278,0
405,41,4,5065,1,187,0
406,42,3,3201,0,610,0
407,42,3,3127,0,280,0
408,42,3,2916,0,442,0
409,42,1,834,0,568,0
410,42,4,5033,1,258,0
411,42,4,4694,1,279,0
412,42,2,2236,0,244,0
413,43,4,3960,1,537,0
414,43,4,5065,1,188,0
415,43,4,4659,1,318,0
416,43,2,2320,0,292,0
417,43,2,2048,0,720,0
418,43,2,2245,0,278,0
419,43,4,5071,1,234,0
420,43,4,5000,1,235,0
421,43,4,4641,1,358,0
422,43,4,4669,1,299,0
423,44,4,4554,1,394,0
424,44,3,2948,0,394,0
425,44,1,1088,0,210,0
426,44,4,4293,1,832,0
427,44,3,3089,0,280,0
428,44,4,5290,1,179,0
429,44,0,178,0,474,0
430,45,3,2965,0,373,0
431,45,3,2924,0,380,0
432,45,0,87,0,199,0
433,45,1,1279,0,187,0
434,45,2,2207,0,264,0
435,45,2,2051,0,349,0
436,45,0,91,0,295,0
437,45,2,2148,0,227,0
438,45,3,3319,0,299,0
439,45,2,1915,0,401,0
440,45,4,4908,1,215,0
441,46,4,4879,1,220,0
442,46,4,5106,1,258,0
443,46,4,5324,1,110,0
444,46,2,2217,0,191,0
445,46,4,4916,1,212,0
446,46,4,4556,1,331,0
447,46,2,2196,0,206,0
448,46,2,2209,0,203,0
449,46,4,4837,1,418,0
450,46,4,4933,1,296,0
451,46,4,4590,1,309,0
452,46,3,3059,0,431,0
453,47,3,3051,0,271,0
454,47,2,2325,0,221,0
455,47,4,4728,1,252,0
456,47,4,3975,1,766,0
457,47,3,3155,0,394,0
458,47,0,96,0,144,0
459,47,0,95,0,169,0
460,47,4,4734,1,404,0
461,47,4,4995,1,227,0
462,47,4,4936,1,295,0
463,48,4,4181,1,543,0
464,48,3,3080,0,610,0
465,48,0,183,0,271,0
466,48,4,4714,1,372,0
467,48,4,5096,1,159,0
468,48,4,4744,1,396,0
469,48,0,0,0,249,0
470,48,3,3003,0,467,0
471,49,1,808,0,439,0
472,49,4,5213,1,177,0
473,49,2,2215,0,195,0
474,49,4,4978,1,280,0
475,49,1,1218,0,327,0
476,49,4,4217,1,726,0
477,49,2,2339,0,285,0
478,49,4,4750,1,485,0
479,49,2,2240,0,192,0
480,50,3,3315,0,281,0
481,50,4,4838,1,263,0
482,50,4,4576,1,533,0
483,50,3,3249,0,280,0
484,50,4,5083,1,181,0
485,50,4,5452,1,77,0
486,50,3,2870,0,344,0
487,50,4,4574,1,345,0
488,50,3,3222,0,318,0
489,50,1,1083,0,221,0
490,50,4,4624,1,403,0
491,51,4,4730,1,298,0
492,51,2,2238,0,170,0
493,51,4,5288,1,195,0
494,51,2,2401,0,197,0
495,51,1,907,0,321,0
496,51,2,2274,0,291,0
497,51,4,4768,1,318,0
498,51,4,4793,1,278,0
499,51,3,3180,0,486,0
500,51,0,0,0,103,1
501,52,4,4655,1,489,0
502,52,4,4727,1,252,0
503,52,4,4790,1,242,0
504,52,4,4702,1,369,0
505,52,4,5023,1,212,0
506,52,3,3042,0,334,0
507,52,3,2918,0,409,0
508,52,4,5017,1,220,0
509,52,2,2130,0,257,0
510,52,4,5049,1,204,0
511,52,4,4762,1,361,0
512,53,4,4307,1,523,0
513,53,4,4495,1,645,0
514,53,4,4952,1,195,0
515,53,3,3042,0,401,0
516,53,2,2289,0,255,0
517,53,4,5127,1,258,0
518,53,4,4867,1,249,0
519,53,4,5197,1,159,0
520,53,4,4448,1,402,0
521,54,3,3260,0,368,0
522,54,4,4779,1,412,0
523,54,1,1072,0,134,0
524,54,4,5174,1,153,0
525,54,4,5032,1,203,0
526,54,1,1025,0,198,0
527,54,1,1031,0,181,0
528,54,4,4396,1,553,0
529,54,4,4934,1,333,0
530,54,4,4961,1,225,0
531,54,4,5383,1,94,0
532,54,3,3459,0,512,0
533,55,0,159,0,397,0
534,55,4,4755,1,317,0
535,55,0,95,0,161,0
536,55,2,2202,0,274,0
537,55,4,4552,1,331,0
538,55,2,2150,0,361,0
539,55,4,4037,1,468,0
540,55,4,4621,1,294,0
541,55,4,4716,1,248,0
542,55,4,5056,1,170,0
543,56,1,1389,0,344,0
544,56,4,4909,1,259,0
545,56,3,3253,0,304,0
546,56,4,5294,1,160,0
547,56,2,2199,0,234,0
548,56,4,5083,1,217,0
549,56,4,5299,1,176,0
550,56,2,2224,0,205,0
551,56,1,999,0,251,0
552,56,4,5065,1,281,0
553,56,4,5028,1,242,0
554,56,4,4316,1,372,0
555,56,1,965,0,270,0
556,56,4,5050,1,172,0
557,57,4,5066,1,284,0
558,57,4,5082,1,154,0
559,57,4,4889,1,367,0
560,57,4,4871,1,278,0
561,57,4,4848,1,456,0
562,57,4,4708,1,555,0
563,57,4,5010,1,320,0
564,57,0,85,0,171,0
565,57,4,4487,1,645,0
566,58,4,5288,1,182,0
567,58,4,4723,1,475,0
568,58,4,4976,1,186,0
569,58,3,3196,0,349,0
570,58,4,5426,1,110,0
571,58,1,1243,0,261,0
572,58,2,2198,0,312,0
573,58,4,4829,1,354,0
574,58,4,5351,1,119,0
575,58,4,5076,1,187,0
576,58,4,4893,1,411,0
577,58,1,1359,0,197,0
578,59,4,4017,1,621,0
579,59,3,2981,0,333,0
580,59,3,3233,0,396,0
581,59,3,2986,0,380,0
582,59,4,5236,1,221,0
583,59,4,3989,1,523,0
584,59,4,5222,1,164,0
585,59,4,5390,1,116,0
586,59,2,1847,0,315,0
587,60,4,4697,1,445,0
588,60,4,4959,1,249,0
589,60,4,5142,1,251,0
590,60,4,4166,1,682,0
591,60,2,2303,0,268,0
592,60,4,4997,1,209,0
593,60,2,2331,0,350,0
594,60,4,5116,1,194,0
595,60,3,3197,0,251,0
596,60,4,5314,1,146,0
597,60,4,4943,1,266,0
598,61,0,0,0,238,0
599,61,4,5208,1,202,0
600,61,0,0,0,1001,1
601,61,4,5135,1,170,0
602,61,4,5324,1,117,0
603,61,4,4583,1,468,0
604,61,1,1203,0,297,0
605,61,4,5091,1,311,0
606,61,4,4996,1,245,0
607,61,1,1310,0,256,0
608,62,4,4953,1,258,0
609,62,4,4613,1,353,0
610,62,4,5105,1,226,0
611,62,4,5445,1,89,0
612,62,2,2429,0,337,0
613,62,4,5009,1,180,0
614,62,4,5064,1,228,0
615,62,2,2304,0,199,0
616,62,2,2451,0,198,0
617,62,4,4659,1,391,0
618,62,4,5001,1,360,0
619,62,1,1190,0,248,0
620,63,4,4875,1,263,0
621,63,4,5027,1,273,0
622,63,4,5416,1,85,0
623,63,4,5318,1,130,0
624,63,4,5058,1,252,0
625,63,4,5019,1,178,0
626,63,4,5011,1,347,0
627,63,4,5018,1,233,0
628,63,4,5207,1,172,0
629,63,4,4631,1,543,0
630,63,4,5082,1,253,0
631,63,4,5470,1,97,0
632,63,4,4392,1,550,0
633,64,4,5367,1,149,0
634,64,4,5279,1,144,0
635,64,4,4729,1,342,0
636,64,4,5196,1,165,0
637,64,4,5150,1,178,0
638,64,4,5157,1,201,0
639,64,4,5313,1,138,0
640,64,1,1211,0,280,0
641,64,4,4998,1,253,0
642,64,4,4987,1,245,0
643,64,4,5138,1,197,0
644,64,4,5262,1,193,0
645,64,2,2201,0,333,0
646,64,4,5011,1,219,0
647,65,2,2098,0,379,0
648,65,1,1187,0,320,0
649,65,2,2023,0,266,0
650,65,4,5395,1,106,0
651,65,1,1190,0,160,0
652,65,4,4609,1,331,0
653,65,4,5319,1,136,0
654,65,3,3193,0,271,0
655,65,1,1228,0,185,0
656,65,4,5133,1,185,0
657,65,4,5182,1,221,0
658,65,4,5268,1,160,0
659,65,4,5419,1,94,0
660,65,3,3047,0,347,0
661,65,4,5123,1,180,0
662,66,4,5176,1,257,0
663,66,4,4814,1,302,0
664,66,4,5121,1,221,0
665,66,2,2304,0,179,0
666,66,4,5400,1,127,0
667,66,2,2333,0,287,0
668,66,2,2453,0,379,0
669,66,4,5452,1,84,0
670,66,4,4666,1,325,0
671,66,4,5231,1,183,0
672,66,4,5420,1,87,0
673,66,4,5064,1,299,0
674,66,4,5410,1,112,0
675,66,4,5305,1,172,0
676,66,4,5077,1,216,0
677,67,4,4923,1,370,0
678,67,2,2147,0,238,0
679,67,4,5337,1,164,0
680,67,4,5178,1,151,0
681,67,4,5356,1,136,0
682,67,0,97,0,173,0
683,67,4,4582,1,471,0
684,67,3,3146,0,353,0
685,67,4,5343,1,168,0
686,67,4,5456,1,98,0
687,67,4,5043,1,244,0
688,67,4,5028,1,178,0
689,67,1,1187,0,313,0
690,67,4,5205,1,188,0
691,68,4,5192,1,222,0
692,68,4,4988,1,190,0
693,68,4,5317,1,136,0
694,68,4,5415,1,119,0
695,68,4,5083,1,251,0
696,68,4,5269,1,138,0
697,68,4,5246,1,151,0
698,68,4,5216,1,148,0
699,68,1,1480,0,241,0
700,68,0,0,0,1001,1
701,68,4,5216,1,142,0
702,68,4,5083,1,187,0
703,68,4,5084,1,299,0
704,69,3,3252,0,299,0
705,69,4,5046,1,295,0
706,69,4,5371,1,117,0
707,69,4,5089,1,179,0
708,69,4,5151,1,149,0
709,69,1,1238,0,187,0
710,69,4,5385,1,98,0
711,69,4,5120,1,161,0
712,69,4,5205,1,175,0
713,69,4,5040,1,173,0
714,69,4,5035,1,207,0
715,69,4,4924,1,259,0
716,69,4,5229,1,153,0
717,69,4,5090,1,213,0
718,69,4,4698,1,381,0
719,69,3,2967,0,320,0
720,70,1,980,0,374,0
721,70,4,4994,1,289,0
722,70,4,5503,1,73,0
723,70,4,4734,1,224,0
724,70,4,5314,1,105,0
725,70,4,5367,1,93,0
726,70,4,5354,1,119,0
727,70,2,2079,0,463,0
728,70,4,5009,1,188,0
729,70,4,5577,1,60,0
730,70,1,1278,0,192,0
731,70,4,5074,1,173,0
732,70,4,5259,1,146,0
733,70,4,5210,1,134,0
734,70,3,3533,0,223,0
735,70,4,4883,1,217,0
736,70,4,5039,1,162,0
737,71,4,4877,1,189,0
738,71,4,4541,1,286,0
739,71,4,4747,1,221,0
740,71,4,5264,1,115,0
741,71,4,4939,1,189,0
742,71,4,5395,1,96,0
743,71,4,5025,1,159,0
744,71,4,4618,1,293,0
745,71,4,4802,1,209,0
746,71,4,5015,1,179,0
747,71,4,4894,1,190,0
748,71,4,5413,1,87,0
749,71,1,1197,0,169,0
750,71,4,5171,1,137,0
751,71,0,0,0,476,0
752,71,4,5303,1,107,0
753,72,4,4423,1,382,0
754,72,4,4902,1,211,0
755,72,0,194,0,192,0
756,72,4,5273,1,113,0
757,72,4,5124,1,150,0
758,72,4,5280,1,119,0
759,72,4,5257,1,186,0
760,72,1,1112,0,217,0
761,72,4,4896,1,185,0
762,72,4,4957,1,224,0
763,72,4,4722,1,252,0
764,72,4,4767,1,214,0
765,72,4,4962,1,203,0
766,72,1,1191,0,249,0
767,72,4,4832,1,213,0
768,72,4,5141,1,137,0
769,73,4,5003,1,169,0
770,73,4,5226,1,128,0
771,73,4,5263,1,132,0
772,73,4,5165,1,133,0
773,73,4,5024,1,167,0
774,73,4,4674,1,297,0
775,73,4,5010,1,175,0
776,73,4,4995,1,184,0
777,73,4,4251,1,364,0
778,73,3,2991,0,309,0
779,73,3,3321,0,357,0
780,73,4,5313,1,105,0
781,73,4,4918,1,238,0
782,73,3,3179,0,297,0
783,74,1,1365,0,339,0
784,74,4,5147,1,136,0
785,74,4,5495,1,72,0
786,74,4,4803,1,217,0
787,74,4,5026,1,171,0
788,74,4,5328,1,113,0
789,74,4,4873,1,313,0
790,74,4,4586,1,257,0
791,74,4,5041,1,191,0
792,74,4,4558,1,313,0
793,74,4,5249,1,156,0
794,74,1,1230,0,310,0
795,74,4,5394,1,101,0
796,74,4,4973,1,170,0
797,74,4,5366,1,105,0
798,74,0,92,0,251,0
799,74,4,5163,1,149,0
800,75,0,0,0,1001,1
801,75,4,4970,1,170,0
802,75,4,4972,1,187,0
803,75,4,5124,1,143,0
804,75,4,4410,1,295,0
805,75,4,5306,1,110,0
806,75,4,5257,1,117,0
807,75,4,5020,1,213,0
808,75,2,1744,0,387,0
809,75,4,4600,1,451,0
810,76,3,2731,0,322,0
811,76,4,5176,1,152,0
812,76,4,5006,1,167,0
813,76,4,5089,1,154,0
814,76,4,5458,1,78,0
815,76,4,5124,1,145,0
816,76,4,5027,1,161,0
817,76,4,5294,1,117,0
818,76,3,2990,0,456,0
819,76,4,5536,1,73,0
820,76,4,4924,1,211,0
821,76,4,5265,1,128,0
822,76,0,99,0,239,0
823,76,4,5235,1,196,0
824,76,4,5047,1,200,0
825,76,4,5429,1,109,0
826,76,4,5456,1,78,0
827,77,2,2231,0,507,0
828,77,4,5374,1,102,0
829,77,4,5362,1,96,0
830,77,4,5219,1,126,0
831,77,4,5417,1,86,0
832,77,4,5552,1,57,0
833,77,4,5534,1,66,0
834,77,0,99,0,195,0
835,77,4,4928,1,222,0
836,77,4,5366,1,94,0
837,77,4,4946,1,181,0
838,77,4,5382,1,130,0
839,77,4,5090,1,183,0
840,77,4,5161,1,141,0
841,77,4,5478,1,97,0
842,77,4,4953,1,174,0
843,77,4,5239,1,161,0
844,77,4,5392,1,91,0
845,77,4,5340,1,131,0
846,77,1,1435,0,476,0
847,77,4,5493,1,85,0
848,78,4,5492,1,79,0
849,78,4,5400,1,93,0
850,78,4,5391,1,93,0
851,78,4,5351,1,111,0
852,78,2,2030,0,294,0
853,78,4,5476,1,76,0
854,78,1,1109,0,279,0
855,78,4,4642,1,242,0
856,78,1,1012,0,287,0
857,78,4,5420,1,87,0
858,78,4,5368,1,97,0
859,78,4,5432,1,101,0
860,78,4,5531,1,72,0
861,78,4,5234,1,144,0
862,78,4,4831,1,216,0
863,78,4,5016,1,209,0
864,78,2,2146,0,326,0
865,78,4,5140,1,168,0
866,79,3,3105,0,260,0
867,79,4,5555,1,59,0
868,79,4,5519,1,68,0
869,79,4,5405,1,90,0
870,79,4,4860,1,267,0
871,79,4,5150,1,137,0
872,79,4,5523,1,65,0
873,79,4,5550,1,58,0
874,79,4,4072,1,387,0
875,79,4,5288,1,119,0
876,79,2,2091,0,623,0
877,79,4,5483,1,72,0
878,79,4,5283,1,110,0
879,79,4,5174,1,135,0
880,79,0,99,0,883,0
881,80,2,1482,0,714,0
882,80,4,4558,1,316,0
883,80,4,3598,1,527,0
884,80,4,4767,1,227,0
885,80,4,5414,1,112,0
886,80,4,5286,1,131,0
887,80,4,5520,1,102,0
888,80,4,4801,1,389,0
889,80,4,3934,1,488,0
890,81,4,4656,1,264,0
891,81,4,4721,1,259,0
892,81,0,188,0,190,0
893,81,2,2316,0,155,0
894,81,4,5328,1,192,0
895,81,4,5427,1,86,0
896,81,4,5496,1,91,0
897,81,4,5391,1,99,0
898,81,4,5377,1,102,0
899,81,4,5443,1,105,0
900,81,0,99,0,1001,1
901,81,4,5044,1,167,0
902,81,4,5219,1,191,0
903,81,4,5414,1,140,0
904,81,4,5122,1,163,0
905,82,2,2208,0,352,0
906,82,4,3617,1,513,0
907,82,4,5222,1,135,0
908,82,0,186,0,302,0
909,82,4,5164,1,134,0
910,82,4,5506,1,74,0
911,82,0,99,0,303,0
912,82,4,5306,1,107,0
913,82,4,5554,1,68,0
914,82,4,5625,1,46,0
915,82,4,5430,1,85,0
916,82,4,5463,1,93,0
917,82,4,5056,1,160,0
918,82,2,2281,0,183,0
919,82,4,5553,1,62,0
920,82,4,5582,1,60,0
921,82,4,4855,1,198,0
922,82,2,2216,0,188,0
923,82,4,5540,1,78,0
924,83,4,5270,1,178,0
925,83,4,5393,1,103,0
926,83,4,4943,1,182,0
927,83,4,5249,1,118,0
928,83,2,2317,0,277,0
929,83,4,5019,1,310,0
930,83,1,1281,0,345,0
931,83,4,4826,1,202,0
932,83,4,5615,1,48,0
933,83,4,4901,1,185,0
934,83,4,5628,1,44,0
935,83,4,5454,1,124,0
936,83,4,5465,1,98,0
937,83,4,5450,1,97,0
938,83,4,5531,1,67,0
939,83,2,2539,0,252,0
940,83,4,5501,1,77,0
941,83,4,5398,1,98,0
942,83,4,5317,1,105,0
943,83,4,5541,1,69,0
944,83,4,5315,1,166,0
945,83,4,5561,1,61,0
946,84,0,99,0,412,0
947,84,4,5557,1,65,0
948,84,2,2352,0,425,0
949,84,4,5601,1,50,0
950,84,4,4973,1,212,0
951,84,4,5537,1,72,0
952,84,4,5592,1,54,0
953,84,4,5161,1,135,0
954,84,4,5184,1,272,0
955,84,4,5507,1,72,0
956,84,4,5521,1,81,0
957,84,1,1187,0,173,0
958,84,4,5532,1,67,0
959,84,4,5218,1,146,0
960,84,1,1282,0,294,0
961,84,4,5488,1,75,0
962,84,4,5501,1,75,0
963,84,4,4909,1,245,0
964,84,4,5630,1,43,0
965,84,4,5265,1,129,0
966,85,3,3491,0,184,0
967,85,2,2377,0,157,0
968,85,4,5306,1,142,0
969,85,4,3121,1,670,0
970,85,4,5596,1,57,0
971,85,4,5564,1,58,0
972,85,4,5550,1,62,0
973,85,4,5060,1,152,0
974,85,4,5559,1,65,0
975,85,4,5396,1,103,0
976,85,2,2230,0,184,0
977,85,4,4852,1,243,0
978,85,4,5492,1,74,0
979,85,4,5471,1,76,0
980,85,1,1264,0,163,0
981,85,2,2259,0,253,0
982,85,4,5235,1,171,0
983,85,4,5418,1,83,0
984,85,4,4963,1,201,0
985,85,4,5542,1,63,0
986,85,4,5446,1,85,0
987,85,4,5586,1,56,0
988,86,4,5587,1,54,0
989,86,4,5252,1,120,0
990,86,4,5084,1,219,0
991,86,4,5415,1,84,0
992,86,4,5284,1,140,0
993,86,4,5579,1,60,0
994,86,4,5339,1,111,0
995,86,0,187,0,195,0
996,86,4,5563,1,58,0
997,86,3,3014,0,602,0
998,86,4,5479,1,88,0
999,86,4,5344,1,96,0
1000,86,4,5619,1,46,1
1001,86,4,4882,1,201,0
1002,86,4,5303,1,121,0
1003,86,4,5552,1,66,0
1004,86,4,5438,1,117,0
1005,86,4,5544,1,63,0
1006,86,4,5601,1,58,0
1007,86,0,278,0,150,0
1008,86,4,5351,1,131,0
1009,86,4,5400,1,100,0
1010,86,4,5477,1,104,0
1011,87,4,4788,1,262,0
1012,87,4,5559,1,58,0
1013,87,4,5592,1,52,0
1014,87,1,680,0,900,0
1015,87,4,5270,1,156,0
1016,87,4,5541,1,78,0
1017,87,4,5259,1,141,0
1018,87,4,5550,1,61,0
1019,87,4,3600,1,501,0
1020,87,4,5387,1,94,0
1021,87,4,5607,1,53,0
1022,87,4,5514,1,72,0
1023,87,4,5612,1,51,0
1024,87,4,5583,1,57,0
1025,87,4,5123,1,210,0
1026,87,4,5486,1,111,0
1027,87,4,5513,1,68,0
1028,87,4,5531,1,70,0
1029,87,4,5455,1,86,0
1030,87,4,5504,1,74,0
1031,88,2,2355,0,379,0
1032,88,4,4954,1,178,0
1033,88,4,5435,1,89,0
1034,88,4,4672,1,293,0
1035,88,4,5541,1,70,0
1036,88,4,5448,1,92,0
1037,88,4,4972,1,176,0
1038,88,4,5342,1,142,0
1039,88,4,5323,1,140,0
1040,88,4,5567,1,58,0
1041,88,4,5290,1,114,0
1042,88,4,4259,1,360,0
1043,88,4,4777,1,299,0
1044,88,4,5160,1,148,0
1045,88,4,5407,1,115,0
1046,88,4,5223,1,147,0
1047,88,1,1285,0,314,0
1048,89,4,5451,1,101,0
1049,89,4,5394,1,94,0
1050,89,3,3363,0,258,0
1051,89,4,5279,1,126,0
1052,89,4,5349,1,132,0
1053,89,4,5439,1,92,0
1054,89,1,1153,0,175,0
1055,89,2,2444,0,313,0
1056,89,4,5003,1,259,0
1057,89,2,2016,0,355,0
1058,89,4,5482,1,87,0
1059,89,4,5521,1,77,0
1060,89,4,5360,1,124,0
1061,89,4,5415,1,96,0
1062,89,4,5332,1,137,0
1063,89,4,4943,1,244,0
1064,89,4,4054,1,381,0
1065,90,4,5412,1,110,0
1066,90,4,5293,1,147,0
1067,90,4,5579,1,57,0
1068,90,4,5345,1,127,0
1069,90,4,5184,1,184,0
1070,90,4,5374,1,113,0
1071,90,4,5222,1,183,0
1072,90,4,5299,1,151,0
1073,90,4,5365,1,123,0
1074,90,2,2440,0,237,0
1075,90,4,5488,1,80,0
1076,90,4,5234,1,140,0
1077,90,4,5360,1,128,0
1078,90,2,2267,0,199,0
1079,90,4,5578,1,58,0
1080,90,4,4995,1,225,0
1081,90,4,5242,1,169,0
1082,90,4,5427,1,85,0
1083,90,4,5574,1,67,0
1084,90,4,4800,1,343,0
1085,90,4,5405,1,111,0
1086,90,4,5304,1,144,0
1087,91,2,2184,0,237,0
1088,91,4,5068,1,230,0
1089,91,4,5030,1,229,0
1090,91,4,5489,1,85,0
1091,91,4,5359,1,115,0
1092,91,4,4921,1,198,0
1093,91,4,4982,1,309,0
1094,91,4,5308,1,122,0
1095,91,4,5514,1,78,0
1096,91,4,5231,1,191,0
1097,91,4,4811,1,326,0
1098,91,4,5501,1,81,0
1099,91,4,5391,1,112,0
1100,92,2,2452,0,1001,1
1101,92,4,5507,1,79,0
1102,92,3,3170,0,345,0
1103,92,4,5555,1,69,0
1104,92,4,5053,1,198,0
1105,92,4,5197,1,141,0
1106,92,4,5305,1,108,0
1107,92,4,5480,1,102,0
1108,92,4,5444,1,95,0
1109,92,2,2425,0,445,0
1110,92,4,5560,1,62,0
1111,92,4,5003,1,257,0
1112,92,4,5471,1,114,0
1113,92,4,5411,1,113,0
1114,92,4,5095,1,236,0
1115,92,1,1072,0,468,0
1116,93,4,4953,1,226,0
1117,93,4,5021,1,247,0
1118,93,4,5535,1,73,0
1119,93,3,3275,0,553,0
1120,93,4,5127,1,174,0
1121,93,4,5445,1,100,0
1122,93,0,99,0,204,0
1123,93,4,4483,1,295,0
1124,93,4,4649,1,361,0
1125,93,4,5278,1,151,0
1126,93,4,5462,1,90,0
1127,93,4,4626,1,310,0
1128,93,4,4988,1,244,0
1129,93,4,5028,1,256,0
1130,94,4,4941,1,182,0
1131,94,4,5069,1,205,0
1132,94,4,5528,1,78,0
1133,94,4,5281,1,134,0
1134,94,4,5496,1,81,0
1135,94,1,1092,0,309,0
1136,94,4,5401,1,130,0
1137,94,4,5061,1,240,0
1138,94,1,1276,0,194,0
1139,94,4,5108,1,174,0
1140,94,4,5466,1,85,0
1141,94,4,5094,1,208,0
1142,94,4,4892,1,282,0
1143,94,4,5481,1,80,0
1144,94,4,4840,1,264,0
1145,94,4,4747,1,418,0
1146,95,4,5356,1,116,0
1147,95,4,5235,1,179,0
1148,95,4,5388,1,105,0
1149,95,1,1471,0,252,0
1150,95,0,164,0,457,0
1151,95,4,5267,1,153,0
1152,95,4,4320,1,350,0
1153,95,4,5274,1,180,0
1154,95,4,5135,1,206,0
1155,95,4,5102,1,191,0
1156,95,4,5136,1,149,0
1157,95,4,5409,1,104,0
1158,95,3,2724,0,524,0
1159,95,4,5256,1,130,0
1160,96,4,5062,1,195,0
1161,96,4,5284,1,186,0
1162,96,4,5330,1,134,0
1163,96,4,5318,1,142,0
1164,96,4,5244,1,126,0
1165,96,4,5502,1,82,0
1166,96,4,5596,1,60,0
1167,96,4,5095,1,193,0
1168,96,4,5123,1,183,0
1169,96,4,5332,1,117,0
1170,96,4,5192,1,192,0
1171,96,4,5248,1,166,0
1172,96,4,5528,1,73,0
1173,96,4,5194,1,179,0
1174,96,3,3123,0,496,0
1175,96,4,5297,1,137,0
1176,96,4,5197,1,185,0
1177,97,4,4948,1,290,0
1178,97,3,3032,0,433,0
1179,97,2,2114,0,347,0
1180,97,4,5140,1,163,0
1181,97,4,5608,1,52,0
1182,97,4,5435,1,83,0
1183,97,4,5069,1,238,0
1184,97,0,225,0,460,0
1185,97,4,5366,1,125,0
1186,97,4,4955,1,213,0
1187,97,3,3466,0,283,0
1188,97,4,5164,1,147,0
1189,97,4,5444,1,103,0
1190,97,4,5133,1,181,0
1191,97,4,5336,1,116,0
1192,97,4,5591,1,60,0
1193,98,4,5067,1,206,0
1194,98,4,4174,1,432,0
1195,98,4,5217,1,157,0
1196,98,4,4436,1,460,0
1197,98,4,3372,1,596,0
1198,98,4,4959,1,249,0
1199,98,4,5205,1,148,0
1200,99,2,2452,0,1001,1
1201,99,4,5435,1,103,0
1202,99,4,5223,1,167,0
1203,99,3,3285,0,219,0
1204,99,4,5031,1,328,0
1205,99,4,5447,1,96,0
1206,99,4,4970,1,220,0
1207,99,4,5446,1,86,0
1208,99,4,5000,1,206,0
1209,99,4,4379,1,394,0
1210,99,4,5317,1,150,0
1211,99,4,5293,1,124,0
1212,100,1,999,0,597,0
1213,100,2,2294,0,301,0
1214,100,4,5222,1,190,0
1215,100,1,1278,0,167,0
1216,100,4,4954,1,214,0
1217,100,4,5036,1,182,0
1218,100,4,5581,1,55,0
1219,100,4,5012,1,236,0
1220,100,0,198,0,173,0
1221,100,4,5259,1,148,0
1222,100,4,5235,1,171,0
1223,100,4,4992,1,254,0
1224,100,4,4946,1,248,0
1225,100,2,2143,0,286,0
1226,100,4,5524,1,74,0
1227,100,4,4878,1,230,0
1228,100,4,5388,1,109,0
1229,101,4,5354,1,126,0
1230,101,4,5277,1,158,0
1231,101,4,5283,1,144,0
1232,101,4,4543,1,338,0
1233,101,4,4818,1,232,0
1234,101,4,4938,1,247,0
1235,101,4,5337,1,119,0
1236,101,0,198,0,180,0
1237,101,4,4830,1,226,0
1238,101,0,198,0,424,0
1239,101,1,953,0,351,0
1240,101,4,5411,1,95,0
1241,101,4,5343,1,99,0
1242,102,1,1143,0,442,0
1243,102,2,2225,0,153,0
1244,102,4,4774,1,301,0
1245,102,4,5253,1,129,0
1246,102,4,4985,1,185,0
1247,102,4,4993,1,263,0
1248,102,4,5432,1,107,0
1249,102,4,5449,1,101,0
1250,102,4,5461,1,98,0
1251,102,4,5341,1,142,0
1252,102,4,4645,1,363,0
1253,102,4,5280,1,154,0
1254,102,4,5294,1,149,0
1255,102,4,5398,1,104,0
1256,102,4,5320,1,141,0
1257,102,4,5106,1,211,0
1258,102,4,4934,1,289,0
1259,103,3,2828,0,375,0
1260,103,4,5382,1,103,0
1261,103,4,5415,1,107,0
1262,103,4,5367,1,108,0
1263,103,4,4627,1,415,0
1264,103,4,5377,1,131,0
1265,103,4,3327,1,619,0
1266,103,4,4769,1,403,0
1267,103,4,4608,1,271,0
1268,103,4,4707,1,346,0
1269,103,4,5375,1,155,0
1270,103,4,5198,1,183,0
1271,104,4,5000,1,260,0
1272,104,4,5384,1,119,0
1273,104,4,5230,1,169,0
1274,104,4,5247,1,138,0
1275,104,4,5206,1,190,0
1276,104,4,4775,1,302,0
1277,104,4,5350,1,133,0
1278,104,4,5267,1,148,0
1279,104,4,4932,1,233,0
1280,104,4,5282,1,155,0
1281,104,4,4607,1,302,0
1282,104,4,5391,1,121,0
1283,104,4,5322,1,104,0
1284,104,4,4984,1,284,0
1285,104,4,4721,1,376,0
1286,105,1,1020,0,260,0
1287,105,4,5124,1,200,0
1288,105,4,5414,1,92,0
1289,105,4,5249,1,177,0
1290,105,4,4929,1,227,0
1291,105,4,5074,1,226,0
1292,105,4,5046,1,230,0
1293,105,4,5420,1,91,0
1294,105,4,5142,1,158,0
1295,105,4,5092,1,223,0
1296,105,3,2929,0,441,0
1297,105,4,5323,1,131,0
1298,105,1,1139,0,248,0
1299,105,4,5446,1,97,0
1300,106,2,2452,0,1001,1
1301,106,4,5527,1,72,0
1302,106,0,99,0,170,0
1303,106,4,4842,1,219,0
1304,106,4,5469,1,91,0
1305,106,4,5487,1,85,0
1306,106,4,4918,1,295,0
1307,106,4,5098,1,227,0
1308,106,4,4915,1,293,0
1309,106,4,4959,1,249,0
1310,106,4,5549,1,68,0
1311,106,4,5280,1,151,0
1312,106,4,5163,1,151,0
1313,107,4,4815,1,300,0
1314,107,4,5198,1,190,0
1315,107,1,1460,0,609,0
1316,107,4,5232,1,180,0
1317,107,4,5329,1,129,0
1318,107,4,5559,1,61,0
1319,107,4,5503,1,81,0
1320,107,4,5345,1,131,0
1321,107,4,4755,1,272,0
1322,107,4,5505,1,81,0
1323,107,2,2430,0,314,0
1324,107,4,5190,1,140,0
1325,107,3,3289,0,187,0
1326,107,4,5330,1,151,0
1327,107,3,3101,0,493,0
1328,108,3,3290,0,226,0
1329,108,4,4648,1,400,0
1330,108,4,5244,1,138,0
1331,108,4,5527,1,77,0
1332,108,4,5331,1,134,0
1333,108,4,5306,1,147,0
1334,108,4,5341,1,125,0
1335,108,4,5587,1,56,0
1336,108,4,5565,1,61,0
1337,108,4,5592,1,58,0
1338,108,4,4598,1,379,0
1339,108,4,5254,1,130,0
1340,108,1,943,0,365,0
1341,108,4,5128,1,210,0
1342,108,1,1185,0,180,0
1343,108,4,5083,1,231,0
1344,108,4,4865,1,316,0
1345,109,4,5002,1,205,0
1346,109,4,5349,1,119,0
1347,109,4,5464,1,92,0
1348,109,4,5326,1,154,0
1349,109,4,5149,1,202,0
1350,109,3,3484,0,165,0
1351,109,4,5345,1,117,0
1352,109,4,5201,1,189,0
1353,109,2,1988,0,320,0
1354,109,4,5148,1,173,0
1355,109,4,5240,1,137,0
1356,109,4,5576,1,58,0
1357,109,4,5553,1,66,0
1358,109,4,5412,1,106,0
1359,109,4,5020,1,253,0
1360,109,4,5338,1,121,0
1361,109,0,187,0,223,0
1362,109,4,5311,1,108,0
1363,109,4,4925,1,278,0
1364,110,4,4240,1,536,0
1365,110,4,5436,1,105,0
1366,110,4,5421,1,145,0
1367,110,4,5048,1,243,0
1368,110,4,5079,1,218,0
1369,110,4,4670,1,240,0
1370,110,4,5516,1,75,0
1371,110,4,5327,1,142,0
1372,110,4,4825,1,210,0
1373,110,4,5554,1,67,0
1374,110,4,5502,1,76,0
1375,110,4,5210,1,184,0
1376,110,4,5087,1,161,0
1377,110,4,4862,1,212,0
1378,110,3,3206,0,330,0
1379,110,4,4871,1,223,0
1380,111,4,5192,1,189,0
1381,111,4,4663,1,316,0
1382,111,0,99,0,253,0
1383,111,4,5090,1,224,0
1384,111,4,5252,1,135,0
1385,111,4,5472,1,92,0
1386,111,4,5220,1,154,0
1387,111,4,4672,1,405,0
1388,111,4,5447,1,96,0
1389,111,4,5325,1,116,0
1390,111,4,4465,1,501,0
1391,111,4,4891,1,230,0
1392,111,4,4625,1,419,0
1393,112,0,99,0,314,0
1394,112,4,5096,1,162,0
1395,112,4,4748,1,275,0
1396,112,4,4636,1,412,0
1397,112,4,5434,1,106,0
1398,112,4,4693,1,385,0
1399,112,4,5116,1,225,0
1400,112,2,2452,0,1001,1
1401,112,4,5351,1,125,0
1402,113,2,2107,0,267,0
1403,113,4,5162,1,169,0
1404,113,4,4534,1,440,0
1405,113,4,5346,1,134,0
1406,113,4,5212,1,172,0
1407,113,4,5142,1,172,0
1408,113,4,5377,1,117,0
1409,113,4,5156,1,217,0
1410,113,0,186,0,622,0
1411,113,4,5229,1,174,0
1412,113,4,5412,1,123,0
1413,113,4,5275,1,162,0
1414,113,4,5415,1,105,0
1415,113,4,5042,1,208,0
1416,113,4,5393,1,126,0
1417,114,4,5161,1,221,0
1418,114,4,4767,1,277,0
1419,114,4,5385,1,101,0
1420,114,4,5454,1,98,0
1421,114,4,5313,1,146,0
1422,114,4,4883,1,268,0
1423,114,4,4915,1,277,0
1424,114,4,5204,1,187,0
1425,114,4,5430,1,108,0
1426,114,4,5335,1,151,0
1427,114,4,4909,1,285,0
1428,114,4,5547,1,66,0
1429,114,4,4691,1,360,0
1430,114,4,5013,1,173,0
1431,114,1,1179,0,195,0
1432,115,4,4383,1,526,0
1433,115,4,5209,1,179,0
1434,115,4,5604,1,50,0
1435,115,4,5232,1,173,0
1436,115,4,5345,1,123,0
1437,115,4,5093,1,206,0
1438,115,4,5085,1,212,0
1439,115,4,5293,1,129,0
1440,115,4,4775,1,329,0
1441,115,4,4931,1,221,0
1442,115,2,2455,0,472,0
1443,115,4,5285,1,155,0
1444,116,4,4496,1,484,0
1445,116,4,5239,1,177,0
1446,116,4,5047,1,227,0
1447,116,4,5474,1,89,0
1448,116,4,5160,1,169,0
1449,116,4,5005,1,305,0
1450,116,4,5243,1,169,0
1451,116,4,4842,1,239,0
1452,116,4,5184,1,185,0
1453,116,4,5394,1,105,0
1454,116,4,5087,1,217,0
1455,116,4,5096,1,210,0
1456,116,4,5165,1,198,0
1457,116,4,5298,1,137,0
1458,116,4,5504,1,75,0
1459,117,4,4563,1,397,0
1460,117,4,5210,1,140,0
1461,117,4,5269,1,130,0
1462,117,4,4364,1,337,0
1463,117,4,5321,1,138,0
1464,117,4,4791,1,340,0
1465,117,4,5582,1,56,0
1466,117,4,5218,1,180,0
1467,117,4,4841,1,324,0
1468,117,4,5152,1,207,0
1469,117,4,5616,1,48,0
1470,117,4,5537,1,91,0
1471,117,2,2207,0,315,0
1472,117,1,1269,0,171,0
1473,117,4,5204,1,183,0
1474,117,4,5515,1,74,0
1475,118,4,4770,1,306,0
1476,118,4,4913,1,266,0
1477,118,4,4666,1,318,0
1478,118,4,5037,1,246,0
1479,118,4,5286,1,150,0
1480,118,4,5322,1,125,0
1481,118,4,5472,1,82,0
1482,118,4,5186,1,187,0
1483,118,4,5416,1,97,0
1484,118,4,5243,1,149,0
1485,118,4,4924,1,289,0
1486,118,4,4876,1,276,0
1487,118,4,5427,1,106,0
1488,118,4,5152,1,173,0
1489,118,2,2310,0,402,0
1490,118,4,4917,1,235,0
1491,119,4,5271,1,160,0
1492,119,4,5242,1,164,0
1493,119,4,5293,1,140,0
1494,119,4,5207,1,150,0
1495,119,4,4759,1,341,0
1496,119,4,4905,1,258,0
1497,119,4,5365,1,129,0
1498,119,4,5164,1,200,0
1499,119,4,5444,1,97,0
1500,119,2,2452,0,1001,1
1501,119,4,5239,1,172,0
1502,119,4,4627,1,304,0
1503,120,4,5282,1,144,0
1504,120,0,99,0,259,0
1505,120,4,5501,1,74,0
1506,120,4,5061,1,205,0
1507,120,4,5559,1,64,0
1508,120,4,5438,1,100,0
1509,120,4,5228,1,156,0
1510,120,2,2184,0,233,0
1511,120,4,5485,1,89,0
1512,120,4,5502,1,78,0
1513,120,4,5013,1,253,0
1514,120,4,4883,1,291,0
1515,120,4,5307,1,140,0
1516,120,4,5560,1,66,0
1517,120,4,5514,1,78,0
1518,120,4,5414,1,114,0
1519,120,4,5347,1,135,0
1520,120,4,4909,1,305,0
1521,120,4,5123,1,207,0
1522,120,4,5300,1,138,0
1523,120,4,5559,1,61,0
1524,121,4,4542,1,410,0
1525,121,2,2383,0,221,0
1526,121,4,5375,1,156,0
1527,121,4,5409,1,114,0
1528,121,4,5093,1,208,0
1529,121,4,5637,1,44,0
1530,121,4,4799,1,313,0
1531,121,4,5578,1,58,0
1532,121,4,5340,1,128,0
1533,121,4,5323,1,136,0
1534,121,4,5530,1,70,0
1535,121,4,4853,1,316,0
1536,121,4,4708,1,311,0
1537,121,4,5019,1,227,0
1538,121,2,2115,0,417,0
1539,122,1,1159,0,214,0
1540,122,1,1084,0,165,0
1541,122,4,5449,1,104,0
1542,122,4,5292,1,119,0
1543,122,4,4667,1,275,0
1544,122,4,4744,1,301,0
1545,122,4,5545,1,66,0
1546,122,4,5177,1,210,0
1547,122,4,5420,1,109,0
1548,122,4,4979,1,242,0
1549,122,4,5419,1,90,0
1550,122,4,4803,1,224,0
1551,122,4,5553,1,70,0
1552,122,0,198,0,136,0
1553,122,4,5317,1,142,0
1554,122,4,5000,1,251,0
1555,122,4,5310,1,148,0
1556,123,4,4786,1,366,0
1557,123,4,5286,1,155,0
1558,123,4,5239,1,155,0
1559,123,4,5462,1,94,0
1560,123,2,2268,0,317,0
1561,123,4,4999,1,190,0
1562,123,4,5019,1,255,0
1563,123,4,5219,1,198,0
1564,123,4,5185,1,148,0
1565,123,4,5144,1,159,0
1566,123,4,5196,1,169,0
1567,123,4,4657,1,286,0
1568,123,4,5269,1,133,0
1569,123,4,5370,1,107,0
1570,123,4,5267,1,145,0
1571,123,4,5407,1,112,0
1572,123,4,5166,1,145,0
1573,124,4,4803,1,267,0
1574,124,4,4373,1,409,0
1575,124,4,5159,1,177,0
1576,124,4,5454,1,86,0
1577,124,4,5271,1,149,0
1578,124,4,5085,1,230,0
1579,124,4,5395,1,119,0
1580,124,4,5172,1,186,0
1581,124,3,3053,0,316,0
1582,124,2,2237,0,218,0
1583,124,4,5404,1,96,0
1584,124,4,5414,1,106,0
1585,124,4,5263,1,150,0
1586,124,4,5467,1,89,0
1587,124,4,5277,1,138,0
1588,124,4,4423,1,358,0
1589,124,4,5523,1,75,0
1590,124,4,5379,1,130,0
1591,125,4,5013,1,173,0
1592,125,4,5258,1,163,0
1593,125,4,5519,1,72,0
1594,125,4,5339,1,138,0
1595,125,4,5243,1,174,0
1596,125,4,5118,1,188,0
1597,125,4,4896,1,293,0
1598,125,4,5432,1,94,0
1599,125,4,5146,1,211,0
1600,125,2,2452,0,1001,1
1601,125,4,5024,1,174,0
1602,125,4,5421,1,109,0
1603,125,4,5163,1,174,0
1604,125,4,5154,1,203,0
1605,126,4,4837,1,307,0
1606,126,4,5084,1,208,0
1607,126,4,5333,1,135,0
1608,126,4,5109,1,202,0
1609,126,4,5312,1,118,0
1610,126,4,5350,1,127,0
1611,126,4,5455,1,98,0
1612,126,4,4077,1,417,0
1613,126,4,5197,1,177,0
1614,126,4,4971,1,269,0
1615,126,3,3182,0,274,0
1616,126,4,5265,1,154,0
1617,126,4,5032,1,250,0
1618,126,4,5513,1,82,0
1619,126,4,5375,1,119,0
1620,126,4,5301,1,143,0
1621,127,4,5317,1,147,0
1622,127,4,5116,1,206,0
1623,127,4,5030,1,242,0
1624,127,4,5320,1,174,0
1625,127,4,5423,1,110,0
1626,127,4,5391,1,117,0
1627,127,4,5509,1,82,0
1628,127,4,5257,1,166,0
1629,127,4,4675,1,350,0
1630,127,4,5338,1,133,0
1631,127,4,4862,1,327,0
1632,127,4,5578,1,59,0
1633,127,2,2068,0,356,0
1634,127,4,5185,1,159,0
1635,127,4,5313,1,146,0
1636,127,4,5556,1,65,0
1637,127,4,5109,1,217,0
1638,127,4,5086,1,223,0
1639,128,4,5407,1,116,0
1640,128,4,5471,1,93,0
1641,128,4,5019,1,255,0
1642,128,4,5280,1,141,0
1643,128,4,5589,1,54,0
1644,128,4,5304,1,148,0
1645,128,4,5426,1,106,0
1646,128,4,5269,1,164,0
1647,128,4,5376,1,96,0
1648,128,4,5296,1,141,0
1649,128,4,5133,1,165,0
1650,128,4,4880,1,284,0
1651,128,4,5210,1,150,0
1652,128,4,5423,1,101,0
1653,128,4,5172,1,132,0
1654,128,4,5507,1,78,0
1655,128,2,2338,0,220,0
1656,128,4,5227,1,181,0
1657,128,4,4936,1,251,0
1658,129,4,4709,1,391,0
1659,129,4,5446,1,87,0
1660,129,4,5451,1,88,0
1661,129,4,5536,1,81,0
1662,129,4,5559,1,68,0
1663,129,4,5385,1,94,0
1664,129,4,5549,1,62,0
1665,129,4,5473,1,109,0
1666,129,2,2359,0,194,0
1667,129,4,5544,1,65,0
1668,129,4,5520,1,69,0
1669,129,4,5432,1,87,0
1670,129,4,5068,1,176,0
1671,129,4,5586,1,53,0
1672,129,4,5419,1,85,0
1673,129,4,5364,1,93,0
1674,129,4,4974,1,209,0
1675,129,4,5460,1,86,0
1676,129,4,5390,1,114,0
1677,129,4,5370,1,112,0
1678,129,4,5477,1,88,0
1679,129,3,3547,0,179,0
1680,129,4,5561,1,64,0
1681,129,4,5445,1,91,0
1682,129,4,5260,1,130,0
1683,129,4,5433,1,95,0
1684,129,1,1181,0,172,0
1685,129,4,4969,1,178,0
1686,129,0,99,0,205,0
1687,130,2,2260,0,281,0
1688,130,4,5608,1,52,0
1689,130,4,5270,1,232,0
1690,130,4,5401,1,103,0
1691,130,4,5572,1,68,0
1692,130,4,5593,1,55,0
1693,130,1,1143,0,180,0
1694,130,4,5526,1,74,0
1695,130,4,5562,1,61,0
1696,130,4,4670,1,283,0
1697,130,3,3486,0,169,0
1698,130,4,5552,1,65,0
1699,130,4,5585,1,57,0
1700,130,4,5619,1,46,1
1701,130,4,4807,1,261,0
1702,130,4,5602,1,54,0
1703,130,4,5491,1,73,0
1704,130,2,2270,0,252,0
1705,130,4,5558,1,63,0
1706,130,0,99,0,231,0
1707,130,1,1330,0,401,0
1708,130,4,5417,1,119,0
1709,131,4,5554,1,74,0
1710,131,4,5503,1,96,0
1711,131,4,5493,1,76,0
1712,131,4,5472,1,91,0
1713,131,4,5108,1,148,0
1714,131,4,5466,1,82,0
1715,131,4,5568,1,57,0
1716,131,4,5565,1,58,0
1717,131,4,5543,1,72,0
1718,131,4,5554,1,68,0
1719,131,4,5451,1,85,0
1720,131,4,5632,1,46,0
1721,131,3,3575,0,167,0
1722,131,4,5481,1,101,0
1723,131,4,5341,1,116,0
1724,131,4,5421,1,89,0
1725,131,4,5610,1,48,0
1726,131,4,5527,1,65,0
1727,131,4,4907,1,301,0
1728,131,4,5608,1,50,0
1729,131,4,5581,1,58,0
1730,131,4,5451,1,94,0
1731,131,4,5503,1,70,0
1732,131,4,4987,1,195,0
1733,131,4,5519,1,80,0
1734,131,4,5171,1,183,0
1735,131,4,5600,1,73,0
1736,131,4,4934,1,193,0
1737,131,1,1185,0,222,0
1738,131,4,5321,1,118,0
1739,132,4,5571,1,57,0
1740,132,4,5527,1,69,0
1741,132,4,5571,1,58,0
1742,132,4,5562,1,62,0
1743,132,1,1199,0,248,0
1744,132,4,5592,1,52,0
1745,132,4,5519,1,77,0
1746,132,4,5451,1,85,0
1747,132,4,5321,1,131,0
1748,132,4,5545,1,69,0
1749,132,4,5589,1,57,0
1750,132,4,5577,1,60,0
1751,132,4,5455,1,98,0
1752,132,4,5417,1,93,0
1753,132,4,5592,1,53,0
1754,132,4,5547,1,72,0
1755,132,4,5418,1,132,0
1756,132,4,5560,1,69,0
1757,132,4,5396,1,101,0
1758,132,4,4760,1,271,0
1759,132,4,5490,1,75,0
1760,132,4,5556,1,64,0
1761,132,0,185,0,335,0
1762,132,4,5132,1,139,0
1763,132,4,5269,1,197,0
1764,132,4,5591,1,51,0
1765,132,4,5485,1,89,0
1766,132,4,5552,1,63,0
1767,132,4,5604,1,49,0
1768,132,4,5489,1,77,0
1769,133,4,4772,1,304,0
1770,133,4,5187,1,152,0
1771,133,4,5341,1,103,0
1772,133,4,5536,1,64,0
1773,133,4,5615,1,48,0
1774,133,4,5414,1,95,0
1775,133,1,1241,0,266,0
1776,133,4,5603,1,51,0
1777,133,2,2182,0,449,0
1778,133,4,5385,1,118,0
1779,133,4,5296,1,147,0
1780,133,4,5569,1,68,0
1781,133,4,5197,1,128,0
1782,133,4,5409,1,93,0
1783,133,4,5208,1,126,0
1784,133,4,5526,1,76,0
1785,133,4,5350,1,98,0
1786,133,4,5583,1,66,0
1787,133,4,5334,1,185,0
1788,133,4,5566,1,60,0
1789,133,4,5604,1,49,0
1790,133,1,1266,0,282,0
1791,134,4,5389,1,104,0
1792,134,2,2274,0,323,0
1793,134,4,5312,1,109,0
1794,134,4,5439,1,112,0
1795,134,4,5579,1,55,0
1796,134,4,5469,1,81,0
1797,134,4,5448,1,108,0
1798,134,4,5318,1,167,0
1799,134,4,5379,1,130,0
1800,134,4,5619,1,46,1
1801,134,4,5315,1,185,0
1802,134,4,5621,1,49,0
1803,134,4,5469,1,97,0
1804,134,4,5587,1,53,0
1805,134,4,4907,1,189,0
1806,134,4,5409,1,110,0
1807,134,4,5398,1,111,0
1808,134,4,4610,1,278,0
1809,134,4,5578,1,58,0
1810,134,4,5582,1,53,0
1811,134,4,5577,1,55,0
1812,134,4,5558,1,62,0
1813,134,4,5553,1,62,0
1814,134,4,5289,1,165,0
1815,134,4,5464,1,83,0
1816,134,4,5339,1,105,0
1817,134,4,5471,1,85,0
1818,134,4,5276,1,126,0
1819,135,4,5225,1,123,0
1820,135,4,5591,1,54,0
1821,135,4,5500,1,75,0
1822,135,4,5474,1,76,0
1823,135,4,5527,1,68,0
1824,135,4,5590,1,52,0
1825,135,4,5384,1,102,0
1826,135,4,5308,1,116,0
1827,135,4,5449,1,81,0
1828,135,4,5486,1,75,0
1829,135,4,5434,1,117,0
1830,135,4,5499,1,85,0
1831,135,4,5532,1,67,0
1832,135,4,5583,1,56,0
1833,135,4,5561,1,60,0
1834,135,4,5463,1,114,0
1835,135,4,5575,1,57,0
1836,135,4,5639,1,42,0
1837,135,4,5241,1,124,0
1838,135,1,1276,0,320,0
1839,135,4,5568,1,57,0
1840,135,4,5370,1,94,0
1841,135,4,5439,1,124,0
1842,135,2,1999,0,353,0
1843,135,4,5410,1,130,0
1844,135,4,5536,1,86,0
1845,135,4,5221,1,152,0
1846,136,2,2301,0,425,0
1847,136,4,5536,1,67,0
1848,136,4,5443,1,87,0
1849,136,4,5478,1,90,0
1850,136,4,5178,1,170,0
1851,136,4,5526,1,69,0
1852,136,4,5568,1,61,0
1853,136,4,5344,1,118,0
1854,136,4,5552,1,66,0
1855,136,4,5545,1,69,0
1856,136,4,5196,1,229,0
1857,136,4,5544,1,64,0
1858,136,4,5469,1,107,0
1859,136,4,5499,1,85,0
1860,136,4,5356,1,113,0
1861,136,1,1020,0,292,0
1862,136,4,5542,1,67,0
1863,136,4,5414,1,112,0
1864,136,4,5158,1,188,0
1865,136,4,5568,1,64,0
1866,136,4,5497,1,96,0
1867,136,4,5590,1,50,0
1868,136,4,5440,1,89,0
1869,136,3,3345,0,159,0
1870,136,4,4786,1,277,0
1871,136,4,5418,1,92,0
1872,136,4,5316,1,104,0
1873,136,4,5228,1,121,0
1874,136,4,5607,1,54,0
1875,137,4,5623,1,47,0
1876,137,4,5422,1,84,0
1877,137,4,5508,1,94,0
1878,137,4,5334,1,158,0
1879,137,4,5569,1,64,0
1880,137,4,5216,1,121,0
1881,137,4,4203,1,401,0
1882,137,4,5577,1,54,0
1883,137,4,5406,1,101,0
1884,137,4,5561,1,64,0
1885,137,4,5507,1,72,0
1886,137,4,5359,1,95,0
1887,137,4,4692,1,272,0
1888,137,4,5545,1,77,0
1889,137,4,4565,1,260,0
1890,137,4,5236,1,171,0
1891,137,4,5473,1,102,0
1892,137,4,5369,1,104,0
1893,137,4,5420,1,101,0
1894,137,4,5500,1,74,0
1895,137,4,5576,1,53,0
1896,137,4,5400,1,133,0
1897,137,4,4581,1,427,0
1898,137,4,5628,1,44,0
1899,138,4,5387,1,109,0
1900,138,4,5619,1,46,1
1901,138,4,5291,1,130,0
1902,138,4,5285,1,126,0
1903,138,4,5073,1,155,0
1904,138,4,5220,1,148,0
1905,138,4,5415,1,95,0
1906,138,4,5632,1,43,0
1907,138,4,5243,1,146,0
1908,138,4,5403,1,107,0
1909,138,4,5561,1,58,0
1910,138,4,5295,1,167,0
1911,138,4,5573,1,60,0
1912,138,4,4945,1,228,0
1913,138,4,5418,1,99,0
1914,138,4,5577,1,61,0
1915,138,4,4899,1,219,0
1916,138,4,5324,1,118,0
1917,138,4,5413,1,133,0
1918,138,4,5330,1,102,0
1919,138,4,5533,1,67,0
1920,138,4,5602,1,54,0
1921,138,4,5465,1,91,0
1922,138,4,5310,1,126,0
1923,138,4,5484,1,87,0
1924,138,4,5133,1,155,0
1925,138,4,5261,1,120,0
1926,138,4,5573,1,61,0
1927,139,3,3362,0,524,0
1928,139,4,5457,1,91,0
1929,139,4,5168,1,132,0
1930,139,4,5221,1,155,0
1931,139,4,4833,1,229,0
1932,139,4,5299,1,166,0
1933,139,4,5452,1,80,0
1934,139,4,4396,1,338,0
1935,139,4,5135,1,160,0
1936,139,4,5248,1,115,0
1937,139,4,5460,1,77,0
1938,139,4,5530,1,64,0
1939,139,4,5076,1,156,0
1940,139,4,5485,1,73,0
1941,139,4,5298,1,111,0
1942,139,4,3885,1,452,0
1943,139,4,5356,1,104,0
1944,139,4,5183,1,129,0
1945,140,4,4635,1,252,0
1946,140,4,4158,1,377,0
1947,140,4,5464,1,81,0
1948,140,4,3221,1,617,0
1949,140,4,4892,1,196,0
1950,140,4,4348,1,390,0
1951,140,2,2176,0,286,0
1952,140,4,4940,1,235,0
1953,140,4,5353,1,124,0
1954,140,4,5286,1,150,0
1955,140,4,5459,1,100,0
1956,140,4,4700,1,335,0
1957,141,4,4542,1,329,0
1958,141,4,4971,1,251,0
1959,141,4,4206,1,358,0
1960,141,4,5085,1,167,0
1961,141,4,4461,1,285,0
1962,141,4,5004,1,167,0
1963,141,4,3973,1,440,0
1964,141,4,5285,1,160,0
1965,141,4,4811,1,213,0
1966,141,4,4567,1,295,0
1967,141,2,1738,0,490,0
1968,142,3,2478,0,425,0
1969,142,3,3168,0,261,0
1970,142,4,5213,1,126,0
1971,142,4,5270,1,114,0
1972,142,4,4007,1,404,0
1973,142,4,3614,1,498,0
1974,142,4,5490,1,76,0
1975,142,4,5369,1,149,0
1976,142,4,5115,1,171,0
1977,142,4,5258,1,144,0
1978,142,4,5636,1,44,0
1979,142,4,5549,1,87,0
1980,142,4,5637,1,45,0
1981,142,4,5105,1,151,0
1982,142,4,5568,1,61,0
1983,142,4,5538,1,70,0
1984,142,4,5155,1,159,0
1985,142,4,5483,1,88,0
1986,142,4,5526,1,85,0
1987,143,3,3495,0,298,0
1988,143,4,5427,1,132,0
1989,143,4,5304,1,121,0
1990,143,4,5572,1,58,0
1991,143,4,5532,1,66,0
1992,143,3,3460,0,304,0
1993,143,4,5491,1,80,0
1994,143,4,5426,1,103,0
1995,143,3,3595,0,214,0
1996,143,4,5336,1,165,0
1997,143,3,3273,0,322,0
1998,143,4,5484,1,80,0
1999,143,4,5601,1,51,0
2000,143,4,5619,1,46,1
2001,143,4,5600,1,51,0
2002,143,4,5131,1,160,0
2003,143,4,5567,1,62,0
2004,143,4,4803,1,266,0
2005,143,4,5477,1,72,0
2006,143,4,5592,1,55,0
2007,143,4,5591,1,53,0
2008,143,4,5602,1,50,0
2009,143,1,1023,0,179,0
2010,143,1,1282,0,165,0
2011,143,4,5614,1,49,0
2012,143,4,5579,1,55,0
2013,143,4,5573,1,60,0
2014,144,4,5110,1,168,0
2015,144,4,5518,1,67,0
2016,144,4,4701,1,258,0
2017,144,4,4744,1,224,0
2018,144,4,5578,1,56,0
2019,144,4,5498,1,74,0
2020,144,4,5575,1,62,0
2021,144,4,5453,1,92,0
2022,144,4,5573,1,60,0
2023,144,4,5513,1,89,0
2024,144,4,5573,1,65,0
2025,144,4,5522,1,66,0
2026,144,4,5368,1,96,0
2027,144,4,5519,1,70,0
2028,144,4,5547,1,72,0
2029,144,4,5597,1,51,0
2030,144,4,5062,1,179,0
2031,144,4,5213,1,158,0
2032,144,2,2045,0,298,0
2033,144,4,5548,1,69,0
2034,144,4,5632,1,45,0
2035,144,4,5159,1,158,0
2036,144,4,5608,1,50,0
2037,144,4,5353,1,110,0
2038,144,4,5580,1,54,0
2039,144,4,5099,1,150,0
2040,144,4,5431,1,82,0
2041,144,4,5541,1,63,0
2042,144,4,5253,1,128,0
2043,145,4,5589,1,55,0
2044,145,4,5589,1,55,0
2045,145,2,2317,0,210,0
2046,145,4,5479,1,84,0
2047,145,4,5335,1,113,0
2048,145,4,5601,1,50,0
2049,145,4,5580,1,56,0
2050,145,4,5114,1,172,0
2051,145,4,5593,1,52,0
2052,145,4,5558,1,60,0
2053,145,2,2414,0,179,0
2054,145,4,4980,1,215,0
2055,145,4,5257,1,130,0
2056,145,4,5466,1,93,0
2057,145,4,5460,1,101,0
2058,145,4,5570,1,60,0
2059,145,4,5336,1,118,0
2060,145,2,2372,0,304,0
2061,145,4,5541,1,73,0
2062,145,4,5547,1,74,0
2063,145,4,4993,1,178,0
2064,145,4,5316,1,141,0
2065,145,4,5398,1,94,0
2066,145,4,4913,1,274,0
2067,146,4,5573,1,65,0
2068,146,4,5393,1,95,0
2069,146,4,5147,1,142,0
2070,146,4,5319,1,113,0
2071,146,4,5328,1,126,0
2072,146,4,5566,1,60,0
2073,146,4,5180,1,188,0
2074,146,4,5565,1,57,0
2075,146,4,5190,1,155,0
2076,146,4,5469,1,76,0
2077,146,4,5536,1,66,0
2078,146,4,5354,1,96,0
2079,146,4,5387,1,103,0
2080,146,4,5430,1,89,0
2081,146,4,5601,1,53,0
2082,146,4,5576,1,59,0
2083,146,4,5114,1,172,0
2084,146,4,5497,1,76,0
2085,146,4,5503,1,84,0
2086,146,4,5529,1,89,0
2087,146,4,4775,1,342,0
2088,146,4,5644,1,40,0
2089,146,4,5542,1,65,0
2090,146,4,5428,1,108,0
2091,146,4,5549,1,64,0
2092,146,4,5228,1,132,0
2093,146,4,5409,1,89,0
2094,146,4,5589,1,56,0
2095,146,4,5419,1,132,0
2096,146,4,5177,1,156,0
2097,147,4,5150,1,145,0
2098,147,4,4584,1,266,0
2099,147,4,5322,1,116,0
2100,147,4,5619,1,46,1
2101,147,4,5526,1,82,0
2102,147,4,5534,1,75,0
2103,147,4,5446,1,140,0
2104,147,4,4670,1,358,0
2105,147,4,5175,1,129,0
2106,147,4,5502,1,69,0
2107,147,4,5548,1,69,0
2108,147,4,5513,1,76,0
2109,147,4,5593,1,53,0
2110,147,4,5259,1,119,0
2111,147,4,5583,1,55,0
2112,147,4,5568,1,63,0
2113,147,4,5606,1,50,0
2114,147,4,5557,1,60,0
2115,147,4,5612,1,49,0
2116,147,4,5350,1,134,0
2117,147,4,5551,1,60,0
2118,147,4,5434,1,91,0
2119,147,4,5561,1,65,0
2120,147,4,5470,1,82,0
2121,147,4,4768,1,225,0
2122,147,4,5475,1,80,0
2123,147,4,5556,1,61,0
2124,147,4,5048,1,186,0
2125,148,4,4813,1,205,0
2126,148,4,5562,1,63,0
2127,148,4,5231,1,177,0
2128,148,4,5472,1,93,0
2129,148,4,5360,1,147,0
2130,148,4,5392,1,100,0
2131,148,4,5584,1,53,0
2132,148,4,5423,1,82,0
2133,148,4,5474,1,80,0
2134,148,4,5458,1,95,0
2135,148,4,5541,1,68,0
2136,148,4,4920,1,215,0
2137,148,4,5181,1,152,0
2138,148,4,4775,1,340,0
2139,148,4,5550,1,66,0
2140,148,4,5567,1,69,0
2141,148,4,5469,1,83,0
2142,148,4,5523,1,71,0
2143,148,4,5569,1,58,0
2144,148,4,5550,1,61,0
2145,148,4,5366,1,97,0
2146,148,4,5105,1,181,0
2147,148,4,5229,1,167,0
2148,148,4,5511,1,70,0
2149,148,4,5092,1,215,0
2150,148,4,5613,1,50,0
2151,148,4,5501,1,70,0
2152,148,4,5577,1,60,0
2153,148,4,5553,1,59,0
2154,148,4,5571,1,57,0
2155,149,4,5482,1,76,0
2156,149,4,5567,1,60,0
2157,149,4,5570,1,57,0
2158,149,4,5296,1,137,0
2159,149,4,5465,1,83,0
2160,149,4,5541,1,61,0
2161,149,4,5576,1,56,0
2162,149,4,5563,1,59,0
2163,149,4,5565,1,58,0
2164,149,4,5600,1,51,0
2165,149,4,5597,1,51,0
2166,149,4,5596,1,52,0
2167,149,1,1374,0,244,0
2168,149,4,5188,1,232,0
2169,149,4,5582,1,60,0
2170,149,4,5551,1,61,0
2171,149,4,5576,1,58,0
2172,149,4,5615,1,47,0
2173,149,4,5550,1,70,0
2174,149,4,5536,1,92,0
2175,149,4,5209,1,144,0
2176,149,4,5571,1,57,0
2177,149,4,5520,1,68,0
2178,149,4,5576,1,56,0
2179,149,4,4012,1,646,0
2180,149,4,5573,1,68,0
2181,149,4,5593,1,59,0
2182,149,4,5587,1,54,0
2183,149,4,5497,1,85,0
2184,149,4,5513,1,78,0
2185,149,4,5628,1,45,0
2186,149,4,5401,1,87,0
2187,150,4,5464,1,78,0
2188,150,4,5484,1,77,0
2189,150,4,5257,1,138,0
2190,150,4,5031,1,158,0
2191,150,2,2416,0,533,0
2192,150,4,5605,1,51,0
2193,150,4,5103,1,149,0
2194,150,4,5584,1,54,0
2195,150,4,4212,1,340,0
2196,150,4,5444,1,92,0
2197,150,2,2352,0,148,0
2198,150,4,4851,1,268,0
2199,150,4,5453,1,99,0
2200,150,4,5619,1,46,1
2201,150,4,5537,1,75,0
2202,150,4,5430,1,107,0
2203,150,4,5263,1,140,0
2204,150,4,5515,1,94,0
2205,150,4,5232,1,142,0
2206,150,4,5573,1,57,0
2207,150,4,5361,1,104,0
2208,150,4,5376,1,109,0
2209,150,4,5597,1,51,0
2210,151,4,5543,1,69,0
2211,151,4,5449,1,99,0
2212,151,4,5550,1,62,0
2213,151,4,5552,1,64,0
2214,151,4,5545,1,66,0
2215,151,4,5311,1,146,0
2216,151,4,5573,1,58,0
2217,151,4,5276,1,115,0
2218,151,4,5631,1,43,0
2219,151,4,5551,1,61,0
2220,151,4,5572,1,57,0
2221,151,4,5285,1,156,0
2222,151,4,5463,1,87,0
2223,151,4,5147,1,161,0
2224,151,4,5124,1,146,0
2225,151,4,5536,1,76,0
2226,151,4,5536,1,70,0
2227,151,4,5555,1,59,0
2228,151,4,5518,1,75,0
2229,151,4,5556,1,61,0
2230,151,4,5297,1,109,0
2231,151,4,5153,1,198,0
2232,151,4,5349,1,120,0
2233,151,4,5385,1,95,0
2234,151,1,1282,0,524,0
2235,151,2,2151,0,261,0
2236,151,4,5592,1,52,0
2237,152,0,198,0,127,0
2238,152,0,99,0,190,0
2239,152,4,5562,1,59,0
2240,152,4,5558,1,58,0
2241,152,4,5465,1,78,0
2242,152,4,5459,1,83,0
2243,152,4,5556,1,60,0
2244,152,4,5606,1,53,0
2245,152,4,5517,1,77,0
2246,152,4,5002,1,205,0
2247,152,4,5499,1,70,0
2248,152,4,5548,1,63,0
2249,152,4,4688,1,277,0
2250,152,4,5594,1,51,0
2251,152,4,5566,1,60,0
2252,152,4,5293,1,129,0
2253,152,4,5320,1,134,0
2254,152,4,4844,1,259,0
2255,152,4,5393,1,105,0
2256,152,4,5427,1,95,0
2257,152,4,5425,1,85,0
2258,152,4,5582,1,54,0
2259,152,4,5201,1,148,0
2260,152,4,5534,1,66,0
2261,152,4,5252,1,166,0
2262,152,4,5349,1,114,0
2263,152,4,5543,1,63,0
2264,152,4,5028,1,157,0
2265,152,4,5555,1,63,0
2266,152,4,5399,1,113,0
2267,153,4,5592,1,53,0
2268,153,4,4971,1,247,0
2269,153,4,4801,1,217,0
2270,153,4,5551,1,63,0
2271,153,4,5566,1,61,0
2272,153,4,5320,1,107,0
2273,153,4,4462,1,314,0
2274,153,4,5529,1,76,0
2275,153,4,5268,1,169,0
2276,153,4,5544,1,68,0
2277,153,4,5529,1,67,0
2278,153,4,5547,1,62,0
2279,153,4,5623,1,46,0
2280,153,4,5458,1,82,0
2281,153,4,5577,1,56,0
2282,153,4,5374,1,131,0
2283,153,4,5513,1,70,0
2284,153,4,5380,1,100,0
2285,153,4,5465,1,104,0
2286,153,4,5152,1,195,0
2287,153,4,5580,1,58,0
2288,153,4,5480,1,92,0
2289,153,4,5450,1,94,0
2290,153,4,5574,1,55,0
2291,153,4,5269,1,142,0
2292,153,4,5588,1,54,0
2293,153,4,5041,1,206,0
2294,153,4,5561,1,60,0
2295,153,4,5363,1,98,0
2296,154,4,5301,1,117,0
2297,154,4,5391,1,140,0
2298,154,4,5578,1,55,0
2299,154,4,5222,1,174,0
2300,154,4,5619,1,46,1
2301,154,3,3600,0,184,0
2302,154,4,5621,1,45,0
2303,154,4,5542,1,77,0
2304,154,3,3219,0,240,0
2305,154,4,5501,1,102,0
2306,154,4,5032,1,243,0
2307,154,4,5436,1,90,0
2308,154,4,4968,1,290,0
2309,154,4,5545,1,81,0
2310,154,4,5365,1,169,0
2311,154,4,5277,1,123,0
2312,154,4,5239,1,189,0
2313,154,4,4744,1,309,0
2314,154,4,4958,1,298,0
2315,154,4,5521,1,91,0
2316,155,4,5447,1,117,0
2317,155,4,5309,1,159,0
2318,155,4,4932,1,207,0
2319,155,4,5094,1,230,0
2320,155,4,5207,1,153,0
2321,155,4,5395,1,98,0
2322,155,4,4899,1,230,0
2323,155,4,5339,1,111,0
2324,155,4,4981,1,207,0
2325,155,4,4786,1,279,0
2326,155,4,4492,1,294,0
2327,155,2,2345,0,482,0
2328,155,3,3306,0,324,0
2329,155,4,5460,1,76,0
2330,155,4,5153,1,140,0
2331,155,4,5364,1,96,0
2332,156,4,4510,1,272,0
2333,156,1,1202,0,242,0
2334,156,4,4947,1,178,0
2335,156,4,5510,1,72,0
2336,156,4,4491,1,288,0
2337,156,4,5165,1,131,0
2338,156,4,5297,1,107,0
2339,156,4,5123,1,143,0
2340,156,4,4336,1,314,0
2341,156,1,1281,0,177,0
2342,156,4,5238,1,129,0
2343,156,4,4998,1,190,0
2344,156,4,5455,1,84,0
2345,156,4,4691,1,233,0
2346,156,4,5183,1,136,0
2347,156,4,5092,1,217,0
2348,156,4,5458,1,76,0
2349,157,4,4804,1,233,0
2350,157,4,4750,1,245,0
2351,157,2,1805,0,493,0
2352,157,4,5611,1,49,0
2353,157,4,5601,1,52,0
2354,157,4,5220,1,218,0
2355,157,4,5474,1,80,0
2356,157,4,5556,1,70,0
2357,157,4,5523,1,68,0
2358,157,4,5571,1,59,0
2359,157,4,5530,1,74,0
2360,157,4,5519,1,67,0
2361,157,4,5296,1,114,0
2362,157,2,2448,0,265,0
2363,157,4,5439,1,89,0
2364,157,4,5146,1,150,0
2365,157,4,5562,1,64,0
2366,157,4,5489,1,74,0
2367,157,4,4891,1,186,0
2368,157,4,5465,1,102,0
2369,157,4,4875,1,270,0
2370,157,4,5519,1,76,0
2371,158,4,5565,1,61,0
2372,158,4,5322,1,126,0
2373,158,4,5572,1,56,0
2374,158,4,5547,1,63,0
2375,158,4,5599,1,53,0
2376,158,4,5407,1,117,0
2377,158,4,5311,1,127,0
2378,158,4,5547,1,65,0
2379,158,4,5596,1,51,0
2380,158,4,5593,1,54,0
2381,158,4,5435,1,88,0
2382,158,4,5544,1,67,0
2383,158,4,5601,1,52,0
2384,158,4,5439,1,103,0
2385,158,4,5594,1,55,0
2386,158,4,5362,1,128,0
2387,158,4,5337,1,125,0
2388,158,4,5377,1,140,0
2389,158,4,5594,1,51,0
2390,158,4,5447,1,86,0
2391,158,4,5587,1,54,0
2392,158,4,5523,1,68,0
2393,158,4,5307,1,131,0
2394,158,4,5562,1,59,0
2395,158,4,5575,1,57,0
2396,158,4,5510,1,82,0
2397,158,4,5579,1,58,0
2398,158,4,5074,1,167,0
2399,158,3,3508,0,229,0
2400,158,3,3611,0,139,1
2401,158,4,5373,1,170,0
2402,158,4,5568,1,64,0
2403,159,4,5142,1,283,0
2404,159,4,5580,1,65,0
2405,159,4,5384,1,163,0
2406,159,4,5559,1,66,0
2407,159,4,5420,1,117,0
2408,159,4,5432,1,150,0
2409,159,4,5419,1,86,0
2410,159,4,5540,1,82,0
2411,159,4,5520,1,71,0
2412,159,4,5530,1,70,0
2413,159,4,4931,1,217,0
2414,159,4,5383,1,139,0
2415,159,3,3602,0,163,0
2416,159,4,5545,1,71,0
2417,159,4,5568,1,63,0
2418,159,4,5529,1,66,0
2419,159,4,5561,1,63,0
2420,159,4,5572,1,57,0
2421,159,4,5568,1,58,0
2422,159,4,5233,1,120,0
2423,159,4,5637,1,44,0
2424,159,4,4304,1,322,0
2425,159,4,5602,1,52,0
2426,159,4,5517,1,80,0
2427,159,0,198,0,137,0
2428,159,3,3059,0,277,0
2429,159,4,5514,1,72,0
2430,159,4,5244,1,141,0
2431,160,3,3062,0,431,0
2432,160,4,5016,1,163,0
2433,160,4,5523,1,70,0
2434,160,4,5402,1,102,0
2435,160,4,5570,1,57,0
2436,160,4,5298,1,118,0
2437,160,4,5551,1,67,0
2438,160,4,5385,1,103,0
2439,160,4,5630,1,45,0
2440,160,4,5601,1,52,0
2441,160,4,5138,1,168,0
2442,160,4,5563,1,62,0
2443,160,4,5188,1,130,0
2444,160,4,5601,1,50,0
2445,160,4,5149,1,218,0
2446,160,4,5523,1,70,0
2447,160,4,5484,1,72,0
2448,160,4,4993,1,231,0
2449,160,4,5627,1,45,0
2450,160,4,5504,1,83,0
2451,160,4,5591,1,52,0
2452,160,4,5578,1,55,0
2453,160,4,5561,1,59,0
2454,160,2,2413,0,156,0
2455,160,4,5463,1,77,0
2456,160,4,5026,1,160,0
2457,160,4,5262,1,121,0
2458,160,4,5590,1,53,0
2459,160,4,5572,1,59,0
2460,160,4,5570,1,58,0
2461,161,4,5456,1,85,0
2462,161,4,5384,1,90,0
2463,161,4,5579,1,56,0
2464,161,4,5335,1,170,0
2465,161,4,5540,1,69,0
2466,161,4,5144,1,176,0
2467,161,4,5502,1,80,0
2468,161,4,5619,1,46,0
2469,161,4,5335,1,101,0
2470,161,4,5090,1,171,0
2471,161,4,5581,1,56,0
2472,161,4,5557,1,62,0
2473,161,4,5461,1,76,0
2474,161,4,5240,1,134,0
2475,161,4,5599,1,52,0
2476,161,4,5438,1,83,0
2477,161,4,5512,1,73,0
2478,161,4,5568,1,56,0
2479,161,4,5621,1,46,0
2480,161,4,5505,1,79,0
2481,161,4,5569,1,58,0
2482,161,4,5485,1,72,0
2483,161,4,5605,1,50,0
2484,161,4,5230,1,142,0
2485,161,4,5537,1,70,0
2486,161,4,5541,1,66,0
2487,161,4,5503,1,72,0
2488,161,1,1261,0,171,0
2489,161,4,5423,1,93,0
2490,161,4,5041,1,235,0
2491,161,4,5554,1,56,0
2492,161,4,5554,1,60,0
2493,161,4,5572,1,57,0
2494,161,4,5551,1,62,0
2495,161,4,5496,1,82,0
2496,161,4,5509,1,72,0
2497,162,4,5306,1,157,0
2498,162,4,4795,1,279,0
2499,162,4,5552,1,63,0
2500,162,4,5619,1,46,1
2501,162,4,5410,1,87,0
2502,162,4,5564,1,59,0
2503,162,4,5578,1,60,0
2504,162,1,1202,0,253,0
2505,162,0,99,0,207,0
2506,162,4,5177,1,130,0
2507,162,4,5370,1,116,0
2508,162,4,5408,1,104,0
2509,162,4,5607,1,49,0
2510,162,4,5630,1,44,0
2511,162,4,5436,1,84,0
2512,162,4,5599,1,55,0
2513,162,4,5459,1,89,0
2514,162,4,5546,1,73,0
2515,162,4,5607,1,83,0
2516,162,4,4625,1,250,0
2517,162,4,5496,1,70,0
2518,162,4,5366,1,106,0
2519,162,4,5204,1,149,0
2520,162,4,5495,1,75,0
2521,162,4,5566,1,61,0
2522,162,4,5529,1,72,0
2523,162,4,5538,1,77,0
2524,162,4,5582,1,55,0
2525,162,4,5373,1,123,0
2526,163,4,5553,1,64,0
2527,163,4,5187,1,134,0
2528,163,4,5518,1,73,0
2529,163,4,5538,1,65,0
2530,163,4,4874,1,223,0
2531,163,4,5191,1,148,0
2532,163,4,5547,1,65,0
2533,163,1,1379,0,337,0
2534,163,4,5185,1,182,0
2535,163,4,5560,1,62,0
2536,163,4,5500,1,85,0
2537,163,4,5489,1,78,0
2538,163,4,5254,1,133,0
2539,163,4,5507,1,70,0
2540,163,3,3591,0,202,0
2541,163,4,5217,1,208,0
2542,163,4,5408,1,136,0
2543,163,4,5598,1,50,0
2544,163,3,3172,0,310,0
2545,163,4,5462,1,100,0
2546,163,4,5189,1,257,0
2547,163,4,5449,1,120,0
2548,164,4,5549,1,82,0
2549,164,4,5307,1,176,0
2550,164,0,183,0,298,0
2551,164,4,5282,1,182,0
2552,164,4,5187,1,279,0
2553,164,3,3356,0,213,0
2554,164,4,5238,1,248,0
2555,164,4,4608,1,368,0
2556,164,4,5197,1,243,0
2557,164,4,5280,1,183,0
2558,164,4,5624,1,48,0
2559,164,4,5184,1,235,0
2560,164,4,5588,1,54,0
2561,164,4,5366,1,145,0
2562,164,4,4812,1,252,0
2563,164,4,5273,1,147,0
2564,165,4,5337,1,182,0
2565,165,4,5037,1,360,0
2566,165,4,5385,1,144,0
2567,165,4,5087,1,328,0
2568,165,4,5526,1,84,0
2569,165,4,5251,1,233,0
2570,165,4,5526,1,67,0
2571,165,4,5371,1,169,0
2572,165,4,5237,1,204,0
2573,165,4,5508,1,91,0
2574,165,4,5505,1,85,0
2575,165,4,5507,1,92,0
2576,165,4,5481,1,113,0
2577,165,4,5444,1,87,0
2578,165,4,5307,1,177,0
2579,165,4,4882,1,366,0
2580,165,4,5498,1,82,0
2581,166,4,4993,1,348,0
2582,166,4,4761,1,379,0
2583,166,4,5231,1,245,0
2584,166,4,5182,1,231,0
2585,166,4,5504,1,89,0
2586,166,4,5199,1,205,0
2587,166,4,4898,1,372,0
2588,166,4,5141,1,245,0
2589,166,4,5537,1,75,0
2590,166,4,5345,1,181,0
2591,166,4,5588,1,55,0
2592,166,4,5286,1,222,0
2593,166,4,5463,1,115,0
2594,166,4,5208,1,226,0
2595,166,4,5144,1,248,0
2596,166,4,5514,1,101,0
2597,166,4,5471,1,96,0
2598,167,4,5514,1,74,0
2599,167,4,4856,1,292,0
2600,167,3,3611,0,1001,1
2601,167,4,5526,1,91,0
2602,167,4,5230,1,153,0
2603,167,4,5209,1,160,0
2604,167,4,5145,1,319,0
2605,167,4,4942,1,233,0
2606,167,4,5219,1,146,0
2607,167,4,5212,1,252,0
2608,167,4,4972,1,277,0
2609,168,4,5214,1,175,0
2610,168,4,4774,1,214,0
2611,168,4,5175,1,195,0
2612,168,4,5330,1,176,0
2613,168,4,5416,1,120,0
2614,168,4,5465,1,112,0
2615,168,1,1212,0,252,0
2616,168,4,4320,1,506,0
2617,168,4,5151,1,231,0
2618,168,4,5472,1,96,0
2619,168,4,4878,1,270,0
2620,168,4,5060,1,276,0
2621,168,4,5011,1,386,0
2622,169,4,5446,1,126,0
2623,169,4,5348,1,173,0
2624,169,4,5336,1,181,0
2625,169,4,4596,1,674,0
2626,169,4,5281,1,163,0
2627,169,4,5475,1,104,0
2628,169,4,5066,1,280,0
2629,169,4,5398,1,133,0
2630,169,4,5548,1,78,0
2631,169,4,5523,1,99,0
2632,169,4,5343,1,176,0
2633,169,4,5447,1,103,0
2634,169,4,5540,1,85,0
2635,169,4,5417,1,156,0
2636,169,4,5331,1,163,0
2637,169,4,5496,1,104,0
2638,169,4,5383,1,151,0
2639,169,4,5485,1,107,0
2640,170,4,4941,1,270,0
2641,170,4,5039,1,221,0
2642,170,4,5467,1,123,0
2643,170,4,5435,1,123,0
2644,170,0,185,0,180,0
2645,170,4,5328,1,198,0
2646,170,4,5575,1,61,0
2647,170,4,5303,1,196,0
2648,170,4,4978,1,258,0
2649,170,4,4925,1,447,0
2650,170,4,5405,1,150,0
2651,170,4,5231,1,173,0
2652,170,4,4975,1,332,0
2653,170,4,5284,1,187,0
2654,170,4,5198,1,161,0
2655,170,4,5291,1,118,0
2656,171,4,5533,1,69,0
2657,171,4,5462,1,118,0
2658,171,4,5544,1,72,0
2659,171,4,5154,1,209,0
2660,171,4,5385,1,121,0
2661,171,4,4572,1,259,0
2662,171,4,5413,1,142,0
2663,171,4,5133,1,236,0
2664,171,4,5466,1,116,0
2665,171,4,5479,1,88,0
2666,171,4,5436,1,133,0
2667,171,4,5199,1,268,0
2668,171,4,5457,1,112,0
2669,171,4,5322,1,145,0
2670,171,4,5437,1,89,0
2671,171,4,5561,1,59,0
2672,171,4,5204,1,237,0
2673,171,4,5353,1,177,0
2674,171,4,4928,1,319,0
2675,171,4,5468,1,113,0
2676,171,4,5559,1,83,0
2677,172,4,5074,1,234,0
2678,172,4,5284,1,232,0
2679,172,4,5313,1,149,0
2680,172,4,5472,1,113,0
2681,172,4,5285,1,211,0
2682,172,4,4836,1,355,0
2683,172,4,5368,1,129,0
2684,172,4,4983,1,372,0
2685,172,1,1303,0,196,0
2686,172,4,5459,1,107,0
2687,172,4,4852,1,273,0
2688,172,4,5441,1,126,0
2689,172,4,5538,1,82,0
2690,172,4,5574,1,60,0
2691,172,4,5329,1,162,0
2692,172,4,5476,1,111,0
2693,172,4,5499,1,91,0
2694,172,4,5466,1,120,0
2695,173,4,5180,1,195,0
2696,173,4,5325,1,196,0
2697,173,4,5549,1,77,0
2698,173,4,5279,1,213,0
2699,173,4,5396,1,165,0
2700,173,3,3611,0,1001,1
2701,173,4,5347,1,181,0
2702,173,4,5581,1,56,0
2703,173,4,5360,1,158,0
2704,173,4,5008,1,196,0
2705,173,4,5026,1,184,0
2706,173,4,5344,1,114,0
2707,174,4,5113,1,301,0
2708,174,4,5110,1,216,0
2709,174,4,5368,1,165,0
2710,174,4,5035,1,378,0
2711,174,4,5428,1,108,0
2712,174,4,5508,1,76,0
2713,174,4,5229,1,248,0
2714,174,4,5554,1,73,0
2715,174,4,4902,1,495,0
2716,174,4,5479,1,100,0
2717,174,4,5478,1,89,0
2718,174,4,5525,1,70,0
2719,174,4,5566,1,58,0
2720,174,4,5393,1,97,0
2721,174,4,5594,1,53,0
2722,174,4,5586,1,55,0
2723,174,4,5315,1,164,0
2724,174,2,1887,0,333,0
2725,174,4,5190,1,130,0
2726,175,4,4917,1,181,0
2727,175,4,5463,1,76,0
2728,175,4,5507,1,83,0
2729,175,4,5385,1,105,0
2730,175,4,5618,1,45,0
2731,175,4,5598,1,53,0
2732,175,4,5452,1,89,0
2733,175,4,5474,1,74,0
2734,175,4,5501,1,70,0
2735,175,4,5189,1,159,0
2736,175,4,5495,1,70,0
2737,175,4,5374,1,107,0
2738,175,4,5368,1,175,0
2739,175,4,5577,1,56,0
2740,175,4,5230,1,175,0
2741,175,4,5555,1,66,0
2742,175,4,5592,1,52,0
2743,175,4,5453,1,79,0
2744,175,4,5269,1,197,0
2745,175,4,5575,1,66,0
2746,175,4,5432,1,104,0
2747,175,4,5475,1,77,0
2748,175,2,2069,0,335,0
2749,175,4,5549,1,63,0
2750,175,4,5559,1,65,0
2751,175,4,5436,1,90,0
2752,175,4,5368,1,94,0
2753,175,4,5520,1,81,0
2754,175,4,5515,1,69,0
2755,175,4,5472,1,79,0
2756,175,4,5591,1,52,0
2757,175,4,5598,1,52,0
2758,176,4,5430,1,101,0
2759,176,4,5150,1,175,0
2760,176,4,5353,1,131,0
2761,176,4,5572,1,57,0
2762,176,4,5245,1,138,0
2763,176,4,5537,1,67,0
2764,176,4,5587,1,60,0
2765,176,3,3228,0,188,0
2766,176,4,5506,1,76,0
2767,176,4,5301,1,131,0
2768,176,1,1193,0,220,0
2769,176,4,5529,1,67,0
2770,176,4,5589,1,53,0
2771,176,4,5169,1,156,0
2772,176,4,5065,1,170,0
2773,176,4,5174,1,181,0
2774,176,4,5216,1,142,0
2775,176,4,5585,1,58,0
2776,176,4,5533,1,68,0
2777,176,4,5200,1,152,0
2778,176,4,5547,1,63,0
2779,176,4,5570,1,80,0
2780,176,4,5299,1,182,0
2781,176,4,5003,1,229,0
2782,176,4,5549,1,68,0
2783,177,4,5624,1,48,0
2784,177,4,5525,1,66,0
2785,177,4,5616,1,49,0
2786,177,4,5337,1,104,0
2787,177,4,5564,1,65,0
2788,177,3,2909,0,362,0
2789,177,4,5312,1,132,0
2790,177,4,4990,1,214,0
2791,177,4,5559,1,59,0
2792,177,4,5598,1,51,0
2793,177,4,5254,1,114,0
2794,177,4,5466,1,89,0
2795,177,4,5600,1,51,0
2796,177,4,5522,1,75,0
2797,177,4,5466,1,115,0
2798,177,4,5444,1,83,0
2799,177,4,5551,1,64,0
2800,177,4,5619,1,46,1
2801,177,4,5636,1,44,0
2802,177,4,5171,1,150,0
2803,177,4,5487,1,72,0
2804,177,4,5538,1,64,0
2805,177,4,5505,1,90,0
2806,177,4,5621,1,48,0
2807,177,4,5063,1,205,0
2808,177,4,5082,1,150,0
2809,177,4,5542,1,66,0
2810,177,0,82,0,321,0
2811,177,4,5395,1,105,0
2812,178,4,5549,1,65,0
2813,178,4,5527,1,67,0
2814,178,4,5304,1,108,0
2815,178,4,5168,1,143,0
2816,178,4,4851,1,201,0
2817,178,4,5406,1,135,0
2818,178,4,5636,1,44,0
2819,178,4,5524,1,66,0
2820,178,4,5534,1,65,0
2821,178,4,5550,1,61,0
2822,178,4,5466,1,79,0
2823,178,4,5140,1,145,0
2824,178,4,5503,1,71,0
2825,178,4,5344,1,115,0
2826,178,4,4708,1,357,0
2827,178,4,4755,1,260,0
2828,178,4,5437,1,90,0
2829,178,4,5538,1,69,0
2830,178,4,5664,1,58,0
2831,178,4,5333,1,121,0
2832,178,4,5143,1,141,0
2833,178,4,5544,1,60,0
2834,178,4,5497,1,80,0
2835,178,4,5373,1,153,0
2836,178,4,5223,1,124,0
2837,178,4,5491,1,94,0
2838,179,4,5301,1,155,0
2839,179,4,5166,1,162,0
2840,179,4,5535,1,65,0
2841,179,4,5545,1,67,0
2842,179,4,5444,1,81,0
2843,179,4,5532,1,66,0
2844,179,4,4496,1,275,0
2845,179,4,5596,1,52,0
2846,179,4,5575,1,56,0
2847,179,4,5443,1,122,0
2848,179,4,5513,1,73,0
2849,179,4,5589,1,57,0
2850,179,4,5398,1,132,0
2851,179,4,5503,1,69,0
2852,179,4,4979,1,217,0
2853,179,4,5565,1,86,0
2854,179,4,5096,1,220,0
2855,179,4,5544,1,66,0
2856,179,4,5431,1,92,0
2857,179,4,5259,1,129,0
2858,179,4,5606,1,52,0
2859,179,4,5226,1,135,0
2860,179,4,5349,1,103,0
2861,179,4,5265,1,159,0
2862,179,4,5288,1,119,0
2863,179,4,4561,1,328,0
2864,180,4,5376,1,112,0
2865,180,4,5536,1,65,0
2866,180,4,5573,1,64,0
2867,180,4,5215,1,144,0
2868,180,4,5225,1,120,0
2869,180,4,5594,1,57,0
2870,180,4,5625,1,47,0
2871,180,4,5586,1,55,0
2872,180,4,5573,1,64,0
2873,180,4,5099,1,153,0
2874,180,4,5216,1,155,0
2875,180,4,5226,1,171,0
2876,180,4,5336,1,102,0
2877,180,4,5576,1,61,0
2878,180,4,5413,1,113,0
2879,180,4,5571,1,63,0
2880,180,4,4795,1,229,0
2881,180,4,4851,1,222,0
2882,180,4,5093,1,170,0
2883,180,4,5583,1,56,0
2884,180,4,5514,1,91,0
2885,180,4,4126,1,359,0
2886,180,4,5581,1,57,0
2887,180,4,5569,1,56,0
2888,180,4,5415,1,94,0
2889,181,4,4952,1,298,0
2890,181,4,5038,1,226,0
2891,181,4,5377,1,94,0
2892,181,4,5357,1,99,0
2893,181,4,5322,1,171,0
2894,181,4,5516,1,67,0
2895,181,4,5257,1,116,0
2896,181,4,5383,1,101,0
2897,181,4,5489,1,106,0
2898,181,4,5525,1,68,0
2899,181,4,5247,1,128,0
2900,181,4,5619,1,46,1
2901,181,4,5591,1,53,0
2902,181,4,5559,1,60,0
2903,181,4,4913,1,185,0
2904,181,4,5573,1,59,0
2905,181,4,5417,1,84,0
2906,181,4,5513,1,93,0
2907,181,4,5081,1,151,0
2908,181,4,5194,1,165,0
2909,181,4,5240,1,128,0
2910,181,4,5504,1,86,0
2911,181,4,5596,1,57,0
2912,181,4,5335,1,117,0
2913,181,4,5557,1,63,0
2914,181,4,5589,1,56,0
2915,181,4,5524,1,71,0
2916,181,4,5278,1,169,0
2917,181,4,5244,1,124,0
2918,181,4,5600,1,55,0
2919,182,4,5456,1,93,0
2920,182,4,5441,1,93,0
2921,182,4,5420,1,96,0
2922,182,4,5518,1,79,0
2923,182,4,5441,1,94,0
2924,182,4,5463,1,87,0
2925,182,4,5613,1,47,0
2926,182,4,5305,1,134,0
2927,182,4,5504,1,73,0
2928,182,4,5571,1,59,0
2929,182,4,5509,1,69,0
2930,182,4,5145,1,174,0
2931,182,4,5247,1,131,0
2932,182,4,5522,1,75,0
2933,182,4,5403,1,121,0
2934,182,4,5420,1,148,0
2935,182,4,5260,1,143,0
2936,182,4,5601,1,50,0
2937,182,4,4239,1,346,0
2938,182,4,5569,1,57,0
2939,182,2,2059,0,341,0
2940,182,4,5537,1,71,0
2941,182,4,5476,1,80,0
2942,182,4,4979,1,197,0
2943,182,4,5588,1,56,0
2944,182,4,5230,1,121,0
2945,182,4,5515,1,69,0
2946,182,4,5308,1,118,0
2947,183,4,5603,1,52,0
2948,183,4,5376,1,121,0
2949,183,4,5561,1,68,0
2950,183,4,5605,1,51,0
2951,183,4,5428,1,131,0
2952,183,4,5473,1,101,0
2953,183,4,5398,1,123,0
2954,183,4,5553,1,60,0
2955,183,4,5312,1,119,0
2956,183,4,5560,1,61,0
2957,183,4,5530,1,67,0
2958,183,4,5580,1,56,0
2959,183,4,5545,1,67,0
2960,183,4,4978,1,228,0
2961,183,4,5557,1,60,0
2962,183,4,5550,1,66,0
2963,183,4,5442,1,94,0
2964,183,4,5156,1,154,0
2965,183,4,5534,1,65,0
2966,183,4,5079,1,200,0
2967,183,4,5570,1,57,0
2968,183,4,5513,1,65,0
2969,183,4,5513,1,76,0
2970,183,0,91,0,386,0
2971,183,4,5578,1,59,0
2972,183,4,5603,1,50,0
2973,183,4,5282,1,149,0
2974,183,4,5301,1,119,0
2975,183,4,5553,1,69,0
2976,183,4,5573,1,62,0
2977,183,4,5509,1,78,0
2978,184,4,5539,1,66,0
2979,184,3,3030,0,394,0
2980,184,4,5567,1,57,0
2981,184,4,5058,1,160,0
2982,184,4,5571,1,58,0
2983,184,4,5275,1,160,0
2984,184,4,5544,1,74,0
2985,184,4,5626,1,47,0
2986,184,4,5508,1,93,0
2987,184,4,5368,1,105,0
2988,184,4,5537,1,77,0
2989,184,4,5552,1,65,0
2990,184,4,5497,1,88,0
2991,184,4,5588,1,57,0
2992,184,4,5450,1,92,0
2993,184,4,5315,1,119,0
2994,184,4,5529,1,64,0
2995,184,4,5517,1,104,0
2996,184,4,5566,1,67,0
2997,184,4,5573,1,58,0
2998,184,4,5597,1,55,0
2999,184,4,5575,1,56,0
3000,184,4,5619,1,46,1
3001,184,4,5431,1,127,0
3002,184,4,5496,1,80,0
3003,184,3,3235,0,258,0
3004,184,4,5360,1,137,0
3005,184,4,5565,1,63,0
3006,184,4,5581,1,57,0
3007,184,4,5490,1,76,0
3008,185,4,4855,1,220,0
3009,185,4,5405,1,91,0
3010,185,4,5629,1,43,0
3011,185,4,5167,1,135,0
3012,185,4,5565,1,58,0
3013,185,2,2114,0,287,0
3014,185,4,5582,1,56,0
3015,185,4,5552,1,67,0
3016,185,4,5441,1,92,0
3017,185,4,4953,1,217,0
3018,185,4,5389,1,93,0
3019,185,4,5403,1,98,0
3020,185,4,5316,1,121,0
3021,185,4,5608,1,49,0
3022,185,4,5174,1,198,0
3023,185,4,5587,1,54,0
3024,185,4,4932,1,179,0
3025,185,4,5559,1,61,0
3026,185,4,5507,1,81,0
3027,185,4,5425,1,93,0
3028,185,4,5595,1,51,0
3029,185,4,5482,1,80,0
3030,185,4,5539,1,66,0
3031,185,4,5637,1,42,0
3032,185,4,5539,1,68,0
3033,185,4,5578,1,54,0
3034,185,4,5045,1,163,0
3035,185,4,5485,1,86,0
3036,185,4,5424,1,88,0
3037,185,4,5573,1,58,0
3038,185,4,5498,1,73,0
3039,185,4,5538,1,72,0
3040,186,4,5035,1,241,0
3041,186,4,5590,1,53,0
3042,186,4,5471,1,100,0
3043,186,4,5464,1,84,0
3044,186,4,5082,1,177,0
3045,186,4,5599,1,54,0
3046,186,4,5573,1,60,0
3047,186,4,5661,1,59,0
3048,186,4,5606,1,51,0
3049,186,4,5585,1,55,0
3050,186,3,3547,0,191,0
3051,186,4,5536,1,69,0
3052,186,4,5278,1,222,0
3053,186,4,5188,1,261,0
3054,186,4,5147,1,289,0
3055,186,4,5573,1,58,0
3056,186,4,5568,1,60,0
3057,186,4,4812,1,263,0
3058,186,0,99,0,245,0
3059,186,4,4975,1,344,0
3060,186,4,5247,1,142,0
3061,187,4,4935,1,303,0
3062,187,4,5196,1,223,0
3063,187,4,5187,1,292,0
3064,187,4,5242,1,179,0
3065,187,4,5356,1,157,0
3066,187,4,5393,1,156,0
3067,187,4,5306,1,196,0
3068,187,4,5370,1,102,0
3069,187,4,5233,1,178,0
3070,187,4,5507,1,90,0
3071,187,4,5376,1,133,0
3072,187,2,2297,0,196,0
3073,187,4,4818,1,361,0
3074,187,2,1845,0,340,0
3075,187,4,5260,1,159,0
3076,187,4,5433,1,138,0
3077,187,4,5284,1,125,0
3078,188,4,5504,1,94,0
3079,188,4,5502,1,98,0
3080,188,4,5280,1,152,0
3081,188,4,5215,1,204,0
3082,188,4,5561,1,95,0
3083,188,4,5522,1,92,0
3084,188,4,5061,1,177,0
3085,188,4,5148,1,215,0
3086,188,4,5381,1,153,0
3087,188,4,5468,1,104,0
3088,188,4,5357,1,145,0
3089,188,4,5018,1,294,0
3090,188,4,5403,1,101,0
3091,188,4,5431,1,121,0
3092,188,4,5015,1,414,0
3093,188,4,5093,1,176,0
3094,188,4,5210,1,225,0
3095,188,4,5329,1,108,0
3096,189,4,4990,1,341,0
3097,189,4,5257,1,249,0
3098,189,4,5443,1,99,0
3099,189,4,5329,1,187,0
3100,189,3,3611,0,1001,1
3101,189,4,5386,1,146,0
3102,189,4,5423,1,140,0
3103,189,4,4835,1,264,0
3104,189,4,4957,1,336,0
3105,189,4,5532,1,83,0
3106,189,4,5477,1,79,0
3107,189,4,5434,1,137,0
3108,189,4,5434,1,145,0
3109,189,4,5381,1,149,0
3110,190,4,5033,1,174,0
3111,190,4,5524,1,87,0
3112,190,3,3339,0,180,0
3113,190,4,4899,1,268,0
3114,190,4,5178,1,276,0
3115,190,4,5302,1,171,0
3116,190,4,5510,1,89,0
3117,190,4,5250,1,165,0
3118,190,4,5212,1,177,0
3119,190,4,5428,1,115,0
3120,190,1,1371,0,347,0
3121,190,4,5222,1,185,0
3122,190,4,5578,1,58,0
3123,190,4,5317,1,127,0
3124,190,4,5424,1,125,0
3125,190,2,2326,0,170,0
3126,190,4,4805,1,266,0
3127,190,4,5570,1,67,0
3128,190,4,5156,1,171,0
3129,191,4,5347,1,189,0
3130,191,4,5535,1,78,0
3131,191,4,5463,1,120,0
3132,191,4,5525,1,94,0
3133,191,4,5300,1,178,0
3134,191,4,5041,1,376,0
3135,191,4,5173,1,222,0
3136,191,4,5094,1,274,0
3137,191,3,3393,0,494,0
3138,191,4,4920,1,244,0
3139,191,4,5565,1,55,0
3140,191,4,5232,1,145,0
3141,191,4,5497,1,84,0
3142,191,1,1216,0,367,0
3143,191,4,5437,1,89,0
3144,191,4,5526,1,72,0
3145,191,4,5525,1,64,0
3146,192,4,5447,1,107,0
3147,192,4,5358,1,97,0
3148,192,4,5576,1,57,0
3149,192,4,5153,1,199,0
3150,192,4,4451,1,295,0
3151,192,4,5560,1,66,0
3152,192,4,5374,1,108,0
3153,192,4,5583,1,57,0
3154,192,4,5578,1,56,0
3155,192,2,2444,0,196,0
3156,192,4,5495,1,76,0
3157,192,4,5500,1,102,0
3158,192,4,5589,1,54,0
3159,192,4,5398,1,114,0
3160,192,4,5508,1,73,0
3161,192,4,5474,1,103,0
3162,192,4,5543,1,71,0
3163,192,4,5299,1,126,0
3164,192,4,5295,1,118,0
3165,192,4,5389,1,167,0
3166,192,4,5427,1,91,0
3167,192,4,5653,1,42,0
3168,192,4,5494,1,78,0
3169,192,4,5361,1,109,0
3170,192,4,4848,1,239,0
3171,192,4,5561,1,63,0
3172,192,4,4901,1,249,0
3173,192,4,5619,1,47,0
3174,192,4,5287,1,107,0
3175,193,4,5548,1,61,0
3176,193,4,5596,1,50,0
3177,193,4,4886,1,193,0
3178,193,4,4167,1,364,0
3179,193,4,5472,1,80,0
3180,193,4,4696,1,243,0
3181,193,4,5581,1,66,0
3182,193,4,5422,1,125,0
3183,193,4,5619,1,47,0
3184,193,4,5555,1,60,0
3185,193,4,5546,1,65,0
3186,193,4,5142,1,183,0
3187,193,4,5461,1,98,0
3188,193,4,5540,1,67,0
3189,193,4,5212,1,130,0
3190,193,4,5473,1,89,0
3191,193,4,5546,1,65,0
3192,193,4,5357,1,103,0
3193,193,4,5480,1,76,0
3194,193,4,5484,1,78,0
3195,193,4,5395,1,90,0
3196,193,4,5142,1,162,0
3197,193,4,4883,1,196,0
3198,193,4,5577,1,54,0
3199,193,4,5591,1,56,0
3200,193,4,5619,1,46,1
3201,193,4,5589,1,55,0
3202,193,4,5522,1,73,0
3203,193,4,5107,1,151,0
3204,193,4,5567,1,61,0
3205,193,4,5582,1,55,0
3206,194,4,5105,1,150,0
3207,194,4,5600,1,53,0
3208,194,4,5177,1,166,0
3209,194,4,5575,1,58,0
3210,194,4,5479,1,85,0
3211,194,4,5560,1,61,0
3212,194,4,5557,1,57,0
3213,194,4,5306,1,121,0
3214,194,4,5402,1,113,0
3215,194,4,5552,1,61,0
3216,194,4,5588,1,53,0
3217,194,4,5660,1,61,0
3218,194,4,5582,1,57,0
3219,194,4,5576,1,58,0
3220,194,4,5588,1,53,0
3221,194,4,5386,1,110,0
3222,194,4,5568,1,59,0
3223,194,4,5430,1,92,0
3224,194,4,5533,1,67,0
3225,194,4,4703,1,256,0
3226,194,4,4885,1,234,0
3227,194,4,5567,1,63,0
3228,194,4,5574,1,56,0
3229,194,4,5199,1,131,0
3230,194,4,5414,1,88,0
3231,194,4,5548,1,68,0
3232,194,4,5493,1,74,0
3233,194,4,5500,1,72,0
3234,194,4,5491,1,74,0
3235,194,4,4935,1,180,0
3236,194,4,5549,1,65,0
3237,194,4,5453,1,116,0
3238,194,4,5409,1,115,0
3239,195,4,5574,1,58,0
3240,195,4,5598,1,52,0
3241,195,4,5539,1,66,0
3242,195,4,5322,1,153,0
3243,195,3,3299,0,344,0
3244,195,4,5591,1,56,0
3245,195,4,5491,1,82,0
3246,195,4,5588,1,58,0
3247,195,4,5463,1,81,0
3248,195,4,5314,1,143,0
3249,195,4,5591,1,54,0
3250,195,4,5394,1,124,0
3251,195,4,5596,1,52,0
3252,195,4,5565,1,93,0
3253,195,4,5539,1,71,0
3254,195,0,97,0,288,0
3255,195,4,4907,1,247,0
3256,195,4,5515,1,72,0
3257,195,4,5597,1,73,0
3258,195,4,5565,1,56,0
3259,195,4,5394,1,102,0
3260,195,4,5549,1,64,0
3261,195,4,5290,1,118,0
3262,195,4,5294,1,119,0
3263,195,4,5499,1,68,0
3264,196,4,4378,1,495,0
3265,196,4,5531,1,67,0
3266,196,4,5212,1,139,0
3267,196,4,5505,1,80,0
3268,196,4,5149,1,156,0
3269,196,4,5406,1,100,0
3270,196,4,5594,1,53,0
3271,196,4,5589,1,55,0
3272,196,4,5150,1,160,0
3273,196,4,5607,1,50,0
3274,196,4,5549,1,86,0
3275,196,4,5481,1,88,0
3276,196,4,5604,1,49,0
3277,196,4,5529,1,70,0
3278,196,4,5470,1,76,0
3279,196,4,5494,1,82,0
3280,196,4,5392,1,111,0
3281,196,4,5363,1,103,0
3282,196,4,5368,1,96,0
3283,196,4,5552,1,64,0
3284,196,4,5361,1,112,0
3285,196,4,5505,1,79,0
3286,196,4,5484,1,83,0
3287,196,4,5374,1,131,0
3288,196,4,5556,1,61,0
3289,196,4,5307,1,121,0
3290,196,4,5481,1,79,0
3291,196,4,5531,1,75,0
3292,196,4,5573,1,62,0
3293,196,4,5520,1,77,0
3294,196,4,5583,1,55,0
3295,196,4,5568,1,71,0
3296,196,4,5560,1,62,0
3297,196,4,5630,1,44,0
3298,196,4,5383,1,105,0
3299,196,4,5281,1,147,0
3300,196,4,5619,1,46,1
3301,197,4,5362,1,95,0
3302,197,4,5600,1,50,0
3303,197,4,5602,1,49,0
3304,197,4,5273,1,130,0
3305,197,4,5513,1,70,0
3306,197,4,5007,1,260,0
3307,197,4,5312,1,122,0
3308,197,4,5569,1,57,0
3309,197,4,5555,1,59,0
3310,197,4,5264,1,136,0
3311,197,4,5040,1,168,0
3312,197,4,5226,1,126,0
3313,197,4,5457,1,85,0
3314,197,4,5267,1,152,0
3315,197,4,5532,1,65,0
3316,197,4,5579,1,54,0
3317,197,4,5276,1,150,0
3318,197,4,5591,1,54,0
3319,197,4,5152,1,185,0
3320,197,4,5488,1,76,0
3321,197,4,5128,1,193,0
3322,197,4,5528,1,68,0
3323,197,2,2195,0,149,0
3324,197,4,5477,1,85,0
3325,197,4,5594,1,54,0
3326,197,4,5624,1,46,0
3327,197,4,5191,1,148,0
3328,197,4,5348,1,138,0
3329,197,4,5508,1,70,0
3330,198,4,5596,1,52,0
3331,198,4,5330,1,139,0
3332,198,4,5609,1,49,0
3333,198,4,5548,1,62,0
3334,198,4,5418,1,95,0
3335,198,4,5587,1,54,0
3336,198,1,1214,0,247,0
3337,198,4,5583,1,56,0
3338,198,4,5276,1,135,0
3339,198,4,5355,1,106,0
3340,198,4,5486,1,82,0
3341,198,4,5619,1,46,0
3342,198,4,5469,1,114,0
3343,198,4,5569,1,56,0
3344,198,4,5518,1,88,0
3345,198,4,5271,1,150,0
3346,198,4,5548,1,64,0
3347,198,4,5610,1,48,0
3348,198,4,5410,1,105,0
3349,198,4,5445,1,80,0
3350,198,4,5293,1,116,0
3351,198,4,5565,1,69,0
3352,198,4,5193,1,154,0
3353,198,4,5497,1,83,0
3354,198,4,4977,1,170,0
3355,198,4,5556,1,65,0
3356,198,4,5503,1,70,0
3357,199,4,5222,1,211,0
3358,199,4,5590,1,52,0
3359,199,4,5165,1,153,0
3360,199,4,5572,1,58,0
3361,199,4,5593,1,53,0
3362,199,4,5382,1,92,0
3363,199,4,5242,1,123,0
3364,199,4,5444,1,103,0
3365,199,4,5550,1,68,0
3366,199,4,5566,1,57,0
3367,199,4,4946,1,208,0
3368,199,4,5452,1,96,0
3369,199,4,5518,1,79,0
3370,199,4,5575,1,61,0
3371,199,4,5523,1,74,0
3372,199,4,5495,1,77,0
3373,199,4,5329,1,142,0
3374,199,4,5386,1,116,0
3375,199,4,5598,1,56,0
3376,199,1,1232,0,641,0
3377,199,4,5294,1,110,0
3378,199,4,5283,1,113,0
3379,199,4,5571,1,56,0
3380,199,4,5586,1,54,0
3381,199,4,5200,1,175,0
3382,199,4,5485,1,80,0
3383,200,4,5578,1,56,0
3384,200,4,5479,1,79,0
3385,200,4,5461,1,101,0
3386,200,4,5586,1,54,0
3387,200,4,5343,1,130,0
3388,200,4,5350,1,108,0
3389,200,4,5522,1,73,0
3390,200,4,5118,1,206,0
3391,200,4,5380,1,128,0
3392,200,4,5595,1,55,0
3393,200,4,5541,1,65,0
3394,200,4,5169,1,158,0
3395,200,2,1903,0,326,0
3396,200,4,4601,1,324,0
3397,200,4,5472,1,86,0
3398,200,4,5197,1,176,0
3399,200,4,5121,1,144,0
3400,200,4,5619,1,46,1
3401,200,4,5552,1,69,0
3402,200,4,5591,1,54,0
3403,200,4,5455,1,77,0
3404,200,4,5495,1,77,0
3405,200,4,5476,1,81,0
3406,200,4,5285,1,149,0
3407,200,4,5543,1,65,0
3408,200,4,5565,1,62,0
3409,200,4,5360,1,130,0
3410,201,4,5525,1,68,0
3411,201,4,5575,1,59,0
3412,201,4,5547,1,62,0
3413,201,4,5565,1,61,0
3414,201,4,5533,1,66,0
3415,201,4,5403,1,117,0
3416,201,4,5563,1,61,0
3417,201,4,5288,1,114,0
3418,201,4,5518,1,71,0
3419,201,4,5550,1,61,0
3420,201,4,5606,1,50,0
3421,201,4,5498,1,77,0
3422,201,4,5487,1,75,0
3423,201,4,5611,1,50,0
3424,201,3,3390,0,181,0
3425,201,4,5455,1,103,0
3426,201,4,5538,1,70,0
3427,201,4,5386,1,114,0
3428,201,4,5582,1,56,0
3429,201,4,5514,1,73,0
3430,201,4,5526,1,68,0
3431,201,2,2420,0,194,0
3432,201,4,5586,1,57,0
3433,201,4,5472,1,89,0
3434,201,4,5533,1,66,0
3435,201,4,5326,1,116,0
3436,201,2,2447,0,180,0
3437,201,4,5277,1,155,0
3438,201,2,2154,0,265,0
3439,201,4,5324,1,138,0
3440,201,4,5479,1,82,0
3441,201,4,5579,1,57,0
3442,201,4,5611,1,51,0
3443,202,4,5239,1,140,0
3444,202,4,5522,1,77,0
3445,202,4,5500,1,78,0
3446,202,4,5409,1,101,0
3447,202,4,5443,1,96,0
3448,202,4,5206,1,125,0
3449,202,4,5396,1,91,0
3450,202,4,5567,1,59,0
3451,202,4,5451,1,86,0
3452,202,4,5563,1,59,0
3453,202,4,5150,1,202,0
3454,202,4,5574,1,58,0
3455,202,4,5562,1,64,0
3456,202,4,5431,1,128,0
3457,202,4,4876,1,217,0
3458,202,4,5271,1,140,0
3459,202,4,5518,1,80,0
3460,202,4,5498,1,69,0
3461,202,4,5408,1,96,0
3462,202,4,5502,1,82,0
3463,202,4,5347,1,132,0
3464,202,1,1174,0,341,0
3465,202,4,5246,1,135,0
3466,202,4,5519,1,69,0
3467,202,4,5366,1,132,0
3468,202,4,5359,1,108,0
3469,202,4,5576,1,54,0
3470,203,4,5127,1,191,0
3471,203,4,5362,1,109,0
3472,203,4,5296,1,148,0
3473,203,4,5588,1,53,0
3474,203,4,5447,1,82,0
3475,203,4,5233,1,158,0
3476,203,4,5577,1,56,0
3477,203,4,4877,1,202,0
3478,203,4,5233,1,142,0
3479,203,4,5601,1,50,0
3480,203,4,5582,1,55,0
3481,203,4,5574,1,55,0
3482,203,4,5324,1,101,0
3483,203,4,5583,1,56,0
3484,203,4,5550,1,63,0
3485,203,4,5554,1,63,0
3486,203,4,5582,1,56,0
3487,203,4,5593,1,56,0
3488,203,4,5193,1,170,0
3489,203,4,5496,1,87,0
3490,203,3,3364,0,191,0
3491,203,4,4906,1,239,0
3492,203,4,5530,1,74,0
3493,203,4,5580,1,57,0
3494,203,4,5553,1,60,0
3495,203,4,5538,1,62,0
3496,203,4,5370,1,108,0
3497,203,4,5431,1,107,0
3498,203,4,5449,1,83,0
3499,203,4,5551,1,64,0
3500,203,4,5619,1,46,1
3501,204,1,1117,0,330,0
3502,204,4,5527,1,73,0
3503,204,4,4952,1,237,0
3504,204,4,5290,1,218,0
3505,204,4,5588,1,56,0
3506,204,4,5612,1,48,0
3507,204,4,5488,1,80,0
3508,204,1,892,0,331,0
3509,204,4,5186,1,130,0
3510,204,4,5270,1,122,0
3511,204,4,5552,1,63,0
3512,204,4,5560,1,66,0
3513,204,4,5543,1,65,0
3514,204,4,5500,1,81,0
3515,204,4,5520,1,77,0
3516,204,4,5303,1,112,0
3517,204,4,5571,1,60,0
3518,204,4,5212,1,136,0
3519,204,4,5564,1,62,0
3520,204,4,5481,1,85,0
3521,204,4,5469,1,78,0
3522,204,4,5266,1,161,0
3523,204,4,5527,1,71,0
3524,204,4,5512,1,73,0
3525,204,4,5571,1,64,0
3526,204,4,5082,1,192,0
3527,204,4,5595,1,51,0
3528,204,4,5379,1,115,0
3529,205,4,5496,1,77,0
3530,205,4,5587,1,56,0
3531,205,4,5540,1,62,0
3532,205,4,5282,1,127,0
3533,205,4,5469,1,100,0
3534,205,4,5551,1,61,0
3535,205,4,5543,1,62,0
3536,205,4,5232,1,138,0
3537,205,4,5540,1,73,0
3538,205,4,5544,1,67,0
3539,205,4,5574,1,55,0
3540,205,4,5538,1,64,0
3541,205,4,5524,1,70,0
3542,205,4,5454,1,83,0
3543,205,4,5580,1,56,0
3544,205,4,5530,1,72,0
3545,205,4,5521,1,84,0
3546,205,4,5464,1,114,0
3547,205,4,5456,1,122,0
3548,205,4,5189,1,175,0
3549,205,4,5603,1,52,0
3550,205,4,5565,1,60,0
3551,205,4,5526,1,74,0
3552,205,4,5560,1,63,0
3553,205,4,5523,1,67,0
3554,205,4,5571,1,57,0
3555,205,4,5572,1,59,0
3556,205,4,4937,1,197,0
3557,205,4,5507,1,68,0
3558,205,4,5363,1,109,0
3559,205,4,5576,1,61,0
3560,205,4,5446,1,83,0
3561,205,4,5578,1,58,0
3562,205,4,5297,1,162,0
3563,205,4,5440,1,90,0
3564,205,4,5574,1,57,0
3565,205,4,5485,1,74,0
3566,206,4,5172,1,136,0
3567,206,4,5435,1,86,0
3568,206,4,5324,1,139,0
3569,206,2,2118,0,169,0
3570,206,4,5543,1,72,0
3571,206,4,5256,1,128,0
3572,206,4,4627,1,242,0
3573,206,4,5552,1,69,0
3574,206,4,5286,1,130,0
3575,206,4,5599,1,52,0
3576,206,4,5531,1,64,0
3577,206,4,4823,1,205,0
3578,206,4,5586,1,56,0
3579,206,4,4802,1,282,0
3580,206,4,5538,1,64,0
3581,206,4,5509,1,76,0
3582,206,4,5559,1,69,0
3583,206,4,5288,1,130,0
3584,206,4,5454,1,82,0
3585,206,4,5549,1,66,0
3586,206,4,5562,1,61,0
3587,206,4,5450,1,115,0
3588,206,4,5473,1,81,0
3589,206,0,84,0,224,0
3590,206,4,5586,1,54,0
3591,206,4,5558,1,68,0
3592,206,4,5597,1,55,0
3593,206,4,5496,1,74,0
3594,206,4,5601,1,57,0
3595,206,4,5441,1,89,0
3596,207,4,5461,1,121,0
3597,207,4,5368,1,93,0
3598,207,4,5296,1,114,0
3599,207,4,5568,1,56,0
3600,207,4,5619,1,46,1
3601,207,4,5530,1,64,0
3602,207,4,5539,1,81,0
3603,207,4,5594,1,52,0
3604,207,4,5591,1,54,0
3605,207,4,4943,1,231,0
3606,207,4,5482,1,76,0
3607,207,4,5545,1,66,0
3608,207,4,5508,1,74,0
3609,207,4,5034,1,190,0
3610,207,4,5153,1,133,0
3611,207,4,5579,1,55,0
3612,207,4,5549,1,73,0
3613,207,4,5398,1,92,0
3614,207,4,5529,1,73,0
3615,207,4,5583,1,56,0
3616,207,4,5586,1,54,0
3617,207,4,5490,1,69,0
3618,207,4,5314,1,146,0
3619,207,4,5393,1,102,0
3620,207,4,4846,1,196,0
3621,207,4,5503,1,88,0
3622,207,4,5211,1,169,0
3623,207,4,5597,1,53,0
3624,207,4,5595,1,52,0
3625,207,4,5550,1,64,0
3626,207,4,5499,1,70,0
3627,207,4,5572,1,57,0
3628,207,4,5600,1,53,0
3629,208,1,1359,0,356,0
3630,208,4,5240,1,130,0
3631,208,4,5439,1,89,0
3632,208,4,5562,1,60,0
3633,208,4,5572,1,62,0
3634,208,4,5581,1,56,0
3635,208,4,5107,1,201,0
3636,208,4,5386,1,115,0
3637,208,4,5300,1,125,0
3638,208,4,5565,1,60,0
3639,208,4,5540,1,85,0
3640,208,4,5532,1,65,0
3641,208,4,5479,1,76,0
3642,208,4,5564,1,57,0
3643,208,4,5514,1,75,0
3644,208,4,5484,1,76,0
3645,208,4,5398,1,144,0
3646,208,4,5570,1,56,0
3647,208,4,5119,1,197,0
3648,208,4,5601,1,50,0
3649,208,2,2378,0,193,0
3650,208,4,5271,1,156,0
3651,208,1,1375,0,262,0
3652,208,4,5525,1,67,0
3653,208,4,5576,1,56,0
3654,208,4,4825,1,201,0
3655,208,4,4695,1,228,0
3656,208,4,5550,1,70,0
3657,209,4,5550,1,66,0
3658,209,4,5449,1,104,0
3659,209,4,5584,1,59,0
3660,209,4,5539,1,67,0
3661,209,4,5537,1,81,0
3662,209,4,5574,1,60,0
3663,209,4,5315,1,119,0
3664,209,4,5201,1,130,0
3665,209,4,5205,1,170,0
3666,209,4,5583,1,58,0
3667,209,4,5648,1,40,0
3668,209,4,5596,1,54,0
3669,209,4,5587,1,54,0
3670,209,4,5608,1,50,0
3671,209,4,5419,1,108,0
3672,209,4,5459,1,123,0
3673,209,4,5472,1,81,0
3674,209,4,5559,1,59,0
3675,209,4,5571,1,61,0
3676,209,4,5241,1,153,0
3677,209,4,5557,1,61,0
3678,209,4,5545,1,67,0
3679,209,4,5600,1,48,0
3680,209,4,5536,1,74,0
3681,209,4,5298,1,122,0
3682,209,4,5585,1,54,0
3683,209,4,4731,1,248,0
3684,209,4,5553,1,65,0
3685,209,4,5397,1,97,0
3686,209,4,5272,1,111,0
3687,209,4,5204,1,128,0
3688,209,4,5477,1,82,0
3689,209,4,5574,1,64,0
3690,209,4,5444,1,91,0
3691,209,4,5668,1,57,0
3692,210,4,5151,1,187,0
3693,210,4,5602,1,49,0
3694,210,4,5494,1,80,0
3695,210,4,5598,1,52,0
3696,210,4,5576,1,56,0
3697,210,4,5590,1,55,0
3698,210,4,5544,1,68,0
3699,210,4,5522,1,70,0
3700,210,4,5619,1,46,1
3701,210,4,5552,1,69,0
3702,210,4,5588,1,57,0
3703,210,4,5289,1,126,0
3704,210,4,5275,1,115,0
3705,210,4,5541,1,69,0
3706,210,4,5615,1,46,0
3707,210,4,5144,1,185,0
3708,210,4,5444,1,104,0
3709,210,4,5576,1,62,0
3710,210,4,5433,1,90,0
3711,210,4,5546,1,63,0
3712,210,4,5616,1,47,0
3713,210,4,5572,1,57,0
3714,210,4,5335,1,118,0
3715,210,4,5528,1,68,0
3716,210,1,1148,0,229,0
3717,210,4,5579,1,55,0
3718,210,4,5166,1,144,0
3719,210,4,5364,1,94,0
3720,210,4,5487,1,76,0
3721,210,2,2400,0,304,0
3722,210,4,5267,1,132,0
3723,210,4,5535,1,67,0
3724,210,4,5266,1,153,0
3725,211,4,5607,1,50,0
3726,211,4,5328,1,102,0
3727,211,4,5115,1,141,0
3728,211,4,5447,1,81,0
3729,211,4,5524,1,75,0
3730,211,4,5202,1,150,0
3731,211,4,5544,1,87,0
3732,211,4,5387,1,100,0
3733,211,4,5485,1,80,0
3734,211,4,5373,1,116,0
3735,211,4,5563,1,61,0
3736,211,4,4928,1,182,0
3737,211,4,5586,1,54,0
3738,211,0,99,0,201,0
3739,211,4,5562,1,61,0
3740,211,4,4343,1,609,0
3741,211,4,5571,1,63,0
3742,211,4,5585,1,55,0
3743,211,4,4945,1,238,0
3744,211,4,5588,1,53,0
3745,211,4,5574,1,59,0
3746,211,4,5551,1,66,0
3747,211,4,5559,1,65,0
3748,211,4,5462,1,80,0
3749,211,4,5511,1,76,0
3750,211,4,5588,1,55,0
3751,211,4,5527,1,67,0
3752,211,4,5544,1,68,0
3753,211,4,5520,1,72,0
3754,211,4,5578,1,56,0
3755,212,4,5552,1,64,0
3756,212,4,5532,1,73,0
3757,212,4,5529,1,66,0
3758,212,1,1149,0,184,0
3759,212,4,5227,1,140,0
3760,212,4,5480,1,76,0
3761,212,4,5390,1,111,0
3762,212,4,5567,1,62,0
3763,212,4,5588,1,53,0
3764,212,4,5428,1,83,0
3765,212,3,3409,0,140,0
3766,212,4,5011,1,179,0
3767,212,4,5094,1,217,0
3768,212,4,5340,1,118,0
3769,212,4,5530,1,67,0
3770,212,4,5612,1,48,0
3771,212,4,5629,1,46,0
3772,212,4,5585,1,58,0
3773,212,4,5322,1,122,0
3774,212,4,5484,1,91,0
3775,212,4,5441,1,88,0
3776,212,4,5483,1,79,0
3777,212,4,5601,1,50,0
3778,212,4,5253,1,133,0
3779,212,4,4946,1,175,0
3780,212,4,5579,1,60,0
3781,212,4,5570,1,65,0
3782,212,4,5459,1,79,0
3783,212,4,5551,1,65,0
3784,212,4,5563,1,60,0
3785,212,4,5568,1,60,0
3786,212,4,5557,1,67,0
3787,212,4,5440,1,99,0
3788,212,4,5382,1,101,0
3789,213,4,5577,1,55,0
3790,213,4,5523,1,97,0
3791,213,4,5601,1,50,0
3792,213,4,5554,1,60,0
3793,213,4,5256,1,143,0
3794,213,4,5316,1,109,0
3795,213,4,5069,1,159,0
3796,213,4,5605,1,50,0
3797,213,4,5504,1,67,0
3798,213,4,5351,1,97,0
3799,213,4,5480,1,78,0
3800,213,4,5619,1,46,1
3801,213,4,5580,1,57,0
3802,213,4,5568,1,86,0
3803,213,3,3576,0,181,0
3804,213,4,5531,1,69,0
3805,213,4,5528,1,61,0
3806,213,4,5552,1,59,0
3807,213,4,5594,1,75,0
3808,213,4,5606,1,49,0
3809,213,4,5352,1,144,0
3810,213,4,5576,1,55,0
3811,213,4,5547,1,66,0
3812,213,4,5490,1,72,0
3813,213,4,5527,1,97,0
3814,213,4,5529,1,75,0
3815,213,4,4716,1,229,0
3816,213,4,4539,1,437,0
3817,213,4,5508,1,70,0
3818,213,4,5212,1,137,0
3819,213,4,5515,1,73,0
3820,213,4,5595,1,53,0
3821,214,4,5100,1,153,0
3822,214,4,5556,1,72,0
3823,214,4,5561,1,59,0
3824,214,4,5606,1,51,0
3825,214,4,5433,1,93,0
3826,214,4,5558,1,58,0
3827,214,4,5489,1,76,0
3828,214,4,5447,1,107,0
3829,214,4,5352,1,123,0
3830,214,4,5544,1,63,0
3831,214,4,5575,1,58,0
3832,214,4,5531,1,68,0
3833,214,4,5092,1,149,0
3834,214,4,5577,1,55,0
3835,214,4,5580,1,56,0
3836,214,2,2179,0,477,0
3837,214,4,5541,1,67,0
3838,214,4,5559,1,62,0
3839,214,4,5497,1,81,0
3840,214,4,5515,1,74,0
3841,214,4,5524,1,68,0
3842,214,4,5569,1,58,0
3843,214,4,5369,1,93,0
3844,214,4,5219,1,124,0
3845,214,4,5110,1,146,0
3846,214,4,5585,1,53,0
3847,214,4,5574,1,56,0
3848,214,4,5509,1,79,0
3849,214,4,5550,1,66,0
3850,214,1,1453,0,304,0
3851,214,4,5589,1,58,0
3852,214,4,5476,1,78,0
3853,215,4,5572,1,57,0
3854,215,3,3060,0,235,0
3855,215,4,5599,1,50,0
3856,215,4,5518,1,76,0
3857,215,4,5511,1,74,0
3858,215,0,99,0,168,0
3859,215,4,5469,1,81,0
3860,215,4,5559,1,61,0
3861,215,4,5571,1,57,0
3862,215,4,5563,1,63,0
3863,215,4,5444,1,94,0
3864,215,4,5003,1,165,0
3865,215,4,5567,1,57,0
3866,215,4,5186,1,174,0
3867,215,4,5558,1,61,0
3868,215,4,5452,1,92,0
3869,215,4,5562,1,62,0
3870,215,4,5467,1,75,0
3871,215,4,5514,1,81,0
3872,215,4,4872,1,261,0
3873,215,4,5273,1,130,0
3874,215,4,5560,1,64,0
3875,215,4,5565,1,62,0
3876,215,4,5572,1,62,0
3877,215,4,5424,1,98,0
3878,215,4,5447,1,85,0
3879,215,2,2422,0,221,0
3880,215,4,4807,1,231,0
3881,215,4,5532,1,66,0
3882,216,4,5492,1,75,0
3883,216,4,5502,1,74,0
3884,216,4,4712,1,223,0
3885,216,4,5493,1,74,0
3886,216,4,5503,1,75,0
3887,216,4,5449,1,85,0
3888,216,4,5588,1,54,0
3889,216,4,5541,1,65,0
3890,216,4,5590,1,55,0
3891,216,4,5353,1,135,0
3892,216,4,5174,1,145,0
3893,216,4,5519,1,69,0
3894,216,4,5574,1,61,0
3895,216,4,5575,1,55,0
3896,216,4,5406,1,114,0
3897,216,4,5562,1,59,0
3898,216,4,5603,1,49,0
3899,216,4,5367,1,107,0
3900,216,4,5619,1,46,1
3901,216,4,5599,1,50,0
3902,216,4,5523,1,74,0
3903,216,4,5573,1,56,0
3904,216,4,5587,1,56,0
3905,216,4,5574,1,57,0
3906,216,4,5570,1,61,0
3907,216,4,5650,1,40,0
3908,216,2,2450,0,258,0
3909,216,4,5572,1,63,0
3910,216,4,5581,1,56,0
3911,216,4,5423,1,106,0
3912,216,4,5594,1,52,0
3913,216,4,5247,1,121,0
3914,216,4,5570,1,58,0
3915,216,4,5421,1,86,0
3916,216,4,5607,1,51,0
3917,216,4,5131,1,173,0
3918,216,4,5477,1,105,0
3919,216,4,5480,1,76,0
3920,217,4,5362,1,95,0
3921,217,4,5251,1,132,0
3922,217,4,5495,1,77,0
3923,217,4,5302,1,107,0
3924,217,4,5560,1,60,0
3925,217,4,5571,1,55,0
3926,217,4,5060,1,206,0
3927,217,4,5398,1,99,0
3928,217,4,5453,1,80,0
3929,217,4,5556,1,61,0
3930,217,4,5585,1,56,0
3931,217,4,5572,1,58,0
3932,217,4,5603,1,50,0
3933,217,4,5605,1,50,0
3934,217,4,5515,1,84,0
3935,217,4,5568,1,62,0
3936,217,4,5638,1,65,0
3937,217,4,5503,1,98,0
3938,217,4,5377,1,97,0
3939,217,4,5555,1,61,0
3940,217,4,5564,1,58,0
3941,217,4,5570,1,63,0
3942,217,2,2234,0,193,0
3943,217,4,5583,1,56,0
3944,217,4,5451,1,108,0
3945,217,4,5493,1,85,0
3946,217,4,5582,1,53,0
3947,217,4,5592,1,52,0
3948,217,4,5594,1,51,0
3949,217,4,5560,1,61,0
3950,217,4,5177,1,130,0
3951,217,4,5252,1,147,0
3952,217,4,5338,1,99,0
3953,217,4,5241,1,134,0
3954,217,4,5509,1,76,0
3955,217,4,5262,1,124,0
3956,218,4,5272,1,119,0
3957,218,4,5449,1,86,0
3958,218,4,5571,1,58,0
3959,218,4,5152,1,138,0
3960,218,4,5275,1,132,0
3961,218,4,4879,1,302,0
3962,218,4,5618,1,49,0
3963,218,4,5271,1,150,0
3964,218,4,5555,1,60,0
3965,218,4,5023,1,191,0
3966,218,4,5360,1,112,0
3967,218,4,5352,1,127,0
3968,218,4,5312,1,118,0
3969,218,4,5383,1,101,0
3970,218,4,5244,1,162,0
3971,218,4,5551,1,68,0
3972,218,4,5576,1,61,0
3973,218,4,5437,1,94,0
3974,218,4,5167,1,168,0
3975,218,4,5607,1,51,0
3976,218,4,5327,1,101,0
3977,218,4,5400,1,98,0
3978,218,4,5600,1,50,0
3979,218,4,5375,1,112,0
3980,218,4,5211,1,138,0
3981,218,4,5321,1,116,0
3982,219,1,1060,0,186,0
3983,219,4,5572,1,71,0
3984,219,4,5038,1,166,0
3985,219,4,5527,1,68,0
3986,219,4,5650,1,40,0
3987,219,4,5497,1,78,0
3988,219,4,5579,1,68,0
3989,219,4,5507,1,79,0
3990,219,4,5568,1,62,0
3991,219,4,5043,1,194,0
3992,219,4,5579,1,54,0
3993,219,4,5312,1,104,0
3994,219,4,5322,1,140,0
3995,219,2,2317,0,168,0
3996,219,4,5450,1,122,0
3997,219,4,5526,1,67,0
3998,219,4,5347,1,99,0
3999,219,4,5423,1,107,0
4000,219,4,5619,1,46,1
4001,219,4,5565,1,62,0
