1,0,2,1950,0,1001,0
2,1,2,2002,0,1001,0
3,1,1,1183,0,1001,0
4,1,2,2007,0,1001,0
5,2,3,2307,0,1001,0
6,2,1,1118,0,1001,0
7,2,3,2490,0,1001,0
8,3,4,4918,1,304,0
9,3,3,2839,0,1001,0
10,3,3,3082,0,1001,0
11,4,3,2886,0,1001,0
12,4,2,1473,0,1001,0
13,4,2,1911,0,1001,0
14,5,3,2445,0,1001,0
15,5,3,2895,0,1001,0
16,5,3,3255,0,1001,0
17,6,3,3291,0,1001,0
18,6,3,2781,0,1001,0
19,6,3,3235,0,1001,0
20,7,4,4517,1,605,0
21,7,4,5105,1,227,0
22,7,4,5228,1,178,0
23,7,3,2966,0,1001,0
24,7,4,5222,1,166,0
25,7,4,4771,1,241,0
26,7,4,3791,1,774,0
27,8,3,3283,0,1001,0
28,8,4,3705,1,974,0
29,8,4,4484,1,412,0
30,8,4,4375,1,432,0
31,9,2,2368,0,1001,0
32,9,4,3056,1,978,0
33,9,4,4501,1,355,0
34,9,4,4995,1,219,0
35,9,4,4624,1,351,0
36,9,4,5247,1,142,0
37,9,4,5174,1,171,0
38,9,4,5069,1,221,0
39,9,4,5078,1,183,0
40,10,3,3260,0,1001,0
41,10,4,3793,1,796,0
42,10,4,3721,1,651,0
43,10,4,4033,1,440,0
44,11,4,3147,1,692,0
45,11,2,2236,0,1001,0
46,11,4,4037,1,651,0
47,11,4,4801,1,327,0
48,11,4,4859,1,228,0
49,12,4,3897,1,521,0
50,12,4,3990,1,691,0
51,12,4,3574,1,727,0
52,12,4,4286,1,443,0
53,12,3,2622,0,1001,0
54,13,4,3478,1,771,0
55,13,4,3958,1,525,0
56,13,4,4633,1,348,0
57,13,4,4716,1,359,0
58,13,4,4188,1,399,0
59,13,4,4861,1,390,0
60,14,3,2968,0,1001,0
61,14,4,5262,1,139,0
62,14,2,1913,0,1001,0
63,14,4,5239,1,132,0
64,14,4,4774,1,296,0
65,14,4,4111,1,462,0
66,14,4,4926,1,265,0
67,15,4,4236,1,516,0
68,15,4,4983,1,241,0
69,15,4,4554,1,528,0
70,15,4,4895,1,222,0
71,15,4,4712,1,298,0
72,15,4,4916,1,257,0
73,15,4,5072,1,256,0
74,16,3,3293,0,1001,0
75,16,4,5284,1,131,0
76,16,4,4733,1,272,0
77,16,4,4498,1,304,0
78,16,4,4744,1,421,0
79,16,3,2946,0,1001,0
80,16,4,4281,1,416,0
81,16,4,5359,1,127,0
82,17,4,4575,1,328,0
83,17,3,3187,0,1001,0
84,17,3,3222,0,1001,0
85,17,4,5051,1,191,0
86,17,4,4892,1,226,0
87,17,4,4044,1,436,0
88,18,4,4273,1,365,0
89,18,4,5065,1,171,0
90,18,4,5473,1,98,0
91,18,4,5247,1,162,0
92,18,4,5210,1,149,0
93,18,4,4547,1,303,0
94,18,4,5212,1,207,0
95,18,4,5312,1,132,0
96,18,4,5364,1,144,0
97,18,4,5256,1,137,0
98,18,4,4540,1,289,0
99,18,4,4856,1,229,0
100,19,0,99,0,1001,1
101,19,4,5120,1,162,0
102,19,4,5063,1,236,0
103,19,4,4716,1,237,0
104,19,4,4985,1,205,0
105,19,4,4799,1,235,0
106,19,4,5546,1,77,0
107,19,4,4966,1,191,0
108,19,4,5274,1,133,0
109,19,4,5322,1,134,0
110,19,4,4802,1,263,0
111,19,4,5444,1,115,0
112,19,4,5216,1,147,0
113,19,4,5477,1,96,0
114,19,4,5512,1,81,0
115,19,4,5049,1,254,0
116,19,4,5334,1,131,0
117,19,4,5011,1,208,0
118,20,4,5584,1,64,0
119,20,4,5142,1,164,0
120,20,4,5532,1,79,0
121,20,4,4917,1,202,0
122,20,4,5204,1,165,0
123,20,4,5025,1,178,0
124,20,4,5031,1,178,0
125,20,4,5422,1,111,0
126,20,4,5062,1,177,0
127,20,4,5406,1,104,0
128,20,4,5131,1,164,0
129,20,4,5411,1,108,0
130,20,4,4466,1,355,0
131,20,4,5387,1,104,0
132,21,3,3456,0,1001,0
133,21,4,5600,1,63,0
134,21,3,3521,0,1001,0
135,21,3,3370,0,1001,0
136,21,4,5515,1,83,0
137,21,4,5131,1,155,0
138,21,4,5349,1,114,0
139,21,4,5241,1,146,0
140,21,4,5489,1,107,0
141,21,4,5098,1,191,0
142,21,4,5534,1,80,0
143,22,3,3404,0,1001,0
144,22,4,5528,1,71,0
145,22,4,5496,1,81,0
146,22,4,5494,1,88,0
147,22,4,4954,1,221,0
148,22,4,4841,1,393,0
149,22,4,5540,1,80,0
150,22,4,5518,1,87,0
151,22,4,5242,1,143,0
152,22,4,5464,1,87,0
153,22,4,5467,1,87,0
154,22,4,5488,1,86,0
155,22,4,5557,1,72,0
156,22,4,5479,1,98,0
157,22,4,5143,1,144,0
158,22,4,4914,1,214,0
159,22,4,5221,1,128,0
160,22,4,4908,1,195,0
161,23,4,4796,1,220,0
162,23,4,4165,1,469,0
163,23,4,3155,1,721,0
164,23,4,4726,1,252,0
165,23,4,5382,1,105,0
166,23,4,5049,1,166,0
167,23,4,5142,1,158,0
168,23,4,5240,1,125,0
169,23,4,5156,1,152,0
170,23,4,4895,1,225,0
171,23,4,5262,1,146,0
172,23,4,4998,1,174,0
173,23,4,5436,1,106,0
174,24,3,3390,0,1001,0
175,24,4,5134,1,154,0
176,24,4,4900,1,248,0
177,24,4,5128,1,147,0
178,24,4,5331,1,111,0
179,24,4,5159,1,166,0
180,24,4,3952,1,641,0
181,24,4,4791,1,223,0
182,24,4,4139,1,386,0
183,25,3,3395,0,1001,0
184,25,4,5372,1,116,0
185,25,4,4951,1,203,0
186,25,4,5279,1,165,0
187,25,4,5390,1,119,0
188,25,4,5121,1,152,0
189,25,4,5356,1,105,0
190,25,4,5392,1,102,0
191,25,4,4860,1,222,0
192,25,4,4800,1,252,0
193,25,4,5146,1,169,0
194,25,4,5530,1,79,0
195,25,4,5262,1,157,0
196,25,4,5515,1,74,0
197,25,4,5277,1,121,0
198,25,4,5575,1,64,0
199,25,4,5242,1,136,0
200,26,0,0,0,1001,1
201,26,4,5506,1,92,0
202,26,4,5527,1,73,0
203,26,4,5531,1,73,0
204,26,4,5296,1,109,0
205,26,4,5396,1,102,0
206,26,4,5253,1,132,0
207,26,3,3224,0,1001,0
208,26,4,5483,1,80,0
209,26,4,5475,1,98,0
210,26,4,5410,1,111,0
211,26,4,5148,1,147,0
212,26,4,5430,1,111,0
213,27,4,5169,1,176,0
214,27,4,5326,1,113,0
215,27,4,5449,1,102,0
216,27,3,3293,0,1001,0
217,27,4,5099,1,158,0
218,27,4,4895,1,229,0
219,27,3,3483,0,1001,0
220,27,4,5059,1,241,0
221,27,4,4956,1,196,0
222,28,3,3170,0,1001,0
223,28,4,5386,1,106,0
224,28,4,4856,1,235,0
225,28,4,5173,1,141,0
226,28,4,5449,1,100,0
227,28,3,3226,0,1001,0
228,28,4,5174,1,185,0
229,28,4,5244,1,179,0
230,29,4,5050,1,286,0
231,29,2,2187,0,1001,0
232,29,4,5387,1,130,0
233,29,4,5479,1,80,0
234,29,4,5502,1,103,0
235,29,3,3238,0,1001,0
236,29,4,5172,1,156,0
237,30,3,3073,0,1001,0
238,30,2,2308,0,1001,0
239,30,4,5402,1,137,0
240,30,4,5028,1,262,0
241,30,4,4881,1,256,0
242,30,4,5375,1,102,0
243,30,4,4220,1,421,0
244,30,4,4925,1,214,0
245,31,4,3875,1,755,0
246,31,4,5241,1,172,0
247,31,4,5073,1,176,0
248,31,4,5434,1,113,0
249,31,4,5382,1,125,0
250,31,4,4692,1,266,0
251,31,1,1248,0,1001,0
252,31,4,5088,1,171,0
253,31,4,5414,1,102,0
254,31,4,5167,1,160,0
255,31,4,5507,1,79,0
256,31,4,5215,1,150,0
257,31,4,5396,1,96,0
258,32,4,4471,1,311,0
259,32,4,5408,1,103,0
260,32,4,4252,1,413,0
261,32,4,5395,1,94,0
262,32,4,5358,1,100,0
263,32,4,5057,1,188,0
264,32,4,5363,1,113,0
265,32,4,4669,1,291,0
266,32,4,5349,1,120,0
267,32,4,5341,1,142,0
268,32,4,5082,1,215,0
269,32,4,5474,1,89,0
270,32,4,4097,1,434,0
271,32,4,4808,1,223,0
272,32,4,5348,1,130,0
273,32,4,4666,1,256,0
274,33,4,5279,1,132,0
275,33,4,5025,1,203,0
276,33,4,5292,1,122,0
277,33,4,5425,1,110,0
278,33,4,5183,1,151,0
279,33,4,4978,1,191,0
280,33,4,5095,1,187,0
281,33,4,4865,1,253,0
282,33,4,5128,1,155,0
283,33,4,4414,1,415,0
284,33,4,5254,1,127,0
285,33,4,5020,1,169,0
286,33,4,3305,1,657,0
287,33,4,5110,1,166,0
288,34,4,4754,1,233,0
289,34,4,5274,1,122,0
290,34,4,5148,1,172,0
291,34,4,4736,1,252,0
292,34,4,5386,1,103,0
293,34,4,4593,1,489,0
294,34,4,5165,1,149,0
295,34,4,5109,1,197,0
296,34,4,4455,1,380,0
297,34,4,4101,1,371,0
298,35,2,1822,0,1001,0
299,35,4,3561,1,546,0
300,35,0,0,0,1001,1
301,35,4,5384,1,94,0
302,35,4,3977,1,411,0
303,35,4,5483,1,85,0
304,35,4,5162,1,145,0
305,35,4,5027,1,223,0
306,35,4,5028,1,164,0
307,35,4,5520,1,80,0
308,36,4,4567,1,271,0
309,36,4,4865,1,199,0
310,36,4,4814,1,210,0
311,36,4,4979,1,174,0
312,36,4,5198,1,245,0
313,36,4,4999,1,208,0
314,36,4,4726,1,284,0
315,36,4,4953,1,190,0
316,36,4,5023,1,168,0
317,36,4,5283,1,161,0
318,36,3,3440,0,1001,0
319,37,4,4848,1,255,0
320,37,4,5506,1,75,0
321,37,4,4997,1,189,0
322,37,4,4910,1,205,0
323,37,4,5267,1,129,0
324,37,4,5467,1,83,0
325,37,4,3728,1,542,0
326,37,4,4914,1,257,0
327,37,4,4366,1,306,0
328,37,4,5125,1,172,0
329,37,4,4778,1,221,0
330,37,4,5084,1,165,0
331,37,4,5258,1,148,0
332,37,4,4625,1,279,0
333,37,4,5547,1,65,0
334,37,4,5349,1,108,0
335,37,4,5263,1,122,0
336,38,4,3829,1,537,0
337,38,4,5464,1,82,0
338,38,4,5414,1,87,0
339,38,4,5223,1,129,0
340,38,4,4254,1,332,0
341,38,4,4368,1,358,0
342,38,4,4741,1,230,0
343,38,4,5478,1,79,0
344,38,4,5567,1,61,0
345,38,4,5420,1,96,0
346,38,4,4912,1,189,0
347,38,4,5272,1,168,0
348,38,4,5078,1,183,0
349,38,4,5195,1,141,0
350,38,4,5511,1,85,0
351,38,4,5056,1,167,0
352,38,4,5393,1,95,0
353,38,4,4984,1,173,0
354,39,4,5037,1,161,0
355,39,4,5130,1,146,0
356,39,4,5181,1,143,0
357,39,4,5141,1,201,0
358,39,4,5435,1,95,0
359,39,4,5149,1,142,0
360,39,4,5427,1,94,0
361,39,4,4116,1,372,0
362,39,4,5349,1,104,0
363,39,4,4826,1,266,0
364,39,4,5082,1,168,0
365,39,4,5133,1,144,0
366,39,4,4666,1,244,0
367,39,4,4970,1,182,0
368,39,4,5030,1,184,0
369,39,4,5542,1,72,0
370,39,4,4844,1,205,0
371,39,4,5486,1,77,0
372,40,4,4938,1,201,0
373,40,4,4791,1,217,0
374,40,4,5332,1,112,0
375,40,4,5310,1,108,0
376,40,4,5166,1,139,0
377,40,4,4307,1,321,0
378,40,4,4806,1,258,0
379,40,4,5242,1,121,0
380,40,4,4958,1,225,0
381,40,4,5050,1,178,0
382,40,4,5177,1,146,0
383,40,4,5075,1,181,0
384,40,4,5380,1,158,0
385,40,4,5329,1,120,0
386,40,4,4739,1,304,0
387,40,4,5329,1,109,0
388,40,4,5470,1,91,0
389,40,4,5558,1,62,0
390,40,4,5399,1,91,0
391,40,4,5524,1,74,0
392,41,4,4803,1,208,0
393,41,4,5477,1,81,0
394,41,4,5538,1,82,0
395,41,4,5314,1,145,0
396,41,4,5542,1,71,0
397,41,4,5540,1,64,0
398,41,4,5173,1,138,0
399,41,4,5206,1,162,0
400,41,0,0,0,1001,1
401,41,3,2568,0,1001,0
402,41,4,5379,1,99,0
403,41,4,5371,1,112,0
404,42,4,4378,1,429,0
405,42,3,3507,0,1001,0
406,42,4,4992,1,247,0
407,42,4,4253,1,370,0
408,42,4,5429,1,82,0
409,42,4,5421,1,90,0
410,42,4,5506,1,70,0
411,42,4,5551,1,62,0
412,42,4,5438,1,85,0
413,42,4,4971,1,198,0
414,42,4,5505,1,71,0
415,42,4,5369,1,109,0
416,42,4,5371,1,121,0
417,42,4,5449,1,89,0
418,42,4,5459,1,83,0
419,42,4,5430,1,92,0
420,42,4,5430,1,92,0
421,43,4,5399,1,95,0
422,43,4,5317,1,128,0
423,43,4,5087,1,150,0
424,43,4,4657,1,317,0
425,43,4,5479,1,85,0
426,43,4,5390,1,108,0
427,43,4,4661,1,368,0
428,43,4,5513,1,76,0
429,43,4,5348,1,191,0
430,43,4,5386,1,100,0
431,43,4,5369,1,111,0
432,43,4,5453,1,81,0
433,43,4,5406,1,108,0
434,43,4,5269,1,125,0
435,43,4,5541,1,86,0
436,43,4,5401,1,112,0
437,43,4,5466,1,97,0
438,43,4,5461,1,100,0
439,43,4,5327,1,104,0
440,43,4,5164,1,162,0
441,43,4,5434,1,88,0
442,43,4,5364,1,126,0
443,44,3,3480,0,1001,0
444,44,4,5225,1,210,0
445,44,4,5312,1,119,0
446,44,4,5496,1,86,0
447,44,4,5417,1,104,0
448,44,3,3416,0,1001,0
449,44,4,5415,1,96,0
450,44,4,5534,1,78,0
451,44,4,5473,1,77,0
452,44,4,5309,1,143,0
453,44,4,4505,1,309,0
454,44,4,5205,1,146,0
455,45,4,4926,1,262,0
456,45,4,5373,1,108,0
457,45,4,5505,1,76,0
458,45,4,5113,1,198,0
459,45,4,5605,1,58,0
460,45,3,3393,0,1001,0
461,45,4,5538,1,70,0
462,45,4,5590,1,57,0
463,45,4,5320,1,137,0
464,45,4,5518,1,77,0
465,45,4,5427,1,88,0
466,45,4,5378,1,102,0
467,46,3,3293,0,1001,0
468,46,4,5574,1,66,0
469,46,4,5495,1,72,0
470,46,4,5463,1,81,0
471,46,4,4791,1,301,0
472,46,4,5582,1,57,0
473,46,4,5588,1,57,0
474,46,4,4992,1,185,0
475,46,4,5320,1,112,0
476,46,4,5554,1,70,0
477,46,4,5236,1,126,0
478,46,4,5515,1,73,0
479,46,4,5569,1,60,0
480,46,4,5164,1,153,0
481,46,4,4883,1,197,0
482,46,4,5361,1,130,0
483,46,4,5173,1,280,0
484,46,4,5524,1,75,0
485,46,4,5618,1,49,0
486,46,4,5522,1,75,0
487,46,4,5462,1,92,0
488,46,4,5084,1,190,0
489,47,4,3691,1,775,0
490,47,4,5483,1,82,0
491,47,4,5344,1,106,0
492,47,4,5551,1,84,0
493,47,4,5203,1,195,0
494,47,4,5548,1,66,0
495,47,4,5265,1,148,0
496,47,4,5532,1,83,0
497,47,4,5146,1,157,0
498,47,4,5338,1,149,0
499,47,4,5338,1,188,0
500,47,0,99,0,1001,1
501,47,4,5386,1,95,0
502,47,4,5566,1,61,0
503,47,4,5601,1,54,0
504,47,4,5428,1,105,0
505,47,4,5394,1,100,0
506,47,4,5333,1,115,0
507,47,4,5419,1,120,0
508,48,2,2313,0,1001,0
509,48,4,5283,1,136,0
510,48,4,5482,1,86,0
511,48,4,4722,1,256,0
512,48,4,5320,1,110,0
513,48,4,5235,1,151,0
514,48,3,3101,0,1001,0
515,48,4,4895,1,215,0
516,49,3,3400,0,1001,0
517,49,4,4947,1,195,0
518,49,3,3353,0,1001,0
519,49,3,3498,0,1001,0
520,49,4,5402,1,104,0
521,50,4,5471,1,95,0
522,50,4,5570,1,63,0
523,50,4,5465,1,87,0
524,50,4,5198,1,159,0
525,50,4,5554,1,75,0
526,50,4,5270,1,184,0
527,50,4,5496,1,92,0
528,50,4,5528,1,94,0
529,50,4,5602,1,58,0
530,50,4,5621,1,51,0
531,50,4,4208,1,472,0
532,50,4,5600,1,56,0
533,50,4,5579,1,69,0
534,50,4,5578,1,61,0
535,50,4,5620,1,51,0
536,50,4,5569,1,65,0
537,50,4,4806,1,237,0
538,50,4,5531,1,71,0
539,50,4,5598,1,60,0
540,50,4,5564,1,63,0
541,50,3,3499,0,1001,0
542,51,4,5331,1,136,0
543,51,4,5352,1,147,0
544,51,4,5382,1,132,0
545,51,4,4653,1,402,0
546,51,4,5639,1,46,0
547,51,4,5637,1,46,0
548,51,4,5437,1,112,0
549,51,4,5540,1,73,0
550,51,4,5545,1,65,0
551,51,4,5565,1,63,0
552,51,4,5591,1,70,0
553,51,4,5519,1,89,0
554,51,4,5439,1,132,0
555,51,3,3531,0,1001,0
556,51,4,5611,1,56,0
557,51,4,5540,1,71,0
558,51,4,5592,1,64,0
559,51,4,5625,1,51,0
560,51,4,5355,1,102,0
561,52,2,2193,0,1001,0
562,52,4,5601,1,58,0
563,52,4,5496,1,87,0
564,52,4,5605,1,59,0
565,52,4,5572,1,62,0
566,52,4,5591,1,62,0
567,52,4,5520,1,77,0
568,52,4,5563,1,67,0
569,52,2,2425,0,1001,0
570,52,4,5447,1,104,0
571,52,4,5419,1,118,0
572,52,4,5327,1,146,0
573,52,4,5421,1,126,0
574,52,4,5583,1,65,0
575,52,4,5276,1,165,0
576,52,4,5550,1,90,0
577,52,4,5590,1,62,0
578,53,4,5268,1,142,0
579,53,4,5623,1,52,0
580,53,4,5594,1,61,0
581,53,4,5581,1,59,0
582,53,4,5146,1,167,0
583,53,4,5555,1,67,0
584,53,4,5489,1,71,0
585,53,4,5625,1,47,0
586,53,4,5621,1,49,0
587,53,4,5575,1,64,0
588,53,4,5446,1,90,0
589,53,4,5544,1,65,0
590,53,4,5572,1,61,0
591,53,4,5629,1,49,0
592,53,4,5383,1,129,0
593,53,4,4507,1,340,0
594,53,4,5625,1,50,0
595,53,4,5612,1,55,0
596,53,4,5610,1,53,0
597,53,4,5597,1,55,0
598,53,4,5594,1,58,0
599,53,4,5507,1,87,0
600,53,4,5648,1,42,1
601,53,4,5281,1,133,0
602,53,4,5601,1,56,0
603,53,4,5141,1,147,0
604,53,4,5471,1,113,0
605,53,4,5510,1,74,0
606,54,2,2337,0,1001,0
607,54,4,4588,1,400,0
608,54,4,5631,1,46,0
609,54,4,5625,1,51,0
610,54,4,5583,1,60,0
611,54,4,5588,1,62,0
612,54,4,5591,1,62,0
613,54,4,5597,1,61,0
614,54,4,5345,1,111,0
615,54,4,5514,1,79,0
616,54,4,5642,1,44,0
617,54,3,3132,0,1001,0
618,54,4,5544,1,74,0
619,54,4,5553,1,68,0
620,54,4,5571,1,62,0
621,54,4,5577,1,66,0
622,54,4,5567,1,70,0
623,54,4,5553,1,65,0
624,54,4,5589,1,57,0
625,54,4,5540,1,74,0
626,54,4,5501,1,103,0
627,54,4,5581,1,59,0
628,54,4,5548,1,65,0
629,54,4,5366,1,119,0
630,55,4,5583,1,64,0
631,55,4,4668,1,318,0
632,55,4,5503,1,97,0
633,55,4,4855,1,362,0
634,55,4,5572,1,62,0
635,55,4,5647,1,60,0
636,55,4,5544,1,68,0
637,55,4,5489,1,88,0
638,55,4,5637,1,46,0
639,55,4,5635,1,48,0
640,55,4,5413,1,122,0
641,55,4,5494,1,85,0
642,55,4,5588,1,62,0
643,55,3,3450,0,1001,0
644,56,2,2163,0,1001,0
645,56,4,5225,1,153,0
646,56,4,5444,1,91,0
647,56,4,5473,1,90,0
648,56,4,5203,1,164,0
649,56,4,5446,1,121,0
650,56,4,5067,1,273,0
651,56,4,5436,1,112,0
652,56,4,4900,1,253,0
653,56,4,5225,1,181,0
654,56,4,5181,1,151,0
655,56,4,5201,1,175,0
656,56,4,5340,1,117,0
657,57,3,3084,0,1001,0
658,57,4,5194,1,182,0
659,57,4,5402,1,118,0
660,57,3,3441,0,1001,0
661,57,4,4702,1,300,0
662,57,4,4055,1,474,0
663,57,4,5431,1,99,0
664,57,4,5557,1,72,0
665,57,4,4789,1,266,0
666,57,4,5266,1,159,0
667,57,4,5562,1,68,0
668,57,4,5554,1,66,0
669,57,4,5502,1,88,0
670,57,4,5392,1,112,0
671,58,4,5209,1,153,0
672,58,4,5404,1,103,0
673,58,1,1270,0,1001,0
674,58,4,5337,1,166,0
675,58,4,5473,1,91,0
676,58,4,4833,1,306,0
677,58,4,5507,1,70,0
678,58,4,5330,1,144,0
679,58,4,5212,1,175,0
680,58,4,5501,1,81,0
681,58,4,5428,1,100,0
682,59,2,2265,0,1001,0
683,59,4,5629,1,50,0
684,59,4,5571,1,62,0
685,59,3,3420,0,1001,0
686,59,4,5263,1,126,0
687,59,4,5406,1,102,0
688,59,4,5334,1,114,0
689,59,4,5580,1,60,0
690,59,4,5043,1,192,0
691,59,4,5026,1,203,0
692,59,4,5451,1,87,0
693,59,4,5325,1,121,0
694,59,4,5473,1,90,0
695,59,4,5524,1,72,0
696,59,4,5568,1,64,0
697,59,4,5380,1,104,0
698,59,4,5290,1,142,0
699,60,4,4521,1,404,0
700,60,1,1287,0,1001,1
701,60,4,5280,1,168,0
702,60,4,5575,1,65,0
703,60,4,5504,1,83,0
704,60,4,5579,1,60,0
705,60,4,5039,1,214,0
706,60,4,5486,1,88,0
707,60,4,5190,1,154,0
708,60,4,5534,1,72,0
709,60,4,5482,1,83,0
710,60,4,5627,1,48,0
711,60,4,5511,1,84,0
712,60,4,5400,1,118,0
713,60,4,5576,1,73,0
714,60,4,5552,1,70,0
715,60,4,5409,1,103,0
716,60,4,5409,1,120,0
717,60,4,5350,1,153,0
718,60,4,5472,1,103,0
719,60,4,4691,1,295,0
720,61,4,5324,1,142,0
721,61,4,5418,1,95,0
722,61,4,5496,1,88,0
723,61,4,5188,1,169,0
724,61,4,5239,1,151,0
725,61,4,5353,1,135,0
726,61,4,5394,1,105,0
727,61,4,5520,1,77,0
728,61,4,5395,1,106,0
729,61,4,5490,1,88,0
730,61,4,5243,1,147,0
731,61,4,5130,1,196,0
732,61,4,5410,1,100,0
733,61,4,5586,1,61,0
734,61,4,5283,1,137,0
735,61,4,5221,1,164,0
736,61,4,5439,1,99,0
737,61,4,5485,1,105,0
738,61,4,5491,1,85,0
739,61,4,4920,1,245,0
740,61,4,5071,1,196,0
741,62,3,3273,0,1001,0
742,62,4,5645,1,43,0
743,62,4,4530,1,339,0
744,62,4,5433,1,96,0
745,62,4,5173,1,177,0
746,62,4,5618,1,52,0
747,62,4,5370,1,113,0
748,62,4,5550,1,75,0
749,62,4,5595,1,57,0
750,62,4,5580,1,59,0
751,62,4,5220,1,236,0
752,62,4,5456,1,99,0
753,62,4,5082,1,242,0
754,62,4,5237,1,156,0
755,62,4,4485,1,385,0
756,62,4,5495,1,86,0
757,62,4,5379,1,108,0
758,62,4,5598,1,54,0
759,62,4,5575,1,67,0
760,62,4,5560,1,65,0
761,62,4,5485,1,111,0
762,63,4,5427,1,119,0
763,63,4,4520,1,297,0
764,63,4,5495,1,87,0
765,63,4,5276,1,145,0
766,63,4,5362,1,135,0
767,63,2,2174,0,1001,0
768,63,4,5003,1,198,0
769,63,4,5327,1,173,0
770,64,3,3397,0,1001,0
771,64,4,5442,1,108,0
772,64,4,5385,1,138,0
773,64,4,5358,1,154,0
774,64,4,5243,1,142,0
775,64,4,5412,1,108,0
776,64,4,5547,1,77,0
777,64,4,5290,1,137,0
778,64,4,5643,1,44,0
779,64,4,5413,1,107,0
780,64,4,5481,1,83,0
781,64,4,5351,1,118,0
782,64,4,5528,1,97,0
783,64,4,5527,1,79,0
784,64,4,5398,1,102,0
785,64,4,5425,1,90,0
786,64,4,5583,1,72,0
787,64,4,5452,1,97,0
788,64,4,5598,1,55,0
789,64,4,5263,1,137,0
790,64,4,5535,1,69,0
791,64,4,5135,1,199,0
792,64,4,5491,1,89,0
793,64,4,5609,1,51,0
794,64,4,5439,1,113,0
795,64,4,5425,1,130,0
796,64,4,5206,1,139,0
797,64,4,5398,1,139,0
798,64,4,5186,1,220,0
799,64,4,5613,1,51,0
800,65,2,2467,0,1001,1
801,65,4,5216,1,209,0
802,65,4,5577,1,65,0
803,65,4,5569,1,70,0
804,65,4,5577,1,64,0
805,65,3,3395,0,1001,0
806,65,4,5326,1,189,0
807,65,4,5573,1,66,0
808,65,4,5193,1,164,0
809,65,4,5540,1,83,0
810,65,4,5488,1,79,0
811,66,4,4968,1,201,0
812,66,4,5499,1,86,0
813,66,4,4890,1,252,0
814,66,4,5256,1,154,0
815,66,4,5511,1,88,0
816,66,4,5538,1,84,0
817,66,4,5425,1,103,0
818,66,4,5557,1,72,0
819,66,4,5581,1,72,0
820,66,4,5535,1,84,0
821,66,4,5488,1,107,0
822,66,4,5365,1,146,0
823,66,4,5442,1,104,0
824,66,4,5394,1,116,0
825,66,4,5358,1,112,0
826,66,4,5463,1,84,0
827,66,4,5579,1,60,0
828,66,4,5557,1,71,0
829,66,4,5400,1,115,0
830,66,4,5540,1,76,0
831,66,4,5390,1,121,0
832,66,4,5520,1,80,0
833,66,4,5526,1,76,0
834,66,4,5563,1,66,0
835,66,4,5447,1,96,0
836,66,4,5207,1,181,0
837,66,4,5509,1,81,0
838,66,4,5478,1,84,0
839,66,4,5583,1,58,0
840,66,4,5597,1,55,0
841,66,4,5559,1,80,0
842,66,4,5269,1,150,0
843,67,4,5473,1,103,0
844,67,4,5390,1,137,0
845,67,4,5555,1,67,0
846,67,4,5633,1,47,0
847,67,4,5629,1,48,0
848,67,4,5581,1,61,0
849,67,4,5536,1,81,0
850,67,4,5428,1,133,0
851,67,4,5507,1,100,0
852,67,4,5259,1,171,0
853,67,4,5173,1,239,0
854,67,4,5621,1,49,0
855,67,4,5463,1,90,0
856,67,4,5405,1,125,0
857,67,4,5364,1,145,0
858,67,4,5574,1,63,0
859,67,4,5579,1,60,0
860,67,4,5527,1,84,0
861,67,4,5552,1,78,0
862,67,4,5546,1,75,0
863,67,4,5133,1,174,0
864,67,4,5601,1,56,0
865,67,4,5428,1,84,0
866,67,4,5569,1,63,0
867,67,4,4616,1,314,0
868,67,4,5517,1,76,0
869,68,2,2353,0,1001,0
870,68,4,5586,1,59,0
871,68,4,5529,1,77,0
872,68,4,5530,1,75,0
873,68,4,5486,1,91,0
874,68,4,5453,1,99,0
875,68,3,3063,0,1001,0
876,68,4,5502,1,88,0
877,68,4,5568,1,65,0
878,68,4,3984,1,474,0
879,68,4,5469,1,107,0
880,68,4,5394,1,117,0
881,68,4,5278,1,154,0
882,68,4,5529,1,92,0
883,69,4,5458,1,108,0
884,69,4,5395,1,133,0
885,69,4,5404,1,127,0
886,69,4,5384,1,144,0
887,69,4,5367,1,133,0
888,69,4,5581,1,61,0
889,69,4,5586,1,65,0
890,69,4,5430,1,102,0
891,69,4,5573,1,65,0
892,69,4,5262,1,142,0
893,69,4,5439,1,101,0
894,69,4,5508,1,78,0
895,69,4,5531,1,98,0
896,69,2,2367,0,1001,0
897,69,4,5618,1,53,0
898,69,4,5478,1,109,0
899,69,4,5566,1,79,0
900,70,3,3540,0,1001,1
901,70,4,3395,1,848,0
902,70,4,5185,1,201,0
903,70,4,5537,1,66,0
904,70,4,5397,1,159,0
905,70,4,5456,1,108,0
906,70,4,5477,1,92,0
907,70,4,5565,1,80,0
908,70,4,5583,1,65,0
909,70,4,5421,1,124,0
910,70,4,5437,1,140,0
911,70,4,5553,1,79,0
912,70,4,5404,1,128,0
913,70,4,5609,1,54,0
914,70,4,5516,1,85,0
915,70,4,5567,1,69,0
916,70,4,5339,1,139,0
917,70,4,5551,1,79,0
918,70,4,5447,1,124,0
919,71,4,5110,1,259,0
920,71,4,5245,1,163,0
921,71,4,5380,1,151,0
922,71,4,5341,1,136,0
923,71,4,5425,1,135,0
924,71,4,5513,1,97,0
925,71,4,5561,1,82,0
926,71,4,5479,1,114,0
927,71,4,5562,1,76,0
928,71,3,3148,0,1001,0
929,71,4,5571,1,75,0
930,71,4,5532,1,78,0
931,71,4,5492,1,80,0
932,71,4,5558,1,80,0
933,71,4,5401,1,101,0
934,72,3,3454,0,1001,0
935,72,4,5591,1,64,0
936,72,4,5491,1,89,0
937,72,4,5465,1,83,0
938,72,4,5307,1,144,0
939,72,4,5497,1,82,0
940,72,4,5408,1,164,0
941,72,4,5292,1,135,0
942,72,4,5547,1,82,0
943,72,4,5207,1,160,0
944,72,4,5391,1,104,0
945,72,4,5588,1,69,0
946,72,3,3521,0,1001,0
947,72,4,5086,1,154,0
948,72,4,5583,1,61,0
949,72,4,5472,1,120,0
950,72,4,5639,1,44,0
951,72,4,5564,1,77,0
952,73,4,5132,1,315,0
953,73,3,3518,0,1001,0
954,73,4,5530,1,97,0
955,73,4,5414,1,157,0
956,73,4,5551,1,83,0
957,73,4,5616,1,46,0
958,73,3,3521,0,1001,0
959,73,4,5329,1,178,0
960,73,4,5643,1,45,0
961,73,4,5587,1,58,0
962,73,4,5577,1,63,0
963,73,4,5210,1,153,0
964,73,4,5619,1,52,0
965,73,4,5609,1,52,0
966,74,4,5628,1,52,0
967,74,4,5617,1,47,0
968,74,4,5587,1,58,0
969,74,4,5293,1,115,0
970,74,4,5654,1,40,0
971,74,4,5666,1,56,0
972,74,4,5583,1,54,0
973,74,4,5472,1,89,0
974,74,4,5272,1,136,0
975,74,4,5505,1,91,0
976,74,4,5635,1,46,0
977,74,4,5527,1,68,0
978,74,4,5595,1,53,0
979,74,4,5207,1,146,0
980,74,4,5511,1,72,0
981,74,4,5182,1,157,0
982,74,4,4825,1,302,0
983,74,4,5593,1,55,0
984,74,4,5628,1,46,0
985,74,3,2763,0,1001,0
986,74,4,4857,1,229,0
987,74,4,5574,1,60,0
988,74,4,5440,1,84,0
989,74,4,5607,1,56,0
990,75,4,5574,1,65,0
991,75,4,5472,1,74,0
992,75,4,5568,1,60,0
993,75,4,5583,1,62,0
994,75,4,5537,1,77,0
995,75,4,5590,1,61,0
996,75,4,4689,1,315,0
997,75,4,5623,1,47,0
998,75,4,5109,1,174,0
999,75,4,5648,1,44,0
1000,75,4,5661,1,38,1
1001,75,4,4942,1,204,0
1002,75,4,5541,1,69,0
1003,75,4,5559,1,74,0
1004,75,4,5131,1,204,0
1005,75,4,5621,1,49,0
1006,75,4,5553,1,66,0
1007,75,4,5054,1,195,0
1008,75,4,5552,1,90,0
1009,75,4,5609,1,54,0
1010,75,4,5440,1,98,0
1011,75,4,5537,1,72,0
1012,75,4,5617,1,55,0
1013,75,4,5300,1,119,0
1014,75,4,5099,1,174,0
1015,76,2,2364,0,1001,0
1016,76,4,5563,1,65,0
1017,76,4,5163,1,160,0
1018,76,4,5626,1,48,0
1019,76,4,5621,1,47,0
1020,76,4,5642,1,47,0
1021,76,4,5607,1,55,0
1022,76,4,5637,1,47,0
1023,76,4,5537,1,71,0
1024,76,4,5500,1,69,0
1025,76,4,5340,1,108,0
1026,76,4,5607,1,54,0
1027,76,4,5576,1,65,0
1028,76,4,5525,1,83,0
1029,76,4,4804,1,261,0
1030,76,4,5363,1,122,0
1031,76,4,5405,1,115,0
1032,76,4,5601,1,58,0
1033,76,4,4856,1,260,0
1034,76,4,5364,1,170,0
1035,76,4,5585,1,66,0
1036,76,4,5553,1,89,0
1037,76,4,5557,1,68,0
1038,76,4,5461,1,112,0
1039,76,4,5551,1,82,0
1040,76,4,5413,1,149,0
1041,76,4,5539,1,85,0
1042,76,4,5578,1,67,0
1043,77,4,5095,1,189,0
1044,77,4,5475,1,86,0
1045,77,4,5331,1,140,0
1046,77,4,5504,1,77,0
1047,77,4,5193,1,264,0
1048,77,4,5582,1,73,0
1049,77,4,5608,1,59,0
1050,77,4,5599,1,56,0
1051,77,4,5477,1,81,0
1052,77,4,5607,1,54,0
1053,77,4,5399,1,142,0
1054,77,4,5306,1,211,0
1055,77,4,5430,1,153,0
1056,77,4,5349,1,195,0
1057,77,4,5254,1,246,0
1058,77,4,5176,1,182,0
1059,77,4,5426,1,134,0
1060,77,4,5312,1,206,0
1061,77,4,5589,1,79,0
1062,77,4,5451,1,107,0
1063,77,4,5604,1,54,0
1064,77,4,5061,1,185,0
1065,77,4,5625,1,48,0
1066,77,4,5378,1,120,0
1067,77,4,5352,1,122,0
1068,78,4,5264,1,135,0
1069,78,4,5593,1,55,0
1070,78,4,5612,1,51,0
1071,78,3,3510,0,1001,0
1072,78,4,5573,1,55,0
1073,78,4,5638,1,45,0
1074,78,4,5557,1,68,0
1075,78,4,5417,1,98,0
1076,78,4,5624,1,53,0
1077,78,4,5547,1,73,0
1078,78,4,5488,1,75,0
1079,78,4,5636,1,50,0
1080,78,4,4989,1,202,0
1081,78,4,5000,1,178,0
1082,78,4,5586,1,55,0
1083,78,4,5275,1,131,0
1084,78,4,5624,1,50,0
1085,78,4,5245,1,182,0
1086,78,4,5639,1,44,0
1087,78,4,5594,1,58,0
1088,78,4,5601,1,56,0
1089,78,4,5579,1,59,0
1090,78,4,5626,1,49,0
1091,78,4,5435,1,97,0
1092,78,4,5400,1,107,0
1093,78,4,5579,1,63,0
1094,78,4,5463,1,78,0
1095,79,4,5572,1,63,0
1096,79,4,5640,1,46,0
1097,79,4,5590,1,59,0
1098,79,4,5574,1,65,0
1099,79,4,5352,1,122,0
1100,79,4,5657,1,40,1
1101,79,4,5624,1,48,0
1102,79,4,5523,1,75,0
1103,79,4,5605,1,57,0
1104,79,4,5580,1,58,0
1105,79,4,5541,1,69,0
1106,79,4,5352,1,125,0
1107,79,4,5593,1,61,0
1108,79,4,5450,1,94,0
1109,79,4,5605,1,53,0
1110,79,4,5602,1,65,0
1111,79,4,5541,1,76,0
1112,79,4,5520,1,75,0
1113,79,4,5592,1,58,0
1114,79,4,5639,1,45,0
1115,79,4,5601,1,53,0
1116,79,3,3497,0,1001,0
1117,79,4,5612,1,54,0
1118,79,4,5623,1,49,0
1119,79,4,5631,1,49,0
1120,79,4,5639,1,46,0
1121,79,4,5579,1,67,0
1122,79,4,5581,1,63,0
1123,79,4,5613,1,53,0
1124,79,4,4679,1,288,0
1125,80,3,3519,0,1001,0
1126,80,4,5532,1,81,0
1127,80,4,5235,1,150,0
1128,80,4,5299,1,152,0
1129,80,4,5620,1,52,0
1130,80,4,5385,1,103,0
1131,80,4,5390,1,102,0
1132,80,4,5519,1,78,0
1133,80,4,5614,1,49,0
1134,80,4,5619,1,51,0
1135,80,4,5441,1,101,0
1136,80,4,5634,1,46,0
1137,80,4,5631,1,48,0
1138,80,4,5382,1,97,0
1139,80,4,5492,1,92,0
1140,80,4,5652,1,42,0
1141,80,4,5592,1,61,0
1142,80,4,5558,1,73,0
1143,80,4,5457,1,89,0
1144,80,4,5618,1,51,0
1145,80,4,5535,1,71,0
1146,80,4,5568,1,63,0
1147,80,4,5559,1,73,0
1148,80,4,5571,1,58,0
1149,80,4,5627,1,50,0
1150,80,4,5228,1,129,0
1151,80,4,5595,1,63,0
1152,80,4,5547,1,75,0
1153,80,4,5563,1,63,0
1154,81,3,3525,0,1001,0
1155,81,4,5603,1,54,0
1156,81,4,5570,1,58,0
1157,81,4,5483,1,93,0
1158,81,4,5596,1,59,0
1159,81,4,5602,1,59,0
1160,81,4,5548,1,69,0
1161,81,4,5471,1,102,0
1162,81,4,5334,1,132,0
1163,81,4,5426,1,107,0
1164,81,3,3480,0,1001,0
1165,81,4,5242,1,164,0
1166,81,4,5603,1,54,0
1167,81,4,5609,1,55,0
1168,81,4,5601,1,53,0
1169,81,4,5449,1,103,0
1170,82,3,3495,0,1001,0
1171,82,4,4902,1,226,0
1172,82,4,4801,1,219,0
1173,82,4,4769,1,238,0
1174,82,4,4853,1,344,0
1175,82,4,5169,1,183,0
1176,82,4,5560,1,64,0
1177,82,4,5643,1,44,0
1178,82,4,5615,1,53,0
1179,82,4,5378,1,107,0
1180,82,4,5427,1,96,0
1181,82,4,5563,1,59,0
1182,82,4,5495,1,95,0
1183,82,4,5611,1,50,0
1184,82,4,5493,1,72,0
1185,82,4,5626,1,48,0
1186,82,4,5446,1,101,0
1187,82,4,5613,1,55,0
1188,82,4,5529,1,64,0
1189,82,4,5575,1,59,0
1190,82,4,5598,1,56,0
1191,83,4,5575,1,65,0
1192,83,4,5637,1,47,0
1193,83,4,5602,1,55,0
1194,83,4,5096,1,285,0
1195,83,4,5589,1,59,0
1196,83,4,5609,1,49,0
1197,83,4,5535,1,82,0
1198,83,4,5628,1,48,0
1199,83,4,5598,1,54,0
1200,83,2,2369,0,1001,1
1201,83,4,5050,1,227,0
1202,83,4,5393,1,145,0
1203,83,2,2265,0,1001,0
1204,84,4,5301,1,145,0
1205,84,4,5589,1,58,0
1206,84,4,5252,1,146,0
1207,84,4,5337,1,124,0
1208,84,4,5105,1,222,0
1209,84,4,4608,1,332,0
1210,84,4,5637,1,50,0
1211,84,4,5628,1,46,0
1212,84,4,5476,1,100,0
1213,84,4,5583,1,60,0
1214,84,4,5337,1,100,0
1215,84,4,5171,1,154,0
1216,84,4,5602,1,54,0
1217,84,4,5612,1,53,0
1218,84,4,5438,1,94,0
1219,84,4,5492,1,78,0
1220,84,4,5574,1,59,0
1221,84,4,5550,1,67,0
1222,84,4,5569,1,61,0
1223,84,4,5615,1,52,0
1224,84,4,5503,1,89,0
1225,84,4,5601,1,55,0
1226,84,4,5385,1,109,0
1227,85,2,2329,0,1001,0
1228,85,4,5617,1,58,0
1229,85,4,5524,1,72,0
1230,85,4,5591,1,59,0
1231,85,4,5648,1,43,0
1232,85,4,5564,1,74,0
1233,85,4,5625,1,52,0
1234,85,4,5515,1,77,0
1235,85,4,5494,1,81,0
1236,85,4,5604,1,60,0
1237,85,4,5595,1,62,0
1238,85,4,5587,1,57,0
1239,85,4,5599,1,54,0
1240,85,4,5176,1,168,0
1241,85,4,5547,1,72,0
1242,85,4,5559,1,61,0
1243,85,4,5555,1,66,0
1244,85,4,5437,1,108,0
1245,85,4,5341,1,138,0
1246,85,4,5106,1,230,0
1247,85,4,5291,1,126,0
1248,85,4,5334,1,116,0
1249,85,4,5623,1,48,0
1250,85,4,5466,1,87,0
1251,85,4,5595,1,59,0
1252,85,4,5503,1,76,0
1253,85,4,5574,1,61,0
1254,85,4,5640,1,48,0
1255,85,4,5576,1,65,0
1256,85,4,5614,1,52,0
1257,85,4,5588,1,60,0
1258,85,4,5470,1,77,0
1259,85,4,5561,1,70,0
1260,85,4,5344,1,102,0
1261,85,4,5585,1,58,0
1262,85,4,5523,1,75,0
1263,85,4,5403,1,102,0
1264,85,4,5617,1,51,0
1265,86,4,4758,1,292,0
1266,86,4,5307,1,123,0
1267,86,4,5616,1,52,0
1268,86,4,5631,1,50,0
1269,86,4,5247,1,130,0
1270,86,4,5630,1,46,0
1271,86,4,5538,1,85,0
1272,86,4,5618,1,49,0
1273,86,4,5554,1,70,0
1274,86,4,5615,1,54,0
1275,86,4,5600,1,54,0
1276,86,4,5615,1,49,0
1277,86,4,5616,1,51,0
1278,86,4,5589,1,68,0
1279,86,4,5609,1,51,0
1280,86,4,5560,1,66,0
1281,86,4,5598,1,57,0
1282,86,4,5550,1,72,0
1283,86,4,5094,1,285,0
1284,86,4,5411,1,103,0
1285,86,4,5587,1,58,0
1286,86,4,5602,1,56,0
1287,86,4,5191,1,151,0
1288,86,3,3499,0,1001,0
1289,87,4,4720,1,226,0
1290,87,4,5469,1,85,0
1291,87,4,5596,1,58,0
1292,87,4,5166,1,147,0
1293,87,4,5547,1,74,0
1294,87,4,5364,1,99,0
1295,87,4,5120,1,156,0
1296,87,4,4419,1,302,0
1297,87,4,5622,1,50,0
1298,87,4,5617,1,53,0
1299,87,4,5615,1,50,0
1300,87,4,5646,1,42,1
1301,87,4,5619,1,48,0
1302,87,4,5510,1,76,0
1303,87,4,5511,1,74,0
1304,87,4,5572,1,70,0
1305,87,4,5282,1,121,0
1306,87,4,5597,1,55,0
1307,87,4,5242,1,120,0
1308,87,4,5317,1,103,0
1309,87,4,4744,1,244,0
1310,87,4,4420,1,315,0
1311,87,4,5308,1,125,0
1312,87,4,5566,1,62,0
1313,87,4,5626,1,47,0
1314,87,4,5540,1,67,0
1315,87,4,5578,1,60,0
1316,87,4,5587,1,61,0
1317,87,4,5604,1,51,0
1318,87,4,5591,1,58,0
1319,87,4,5512,1,73,0
1320,87,4,5505,1,78,0
1321,88,4,5526,1,69,0
1322,88,4,5603,1,52,0
1323,88,4,5163,1,194,0
1324,88,4,5579,1,62,0
1325,88,4,5620,1,50,0
1326,88,4,5572,1,60,0
1327,88,4,5215,1,131,0
1328,88,4,5568,1,75,0
1329,88,4,5685,1,54,0
1330,88,4,4954,1,182,0
1331,88,4,5563,1,65,0
1332,88,4,5567,1,60,0
1333,88,4,5294,1,128,0
1334,88,4,5641,1,43,0
1335,88,4,5143,1,152,0
1336,88,4,4981,1,184,0
1337,88,4,5539,1,66,0
1338,88,4,4849,1,197,0
1339,88,4,4173,1,615,0
1340,88,4,5622,1,47,0
1341,88,4,5587,1,56,0
1342,88,4,5482,1,87,0
1343,88,4,5586,1,57,0
1344,88,4,5592,1,55,0
1345,88,4,5556,1,66,0
1346,88,4,5591,1,56,0
1347,88,4,5611,1,54,0
1348,88,4,5557,1,68,0
1349,88,4,5574,1,57,0
1350,88,4,5211,1,148,0
1351,89,4,5606,1,52,0
1352,89,4,5586,1,60,0
1353,89,4,5357,1,119,0
1354,89,4,5575,1,57,0
1355,89,4,5531,1,67,0
1356,89,4,5374,1,107,0
1357,89,4,5542,1,62,0
1358,89,4,5607,1,61,0
1359,89,4,5535,1,74,0
1360,89,4,5628,1,46,0
1361,89,4,5436,1,84,0
1362,89,4,5543,1,64,0
1363,89,4,5594,1,60,0
1364,89,4,5616,1,51,0
1365,89,4,5421,1,91,0
1366,89,4,4999,1,170,0
1367,89,4,4844,1,206,0
1368,89,4,5604,1,57,0
1369,89,4,5542,1,65,0
1370,89,4,5581,1,60,0
1371,89,4,5434,1,83,0
1372,89,4,5596,1,55,0
1373,89,4,5456,1,89,0
1374,89,4,4902,1,199,0
1375,89,4,5585,1,66,0
1376,89,4,5619,1,54,0
1377,89,4,5556,1,77,0
1378,89,4,5560,1,68,0
1379,89,4,5352,1,110,0
1380,89,4,5488,1,98,0
1381,89,4,5598,1,57,0
1382,89,4,5555,1,63,0
1383,89,4,5556,1,65,0
1384,89,4,5390,1,144,0
1385,89,4,5645,1,42,0
1386,89,4,5324,1,119,0
1387,89,4,5339,1,103,0
1388,89,4,5600,1,55,0
1389,90,4,5613,1,52,0
1390,90,4,5643,1,44,0
1391,90,4,5442,1,93,0
1392,90,4,5629,1,50,0
1393,90,4,5605,1,55,0
1394,90,4,5574,1,66,0
1395,90,4,5657,1,40,0
1396,90,4,5421,1,97,0
1397,90,4,5594,1,62,0
1398,90,4,5598,1,55,0
1399,90,4,5591,1,58,0
1400,90,4,5657,1,40,1
1401,90,4,5475,1,94,0
1402,90,4,5631,1,50,0
1403,90,4,5571,1,64,0
1404,90,4,5608,1,54,0
1405,90,4,5608,1,55,0
1406,90,4,5543,1,63,0
1407,90,4,5386,1,109,0
1408,90,4,5258,1,141,0
1409,90,4,5310,1,148,0
1410,90,4,5616,1,49,0
1411,90,4,5557,1,67,0
1412,90,4,5233,1,123,0
1413,90,4,5633,1,48,0
1414,90,4,5206,1,169,0
1415,90,4,5203,1,136,0
1416,90,4,5528,1,76,0
1417,90,4,5625,1,52,0
1418,90,4,5226,1,143,0
1419,90,4,5632,1,46,0
1420,90,4,5521,1,66,0
1421,90,4,5542,1,79,0
1422,90,4,5573,1,75,0
1423,90,4,5618,1,54,0
1424,90,4,5568,1,59,0
1425,90,4,5586,1,69,0
1426,90,4,5642,1,43,0
1427,90,4,5608,1,60,0
1428,90,4,5311,1,209,0
1429,90,4,5661,1,61,0
1430,91,4,4961,1,208,0
1431,91,4,5635,1,46,0
1432,91,4,5558,1,62,0
1433,91,4,5489,1,87,0
1434,91,4,5601,1,59,0
1435,91,4,5621,1,49,0
1436,91,4,5568,1,74,0
1437,91,4,5638,1,46,0
1438,91,4,5602,1,53,0
1439,91,4,5524,1,73,0
1440,91,4,5388,1,110,0
1441,91,4,5412,1,119,0
1442,91,4,5603,1,53,0
1443,91,4,5495,1,76,0
1444,91,2,2355,0,1001,0
1445,91,2,2361,0,1001,0
1446,92,4,5595,1,55,0
1447,92,4,5605,1,54,0
1448,92,4,5604,1,56,0
1449,92,4,5639,1,46,0
1450,92,4,5602,1,56,0
1451,92,4,5508,1,77,0
1452,92,4,5546,1,64,0
1453,92,4,5622,1,51,0
1454,92,4,5567,1,59,0
1455,92,4,5578,1,83,0
1456,92,4,5627,1,52,0
1457,92,4,5657,1,40,0
1458,92,4,5593,1,64,0
1459,92,4,5547,1,86,0
1460,92,4,5632,1,46,0
1461,92,4,5608,1,55,0
1462,92,4,5646,1,42,0
1463,92,4,5568,1,83,0
1464,92,4,5507,1,86,0
1465,92,4,4678,1,397,0
1466,92,4,5566,1,68,0
1467,92,4,5620,1,50,0
1468,92,4,5629,1,45,0
1469,92,4,5579,1,62,0
1470,92,4,5347,1,144,0
1471,92,4,5584,1,77,0
1472,92,4,5381,1,109,0
1473,92,4,5584,1,65,0
1474,92,4,5486,1,95,0
1475,92,4,5609,1,52,0
1476,92,4,5591,1,64,0
1477,92,4,5462,1,105,0
1478,92,4,5576,1,58,0
1479,92,4,5528,1,66,0
1480,92,4,5586,1,62,0
1481,92,4,5445,1,83,0
1482,92,4,5609,1,56,0
1483,92,4,5517,1,82,0
1484,92,4,5592,1,62,0
1485,92,4,5643,1,44,0
1486,92,4,5595,1,59,0
1487,92,4,5590,1,65,0
1488,93,4,5481,1,111,0
1489,93,4,5509,1,84,0
1490,93,4,5576,1,71,0
1491,93,4,5404,1,132,0
1492,93,4,5506,1,99,0
1493,93,4,5463,1,129,0
1494,93,4,5523,1,103,0
1495,93,4,5623,1,47,0
1496,93,4,5651,1,68,0
1497,93,4,5025,1,250,0
1498,93,4,5426,1,111,0
1499,93,4,5581,1,71,0
1500,93,3,3540,0,1001,1
1501,94,3,3486,0,1001,0
1502,94,4,5358,1,185,0
1503,94,4,5491,1,110,0
1504,94,4,5597,1,62,0
1505,94,4,5501,1,106,0
1506,94,4,4845,1,327,0
1507,94,4,5620,1,53,0
1508,94,4,5315,1,113,0
1509,94,4,5555,1,60,0
1510,94,4,5523,1,95,0
1511,94,4,5648,1,73,0
1512,94,4,5590,1,63,0
1513,94,4,5538,1,80,0
1514,94,4,5417,1,112,0
1515,94,4,5628,1,47,0
1516,94,4,5463,1,133,0
1517,94,4,5166,1,208,0
1518,94,4,5347,1,157,0
1519,94,4,5542,1,85,0
1520,94,4,5502,1,72,0
1521,94,4,5550,1,77,0
1522,94,4,5566,1,89,0
1523,94,4,5609,1,54,0
1524,94,4,5577,1,64,0
1525,94,4,5632,1,52,0
1526,94,4,5309,1,137,0
1527,94,4,5379,1,149,0
1528,94,4,5604,1,58,0
1529,94,4,5606,1,52,0
1530,94,4,5606,1,55,0
1531,94,4,5588,1,58,0
1532,95,3,3426,0,1001,0
1533,95,4,5635,1,48,0
1534,95,4,5610,1,53,0
1535,95,4,5460,1,117,0
1536,95,4,5495,1,73,0
1537,95,4,5613,1,56,0
1538,95,4,5580,1,68,0
1539,95,4,5633,1,47,0
1540,95,4,5477,1,83,0
1541,95,4,5539,1,89,0
1542,95,4,5419,1,123,0
1543,95,4,5473,1,98,0
1544,95,3,3459,0,1001,0
1545,95,4,5550,1,75,0
1546,95,4,5461,1,121,0
1547,95,4,5657,1,61,0
1548,95,4,5527,1,92,0
1549,96,4,5554,1,67,0
1550,96,4,5570,1,75,0
1551,96,4,5597,1,64,0
1552,96,4,5176,1,212,0
1553,96,4,5629,1,51,0
1554,96,4,5370,1,179,0
1555,96,4,5587,1,68,0
1556,96,4,5466,1,119,0
1557,96,4,5130,1,198,0
1558,96,4,5597,1,65,0
1559,96,4,5518,1,100,0
1560,96,4,5602,1,64,0
1561,96,4,5403,1,115,0
1562,96,4,5546,1,85,0
1563,96,4,5056,1,238,0
1564,96,4,5340,1,139,0
1565,96,4,5509,1,88,0
1566,96,4,5568,1,76,0
1567,96,4,5629,1,50,0
1568,96,4,5445,1,135,0
1569,96,4,5537,1,82,0
1570,96,4,5597,1,65,0
1571,96,4,5570,1,74,0
1572,96,4,5580,1,60,0
1573,96,4,5609,1,54,0
1574,96,4,5546,1,90,0
1575,96,4,5513,1,97,0
1576,96,4,5630,1,52,0
1577,96,4,5633,1,49,0
1578,96,4,5501,1,97,0
1579,96,4,5446,1,124,0
1580,96,4,5621,1,57,0
1581,96,4,5550,1,77,0
1582,97,4,5510,1,97,0
1583,97,4,5472,1,109,0
1584,97,4,5546,1,85,0
1585,97,4,5480,1,120,0
1586,97,4,5619,1,52,0
1587,97,3,3538,0,1001,0
1588,97,4,5547,1,68,0
1589,97,4,5436,1,131,0
1590,97,4,5577,1,70,0
1591,97,4,5366,1,162,0
1592,97,4,5535,1,75,0
1593,97,4,5558,1,63,0
1594,97,4,5143,1,260,0
1595,97,4,5465,1,131,0
1596,97,4,5446,1,115,0
1597,98,2,2198,0,1001,0
1598,98,4,5469,1,107,0
1599,98,4,5318,1,162,0
1600,98,2,2369,0,1001,1
1601,98,3,3469,0,1001,0
1602,98,4,5425,1,108,0
1603,98,4,5335,1,149,0
1604,98,4,5402,1,122,0
1605,99,2,2433,0,1001,0
1606,99,4,5235,1,146,0
1607,99,4,5060,1,317,0
1608,99,4,5579,1,73,0
1609,99,4,5498,1,95,0
1610,99,4,5318,1,210,0
1611,99,4,5489,1,112,0
1612,99,4,5608,1,55,0
1613,99,4,5520,1,97,0
1614,99,4,5636,1,48,0
1615,99,4,5353,1,129,0
1616,99,4,5542,1,77,0
1617,99,4,5382,1,139,0
1618,99,4,5583,1,75,0
1619,99,4,5645,1,43,0
1620,99,4,5534,1,86,0
1621,99,4,5585,1,60,0
1622,99,4,5229,1,176,0
1623,99,4,5466,1,112,0
1624,99,4,5448,1,114,0
1625,99,4,5620,1,49,0
1626,99,4,5544,1,69,0
1627,100,4,5556,1,77,0
1628,100,4,5367,1,119,0
1629,100,4,5468,1,110,0
1630,100,4,5331,1,140,0
1631,100,4,5563,1,74,0
1632,100,4,5629,1,51,0
1633,100,4,5495,1,109,0
1634,100,4,5094,1,285,0
1635,100,4,5504,1,91,0
1636,100,4,5271,1,170,0
1637,100,4,5600,1,65,0
1638,100,4,5488,1,85,0
1639,100,4,5222,1,260,0
1640,100,4,5519,1,97,0
1641,100,2,2358,0,1001,0
1642,100,4,5409,1,149,0
1643,100,4,5350,1,145,0
1644,101,4,5427,1,135,0
1645,101,4,5183,1,171,0
1646,101,4,5470,1,101,0
1647,101,4,5336,1,178,0
1648,101,4,5563,1,78,0
1649,101,4,5592,1,55,0
1650,101,4,5511,1,99,0
1651,101,4,5478,1,106,0
1652,101,4,5574,1,61,0
1653,101,4,5298,1,153,0
1654,101,4,5054,1,196,0
1655,101,4,5583,1,65,0
1656,101,4,5604,1,59,0
1657,101,4,5479,1,115,0
1658,101,4,5566,1,75,0
1659,101,4,5489,1,102,0
1660,101,4,5536,1,80,0
1661,101,4,5261,1,145,0
1662,101,4,5174,1,241,0
1663,101,4,5387,1,149,0
1664,101,4,5209,1,156,0
1665,101,4,4909,1,238,0
1666,102,2,1552,0,1001,0
1667,102,4,5500,1,81,0
1668,102,4,5167,1,199,0
1669,102,4,5055,1,194,0
1670,102,4,5111,1,213,0
1671,102,4,5355,1,105,0
1672,102,4,5321,1,115,0
1673,102,4,4747,1,222,0
1674,102,4,4817,1,280,0
1675,102,4,5422,1,92,0
1676,102,4,5573,1,71,0
1677,102,4,4646,1,350,0
1678,102,4,5261,1,125,0
1679,102,4,5365,1,100,0
1680,102,4,5213,1,178,0
1681,102,4,5122,1,147,0
1682,102,4,5333,1,104,0
1683,103,4,5358,1,105,0
1684,103,4,3805,1,532,0
1685,103,4,4259,1,354,0
1686,103,4,4858,1,220,0
1687,103,4,4161,1,367,0
1688,103,4,5193,1,134,0
1689,103,4,4387,1,316,0
1690,103,4,5509,1,78,0
1691,103,4,5402,1,111,0
1692,103,4,5404,1,113,0
1693,103,4,5069,1,168,0
1694,103,4,4834,1,237,0
1695,103,4,5169,1,155,0
1696,103,4,5318,1,124,0
1697,103,4,5247,1,144,0
1698,103,4,5567,1,64,0
1699,104,4,5612,1,55,0
1700,104,1,1188,0,1001,1
1701,104,4,5550,1,74,0
1702,104,4,5242,1,140,0
1703,104,4,5520,1,72,0
1704,104,2,2100,0,1001,0
1705,104,4,5416,1,109,0
1706,104,4,5538,1,70,0
1707,104,4,5463,1,93,0
1708,104,4,5570,1,64,0
1709,104,4,5135,1,182,0
1710,104,4,5345,1,120,0
1711,105,4,4708,1,280,0
1712,105,4,4188,1,427,0
1713,105,4,4672,1,262,0
1714,105,4,5272,1,149,0
1715,105,4,4862,1,208,0
1716,105,4,4970,1,178,0
1717,105,4,5610,1,55,0
1718,105,4,5605,1,56,0
1719,105,4,5155,1,168,0
1720,105,4,4437,1,395,0
1721,105,4,5563,1,65,0
1722,105,4,5440,1,103,0
1723,105,4,5610,1,56,0
1724,105,4,5590,1,66,0
1725,105,4,5391,1,104,0
1726,105,4,5147,1,163,0
1727,105,4,4462,1,366,0
1728,106,4,4699,1,257,0
1729,106,4,5340,1,116,0
1730,106,2,1828,0,1001,0
1731,106,4,4626,1,336,0
1732,106,4,5130,1,165,0
1733,106,4,5007,1,213,0
1734,106,4,5027,1,178,0
1735,106,4,5360,1,105,0
1736,106,4,5274,1,157,0
1737,106,4,4771,1,227,0
1738,106,4,4695,1,279,0
1739,106,4,5238,1,129,0
1740,107,4,4705,1,342,0
1741,107,4,5178,1,137,0
1742,107,4,5327,1,127,0
1743,107,4,5383,1,105,0
1744,107,4,4423,1,442,0
1745,107,4,4516,1,284,0
1746,107,4,4904,1,215,0
1747,107,4,4831,1,234,0
1748,107,4,5324,1,109,0
1749,107,4,4870,1,198,0
1750,107,4,4368,1,358,0
1751,107,4,5091,1,171,0
1752,107,4,5124,1,154,0
1753,107,4,4948,1,209,0
1754,107,4,4994,1,177,0
1755,108,4,5021,1,180,0
1756,108,4,5156,1,162,0
1757,108,4,5377,1,108,0
1758,108,4,5240,1,144,0
1759,108,4,5349,1,119,0
1760,108,4,4560,1,296,0
1761,108,4,4759,1,245,0
1762,108,4,5376,1,112,0
1763,108,4,4730,1,269,0
1764,108,4,4836,1,209,0
1765,108,4,3862,1,476,0
1766,108,4,5368,1,122,0
1767,108,4,5317,1,118,0
1768,108,4,4868,1,214,0
1769,108,4,5078,1,183,0
1770,108,4,5385,1,102,0
1771,108,4,5439,1,85,0
1772,108,4,5483,1,85,0
1773,109,4,5462,1,104,0
1774,109,4,4387,1,383,0
1775,109,4,4935,1,191,0
1776,109,4,4577,1,262,0
1777,109,4,5108,1,158,0
1778,109,4,5042,1,199,0
1779,109,4,5097,1,159,0
1780,109,4,4367,1,305,0
1781,109,4,5430,1,109,0
1782,109,4,5368,1,180,0
1783,109,4,5593,1,58,0
1784,109,4,5494,1,83,0
1785,109,4,5608,1,56,0
1786,109,4,5515,1,80,0
1787,109,4,5624,1,49,0
1788,109,4,5354,1,131,0
1789,109,4,5143,1,174,0
1790,109,4,5504,1,73,0
1791,109,4,5602,1,57,0
1792,109,4,5589,1,60,0
1793,109,4,5016,1,222,0
1794,110,4,5197,1,177,0
1795,110,4,5177,1,203,0
1796,110,4,5492,1,82,0
1797,110,4,5328,1,119,0
1798,110,4,5020,1,167,0
1799,110,4,5488,1,78,0
1800,110,0,99,0,1001,1
1801,110,4,5118,1,160,0
1802,110,4,5224,1,126,0
1803,110,4,5457,1,106,0
1804,110,4,5545,1,89,0
1805,110,4,5597,1,55,0
1806,110,4,5532,1,65,0
1807,110,4,5278,1,119,0
1808,110,4,5559,1,71,0
1809,110,4,4935,1,195,0
1810,110,4,4828,1,248,0
1811,111,4,4722,1,263,0
1812,111,4,4985,1,181,0
1813,111,4,3177,1,707,0
1814,111,4,5528,1,85,0
1815,111,4,5465,1,90,0
1816,111,4,4847,1,221,0
1817,111,4,5443,1,88,0
1818,111,4,5308,1,117,0
1819,111,4,5581,1,60,0
1820,111,4,5464,1,89,0
1821,111,4,5366,1,129,0
1822,111,4,5556,1,72,0
1823,111,4,5550,1,71,0
1824,111,4,5545,1,73,0
1825,111,4,5584,1,71,0
1826,111,4,5539,1,70,0
1827,111,4,5412,1,142,0
1828,111,4,5303,1,132,0
1829,111,4,5546,1,66,0
1830,111,4,5088,1,160,0
1831,111,4,5565,1,71,0
1832,111,4,5510,1,90,0
1833,111,4,5535,1,85,0
1834,111,4,5329,1,147,0
1835,112,2,2263,0,1001,0
1836,112,4,5010,1,185,0
1837,112,4,4559,1,304,0
1838,112,4,4470,1,335,0
1839,112,4,4634,1,293,0
1840,112,4,4937,1,192,0
1841,112,4,4066,1,453,0
1842,112,4,4968,1,188,0
1843,113,4,4554,1,301,0
1844,113,4,5538,1,68,0
1845,113,4,5606,1,55,0
1846,113,4,5383,1,116,0
1847,113,4,4978,1,201,0
1848,113,4,4853,1,231,0
1849,113,4,4972,1,184,0
1850,113,4,4443,1,296,0
1851,113,4,4949,1,198,0
1852,113,4,5492,1,91,0
1853,113,4,5286,1,126,0
1854,113,4,4905,1,195,0
1855,113,4,5223,1,128,0
1856,113,4,4625,1,259,0
1857,113,4,5368,1,122,0
1858,113,4,4710,1,262,0
1859,113,4,5251,1,134,0
1860,113,4,5542,1,73,0
1861,113,4,5500,1,83,0
1862,113,4,5398,1,119,0
1863,113,4,5298,1,130,0
1864,113,4,5542,1,68,0
1865,114,4,5494,1,83,0
1866,114,4,5019,1,186,0
1867,114,4,5444,1,98,0
1868,114,4,4864,1,221,0
1869,114,4,5211,1,146,0
1870,114,4,4598,1,315,0
1871,114,4,4920,1,204,0
1872,114,4,5324,1,117,0
1873,114,4,5058,1,178,0
1874,114,4,5279,1,117,0
1875,114,4,5078,1,175,0
1876,114,4,5336,1,121,0
1877,114,4,4562,1,279,0
1878,114,4,4633,1,265,0
1879,114,4,4429,1,295,0
1880,114,4,5128,1,160,0
1881,114,4,5271,1,147,0
1882,115,4,5156,1,162,0
1883,115,4,2879,1,817,0
1884,115,4,2866,1,987,0
1885,115,4,5039,1,185,0
1886,115,4,5426,1,88,0
1887,116,2,2260,0,1001,0
1888,116,4,5165,1,149,0
1889,116,4,4677,1,250,0
1890,116,4,5060,1,159,0
1891,116,4,5455,1,91,0
1892,116,4,4948,1,184,0
1893,116,4,5492,1,86,0
1894,116,4,5537,1,66,0
1895,116,4,5294,1,116,0
1896,116,4,5500,1,86,0
1897,116,4,5264,1,197,0
1898,116,4,5437,1,99,0
1899,116,4,5279,1,162,0
1900,116,0,99,0,1001,1
1901,117,4,4243,1,572,0
1902,117,4,5269,1,141,0
1903,117,4,5247,1,165,0
1904,117,4,5268,1,130,0
1905,117,4,5416,1,102,0
1906,117,4,4359,1,373,0
1907,117,4,5215,1,180,0
1908,117,4,4471,1,390,0
1909,117,2,2061,0,1001,0
1910,117,4,4707,1,237,0
1911,117,4,5199,1,160,0
1912,118,4,4396,1,352,0
1913,118,4,4439,1,372,0
1914,118,4,5058,1,218,0
1915,118,4,5299,1,141,0
1916,118,4,4623,1,353,0
1917,118,4,5124,1,202,0
1918,118,2,2296,0,1001,0
1919,118,4,4633,1,288,0
1920,118,4,5127,1,233,0
1921,119,4,4533,1,372,0
1922,119,4,5111,1,211,0
1923,119,2,2213,0,1001,0
1924,119,4,4870,1,268,0
1925,119,4,4759,1,272,0
1926,119,4,5082,1,202,0
1927,119,4,5163,1,149,0
1928,119,4,5025,1,177,0
1929,119,4,5178,1,140,0
1930,119,4,5137,1,166,0
1931,119,4,5296,1,132,0
1932,120,4,4801,1,237,0
1933,120,4,5236,1,163,0
1934,120,4,4866,1,238,0
1935,120,4,3545,1,543,0
1936,120,4,4332,1,345,0
1937,120,4,5530,1,79,0
1938,120,4,5364,1,113,0
1939,120,4,5089,1,156,0
1940,120,4,5188,1,135,0
1941,120,4,5287,1,144,0
1942,120,4,4741,1,234,0
1943,120,4,5343,1,104,0
1944,120,4,5430,1,110,0
1945,120,4,5285,1,122,0
1946,120,4,5427,1,83,0
1947,120,4,4938,1,183,0
1948,120,4,5253,1,134,0
1949,120,4,5280,1,125,0
1950,121,4,4949,1,188,0
1951,121,4,4355,1,554,0
1952,121,4,4844,1,359,0
1953,121,4,5502,1,72,0
1954,121,4,4108,1,380,0
1955,121,4,5169,1,146,0
1956,121,4,5315,1,112,0
1957,121,4,5093,1,161,0
1958,121,4,5342,1,109,0
1959,121,4,5115,1,181,0
1960,121,4,5149,1,207,0
1961,121,4,5269,1,138,0
1962,121,4,5494,1,86,0
1963,121,4,5560,1,64,0
1964,121,4,5581,1,59,0
1965,121,4,5554,1,81,0
1966,121,4,5407,1,103,0
1967,121,4,5553,1,73,0
1968,121,4,5569,1,64,0
1969,121,4,5474,1,82,0
1970,122,4,5419,1,99,0
1971,122,4,5600,1,58,0
1972,122,4,5566,1,89,0
1973,122,4,5116,1,183,0
1974,122,4,5015,1,223,0
1975,122,4,5514,1,77,0
1976,122,4,5380,1,120,0
1977,122,4,5006,1,209,0
1978,122,4,5474,1,108,0
1979,122,4,5197,1,153,0
1980,122,4,5564,1,68,0
1981,122,4,5418,1,134,0
1982,122,4,5315,1,135,0
1983,122,4,5259,1,144,0
1984,122,4,5554,1,66,0
1985,122,4,5366,1,148,0
1986,122,4,5294,1,160,0
1987,122,4,5575,1,64,0
1988,122,4,5569,1,68,0
1989,122,4,5405,1,147,0
1990,123,2,2302,0,1001,0
1991,123,4,5341,1,122,0
1992,123,4,5109,1,218,0
1993,123,4,5509,1,83,0
1994,123,2,2343,0,1001,0
1995,123,4,5420,1,118,0
1996,123,4,5237,1,169,0
1997,123,2,2303,0,1001,0
1998,124,4,4274,1,425,0
1999,124,4,5499,1,92,0
2000,124,3,3524,0,1001,1
2001,124,4,5494,1,103,0
2002,124,4,5527,1,72,0
2003,124,4,5545,1,71,0
2004,124,4,5312,1,108,0
2005,124,4,5317,1,176,0
2006,124,4,5586,1,62,0
2007,124,4,5509,1,91,0
2008,124,4,5550,1,70,0
2009,124,4,5553,1,72,0
2010,124,4,5559,1,66,0
2011,124,4,5535,1,75,0
2012,124,4,5510,1,92,0
2013,124,4,5313,1,141,0
2014,124,4,4906,1,241,0
2015,124,4,5621,1,72,0
2016,124,4,5563,1,69,0
2017,124,4,5425,1,100,0
2018,125,4,5366,1,100,0
2019,125,4,5418,1,150,0
2020,125,4,5205,1,153,0
2021,125,4,5449,1,99,0
2022,125,4,5560,1,75,0
2023,125,4,5351,1,108,0
2024,125,4,5549,1,78,0
2025,125,4,5326,1,138,0
2026,125,4,5291,1,152,0
2027,125,3,3396,0,1001,0
2028,125,4,5473,1,89,0
2029,125,4,5189,1,219,0
2030,125,4,5363,1,148,0
2031,125,4,5134,1,246,0
2032,125,4,4870,1,271,0
2033,126,4,4582,1,308,0
2034,126,4,4045,1,478,0
2035,126,4,5469,1,93,0
2036,126,4,4689,1,295,0
2037,126,4,4526,1,340,0
2038,126,4,4781,1,422,0
2039,126,4,4503,1,323,0
2040,126,4,5495,1,73,0
2041,126,4,5415,1,123,0
2042,126,4,5058,1,175,0
2043,126,4,5358,1,158,0
2044,126,4,5503,1,84,0
2045,126,4,5331,1,130,0
2046,126,4,5219,1,170,0
2047,126,4,5328,1,176,0
2048,127,4,5349,1,103,0
2049,127,4,5574,1,64,0
2050,127,4,4867,1,273,0
2051,127,4,5197,1,130,0
2052,127,4,4778,1,254,0
2053,127,4,5180,1,148,0
2054,127,4,5442,1,83,0
2055,127,4,5536,1,81,0
2056,127,4,5338,1,120,0
2057,127,4,5015,1,169,0
2058,127,4,5303,1,132,0
2059,127,4,5521,1,75,0
2060,127,4,5472,1,89,0
2061,127,4,5077,1,158,0
2062,127,4,5510,1,84,0
2063,127,4,5419,1,115,0
2064,127,4,5595,1,64,0
2065,127,4,5477,1,86,0
2066,127,4,5583,1,60,0
2067,127,4,5555,1,67,0
2068,127,4,5573,1,65,0
2069,127,4,5583,1,64,0
2070,127,4,5281,1,129,0
2071,127,4,5547,1,69,0
2072,127,4,5011,1,192,0
2073,127,4,5513,1,75,0
2074,127,4,5236,1,171,0
2075,128,4,5239,1,160,0
2076,128,4,5539,1,86,0
2077,128,4,5224,1,142,0
2078,128,4,4784,1,509,0
2079,128,4,4618,1,289,0
2080,128,4,5383,1,102,0
2081,128,4,5412,1,97,0
2082,128,4,5290,1,130,0
2083,128,4,5570,1,69,0
2084,128,4,5338,1,147,0
2085,128,4,5128,1,199,0
2086,128,4,5193,1,170,0
2087,128,4,5300,1,113,0
2088,128,4,5248,1,133,0
2089,128,4,5510,1,73,0
2090,128,4,5574,1,61,0
2091,128,4,5243,1,157,0
2092,128,4,5401,1,97,0
2093,128,4,5448,1,102,0
2094,128,4,5564,1,69,0
2095,128,4,5023,1,186,0
2096,128,4,5521,1,80,0
2097,129,4,5119,1,214,0
2098,129,4,5109,1,197,0
2099,129,4,4788,1,254,0
2100,129,0,99,0,1001,1
2101,129,4,4850,1,292,0
2102,129,4,4975,1,247,0
2103,129,4,5278,1,124,0
2104,130,2,2224,0,1001,0
2105,130,4,5055,1,204,0
2106,130,4,5373,1,116,0
2107,130,4,5379,1,120,0
2108,130,4,5215,1,155,0
2109,130,4,4501,1,475,0
2110,130,4,5198,1,141,0
2111,130,4,4975,1,186,0
2112,130,4,5181,1,162,0
2113,130,4,5459,1,84,0
2114,130,4,5193,1,162,0
2115,130,4,5560,1,88,0
2116,130,4,4750,1,268,0
2117,130,4,5422,1,103,0
2118,130,4,5303,1,143,0
2119,130,4,5198,1,153,0
2120,130,4,5507,1,75,0
2121,130,4,5299,1,123,0
2122,130,4,5461,1,108,0
2123,131,4,4735,1,249,0
2124,131,4,5219,1,129,0
2125,131,4,4976,1,177,0
2126,131,4,5362,1,144,0
2127,131,2,2327,0,1001,0
2128,131,4,5424,1,101,0
2129,131,4,5316,1,118,0
2130,131,4,5365,1,107,0
2131,131,4,4643,1,270,0
2132,131,4,5370,1,109,0
2133,131,4,5166,1,155,0
2134,131,4,5459,1,94,0
2135,131,4,4617,1,273,0
2136,131,4,4758,1,268,0
2137,132,4,4793,1,229,0
2138,132,4,5311,1,137,0
2139,132,4,5502,1,90,0
2140,132,4,5129,1,173,0
2141,132,4,5505,1,76,0
2142,132,4,5397,1,98,0
2143,132,4,5176,1,155,0
2144,132,4,4918,1,197,0
2145,132,4,5197,1,162,0
2146,132,4,4211,1,370,0
2147,132,4,5356,1,112,0
2148,132,4,4978,1,209,0
2149,132,4,5231,1,181,0
2150,132,3,3448,0,1001,0
2151,133,4,5508,1,86,0
2152,133,4,5166,1,142,0
2153,133,4,5309,1,154,0
2154,133,4,5403,1,95,0
2155,133,4,5506,1,90,0
2156,133,4,5513,1,84,0
2157,133,4,5048,1,174,0
2158,133,4,5384,1,99,0
2159,133,4,5204,1,133,0
2160,133,4,5023,1,166,0
2161,133,4,5581,1,62,0
2162,133,4,5498,1,74,0
2163,133,4,5539,1,81,0
2164,133,4,5566,1,64,0
2165,133,4,5297,1,125,0
2166,133,2,2344,0,1001,0
2167,133,4,5456,1,101,0
2168,133,4,5467,1,89,0
2169,133,4,5530,1,68,0
2170,133,4,5495,1,76,0
2171,133,4,5542,1,67,0
2172,134,2,2311,0,1001,0
2173,134,4,5337,1,142,0
2174,134,4,4294,1,390,0
2175,134,4,5421,1,93,0
2176,134,4,5282,1,150,0
2177,134,4,5306,1,114,0
2178,134,4,5478,1,86,0
2179,134,4,5469,1,91,0
2180,134,4,5010,1,179,0
2181,134,4,5232,1,126,0
2182,134,4,5156,1,168,0
2183,134,4,5291,1,125,0
2184,134,4,5279,1,137,0
2185,134,4,5378,1,134,0
2186,134,4,5292,1,118,0
2187,134,4,5470,1,100,0
2188,135,4,5205,1,136,0
2189,135,4,5521,1,71,0
2190,135,4,5291,1,119,0
2191,135,4,5476,1,78,0
2192,135,4,5257,1,143,0
2193,135,4,5037,1,170,0
2194,135,4,5566,1,64,0
2195,135,4,4975,1,194,0
2196,135,3,3464,0,1001,0
2197,135,4,5214,1,154,0
2198,135,4,5428,1,91,0
2199,135,2,2326,0,1001,0
2200,136,0,99,0,1001,1
2201,136,4,4957,1,249,0
2202,136,4,5575,1,81,0
2203,136,4,5304,1,143,0
2204,136,4,4689,1,293,0
2205,136,4,5452,1,96,0
2206,136,4,5217,1,125,0
2207,136,4,5493,1,77,0
2208,136,4,5448,1,94,0
2209,136,4,4676,1,251,0
2210,137,3,3213,0,1001,0
2211,137,4,5485,1,88,0
2212,137,4,5557,1,61,0
2213,137,4,5552,1,72,0
2214,137,4,5432,1,84,0
2215,137,4,5525,1,75,0
2216,137,4,5599,1,55,0
2217,137,4,5567,1,80,0
2218,137,4,5439,1,108,0
2219,137,4,5439,1,93,0
2220,137,4,5497,1,78,0
2221,137,4,5622,1,67,0
2222,137,4,5596,1,59,0
2223,137,4,5470,1,82,0
2224,137,4,5564,1,64,0
2225,137,4,5285,1,123,0
2226,137,4,5314,1,130,0
2227,137,4,5579,1,59,0
2228,137,4,5530,1,75,0
2229,137,4,5578,1,65,0
2230,137,4,5517,1,72,0
2231,137,2,2355,0,1001,0
2232,137,4,5596,1,59,0
2233,137,4,5556,1,68,0
2234,137,4,5509,1,86,0
2235,137,4,5610,1,53,0
2236,138,4,5607,1,54,0
2237,138,4,5465,1,88,0
2238,138,4,5339,1,123,0
2239,138,4,5427,1,95,0
2240,138,4,5101,1,153,0
2241,138,4,5494,1,80,0
2242,138,4,5550,1,68,0
2243,138,4,5542,1,72,0
2244,138,4,5507,1,83,0
2245,138,4,5445,1,112,0
2246,138,4,5430,1,93,0
2247,138,4,5598,1,56,0
2248,138,4,5574,1,59,0
2249,138,4,5501,1,78,0
2250,138,4,5559,1,67,0
2251,138,4,5501,1,83,0
2252,138,4,5279,1,161,0
2253,138,4,5426,1,94,0
2254,138,4,5333,1,140,0
2255,138,4,5484,1,83,0
2256,138,3,3503,0,1001,0
2257,138,4,5566,1,70,0
2258,138,4,5455,1,111,0
2259,138,4,5312,1,118,0
2260,139,4,5530,1,76,0
2261,139,4,5277,1,117,0
2262,139,4,5496,1,90,0
2263,139,4,5371,1,139,0
2264,139,4,5403,1,96,0
2265,139,4,5575,1,58,0
2266,139,4,5582,1,61,0
2267,139,4,5481,1,76,0
2268,139,4,5430,1,96,0
2269,139,4,5468,1,98,0
2270,139,4,5493,1,83,0
2271,139,4,5402,1,134,0
2272,139,4,5448,1,115,0
2273,139,4,5342,1,109,0
2274,139,4,5490,1,108,0
2275,139,4,5275,1,141,0
2276,139,4,4930,1,285,0
2277,139,4,5407,1,110,0
2278,139,4,4931,1,233,0
2279,139,4,5199,1,167,0
2280,139,4,4411,1,408,0
2281,139,4,5319,1,112,0
2282,139,4,5089,1,180,0
2283,140,4,5197,1,196,0
2284,140,4,5082,1,194,0
2285,140,4,5155,1,170,0
2286,140,4,4877,1,234,0
2287,140,4,5374,1,110,0
2288,140,2,2124,0,1001,0
2289,140,4,5494,1,100,0
2290,140,4,5296,1,159,0
2291,140,4,5572,1,59,0
2292,140,4,5441,1,91,0
2293,140,4,5403,1,108,0
2294,140,4,5453,1,84,0
2295,140,4,5387,1,113,0
2296,140,4,5468,1,90,0
2297,140,4,5291,1,143,0
2298,140,4,5581,1,59,0
2299,140,4,5593,1,54,0
2300,141,2,2360,0,1001,1
2301,141,4,5467,1,104,0
2302,141,4,5556,1,68,0
2303,141,4,5581,1,60,0
2304,141,4,5198,1,133,0
2305,141,4,5483,1,85,0
2306,141,4,5582,1,59,0
2307,141,2,2335,0,1001,0
2308,141,4,5495,1,97,0
2309,141,4,5563,1,64,0
2310,141,4,5445,1,99,0
2311,141,4,5185,1,180,0
2312,141,4,5526,1,87,0
2313,141,4,5537,1,77,0
2314,141,4,5558,1,69,0
2315,141,4,5606,1,55,0
2316,141,4,5321,1,182,0
2317,142,4,5396,1,126,0
2318,142,4,5354,1,131,0
2319,142,4,5219,1,179,0
2320,142,4,5162,1,206,0
2321,142,4,5156,1,183,0
2322,142,4,5461,1,105,0
2323,142,4,5357,1,131,0
2324,142,4,5472,1,89,0
2325,142,4,5427,1,117,0
2326,142,4,5294,1,155,0
2327,142,4,5373,1,116,0
2328,142,4,5451,1,127,0
2329,142,4,5402,1,97,0
2330,142,4,5249,1,140,0
2331,142,4,5235,1,176,0
2332,142,4,5153,1,144,0
2333,142,2,2340,0,1001,0
2334,143,4,5419,1,106,0
2335,143,2,2290,0,1001,0
2336,143,4,5557,1,70,0
2337,143,4,5358,1,126,0
2338,143,4,5067,1,253,0
2339,143,4,5550,1,70,0
2340,143,4,5159,1,141,0
2341,143,4,5453,1,101,0
2342,143,4,5394,1,143,0
2343,143,4,5020,1,229,0
2344,143,4,5557,1,72,0
2345,143,4,5520,1,76,0
2346,143,4,5560,1,65,0
2347,143,4,5581,1,62,0
2348,143,4,5512,1,85,0
2349,143,4,5045,1,233,0
2350,143,4,5409,1,107,0
2351,143,4,5582,1,61,0
2352,143,4,5467,1,99,0
2353,144,4,5551,1,66,0
2354,144,4,5005,1,243,0
2355,144,4,5546,1,76,0
2356,144,2,2355,0,1001,0
2357,144,4,5585,1,62,0
2358,144,4,5518,1,80,0
2359,144,4,5571,1,60,0
2360,144,4,5622,1,50,0
2361,144,4,5565,1,64,0
2362,144,4,5507,1,75,0
2363,144,4,5429,1,102,0
2364,144,4,5570,1,62,0
2365,144,4,5154,1,156,0
2366,144,4,5494,1,86,0
2367,144,4,5563,1,61,0
2368,144,4,5432,1,90,0
2369,145,3,3448,0,1001,0
2370,145,4,5302,1,187,0
2371,145,4,5205,1,257,0
2372,145,4,5597,1,56,0
2373,145,2,2345,0,1001,0
2374,145,4,5582,1,61,0
2375,145,4,5553,1,72,0
2376,145,4,5587,1,55,0
2377,145,4,5493,1,88,0
2378,145,4,5531,1,84,0
2379,145,4,5242,1,129,0
2380,145,4,5046,1,178,0
2381,145,4,5225,1,138,0
2382,145,4,5283,1,140,0
2383,145,4,5420,1,88,0
2384,145,4,5469,1,83,0
2385,146,3,3038,0,1001,0
2386,146,4,5549,1,82,0
2387,146,2,2333,0,1001,0
2388,146,4,4700,1,280,0
2389,146,2,2351,0,1001,0
2390,146,4,5208,1,145,0
2391,147,4,5221,1,181,0
2392,147,4,5567,1,67,0
2393,147,4,5305,1,159,0
2394,147,4,4811,1,332,0
2395,147,2,2295,0,1001,0
2396,147,4,5495,1,86,0
2397,147,4,5469,1,99,0
2398,147,4,5497,1,95,0
2399,147,4,5003,1,251,0
2400,148,2,2360,0,1001,1
2401,148,4,5600,1,54,0
2402,148,4,5526,1,77,0
2403,148,4,5599,1,56,0
2404,148,4,5534,1,74,0
2405,148,4,4931,1,223,0
2406,148,4,5409,1,98,0
2407,148,4,5485,1,91,0
2408,148,4,5326,1,117,0
2409,148,4,5537,1,75,0
2410,148,4,5508,1,81,0
2411,148,4,5450,1,94,0
2412,148,4,5550,1,69,0
2413,148,4,5516,1,82,0
2414,148,4,5503,1,76,0
2415,148,4,5442,1,88,0
2416,148,4,5312,1,119,0
2417,148,4,5442,1,94,0
2418,148,4,5295,1,117,0
2419,148,4,5545,1,75,0
2420,148,4,5151,1,170,0
2421,148,4,5209,1,148,0
2422,148,4,4867,1,217,0
2423,148,4,5084,1,168,0
2424,148,4,5547,1,68,0
2425,148,4,5455,1,94,0
2426,148,4,5523,1,76,0
2427,148,4,5001,1,204,0
2428,148,4,5570,1,65,0
2429,148,4,5482,1,81,0
2430,149,4,5457,1,92,0
2431,149,4,5506,1,80,0
2432,149,4,5332,1,126,0
2433,149,4,5389,1,114,0
2434,149,4,5104,1,154,0
2435,149,4,5507,1,86,0
2436,149,4,5155,1,145,0
2437,149,4,4807,1,233,0
2438,149,4,5504,1,76,0
2439,149,4,5246,1,144,0
2440,149,4,4845,1,204,0
2441,149,4,4900,1,210,0
2442,149,4,4989,1,181,0
2443,149,4,5160,1,145,0
2444,149,2,2323,0,1001,0
2445,149,4,5123,1,166,0
2446,150,4,5444,1,91,0
2447,150,4,5287,1,121,0
2448,150,4,5366,1,124,0
2449,150,3,3431,0,1001,0
2450,150,4,5226,1,159,0
2451,150,4,4881,1,227,0
2452,150,3,3065,0,1001,0
2453,150,4,5513,1,70,0
2454,150,4,5151,1,215,0
2455,150,4,5520,1,83,0
2456,151,4,5311,1,142,0
2457,151,4,5310,1,114,0
2458,151,4,5466,1,98,0
2459,151,4,5022,1,197,0
2460,151,4,5492,1,85,0
2461,151,4,4541,1,307,0
2462,151,4,5364,1,114,0
2463,151,4,5564,1,63,0
2464,151,4,5401,1,95,0
2465,151,3,3272,0,1001,0
2466,151,4,5157,1,155,0
2467,151,4,4960,1,218,0
2468,151,4,4457,1,359,0
2469,152,4,4750,1,268,0
2470,152,4,4735,1,268,0
2471,152,4,5088,1,153,0
2472,152,4,5071,1,168,0
2473,152,4,5541,1,79,0
2474,152,4,5121,1,158,0
2475,152,4,5584,1,60,0
2476,152,4,5369,1,114,0
2477,152,4,5089,1,196,0
2478,152,4,5416,1,102,0
2479,152,4,4001,1,437,0
2480,152,4,5494,1,78,0
2481,152,4,5448,1,90,0
2482,152,4,5184,1,138,0
2483,152,4,5186,1,151,0
2484,153,2,2192,0,1001,0
2485,153,4,5204,1,154,0
2486,153,3,3128,0,1001,0
2487,153,4,5416,1,107,0
2488,153,4,5375,1,116,0
2489,153,4,4712,1,300,0
2490,153,4,5374,1,139,0
2491,153,2,2214,0,1001,0
2492,153,4,5253,1,125,0
2493,154,4,4943,1,248,0
2494,154,4,4739,1,267,0
2495,154,4,5395,1,113,0
2496,154,4,5079,1,239,0
2497,154,3,2531,0,1001,0
2498,154,4,5345,1,136,0
2499,154,4,5325,1,109,0
2500,154,0,0,0,1001,1
2501,155,4,5154,1,165,0
2502,155,4,5402,1,114,0
2503,155,4,5153,1,154,0
2504,155,4,4778,1,287,0
2505,155,4,4880,1,244,0
2506,155,4,4761,1,262,0
2507,155,4,5177,1,162,0
2508,155,4,5191,1,157,0
2509,155,4,4560,1,325,0
2510,155,4,5158,1,153,0
2511,155,4,4865,1,239,0
2512,155,4,5162,1,168,0
2513,155,4,5127,1,176,0
2514,155,4,4925,1,230,0
2515,155,4,5195,1,149,0
2516,155,4,4837,1,244,0
2517,156,4,4328,1,470,0
2518,156,4,4991,1,207,0
2519,156,4,4534,1,317,0
2520,156,4,5082,1,187,0
2521,156,4,4810,1,236,0
2522,156,4,4626,1,320,0
2523,156,4,4811,1,267,0
2524,156,2,2266,0,1001,0
2525,157,4,5059,1,194,0
2526,157,4,5144,1,152,0
2527,157,4,4456,1,318,0
2528,157,4,4687,1,303,0
2529,157,4,4987,1,201,0
2530,157,4,4158,1,431,0
2531,157,4,4925,1,227,0
2532,157,2,2093,0,1001,0
2533,157,4,4851,1,252,0
2534,157,4,4951,1,198,0
2535,158,4,4032,1,514,0
2536,158,4,4930,1,220,0
2537,158,4,4853,1,264,0
2538,158,4,5258,1,147,0
2539,158,4,4903,1,220,0
2540,158,2,1970,0,1001,0
2541,158,4,4910,1,209,0
2542,158,4,5037,1,208,0
2543,158,4,5356,1,124,0
2544,159,2,2090,0,1001,0
2545,159,4,4829,1,266,0
2546,159,4,5033,1,193,0
2547,159,4,4685,1,257,0
2548,159,4,5011,1,191,0
2549,159,4,4889,1,255,0
2550,159,4,5273,1,152,0
2551,159,4,4862,1,295,0
2552,159,4,4830,1,282,0
2553,159,4,4285,1,409,0
2554,160,4,4654,1,329,0
2555,160,4,4488,1,330,0
2556,160,4,5183,1,155,0
2557,160,4,5179,1,177,0
2558,160,4,5310,1,137,0
2559,160,3,2860,0,1001,0
2560,160,4,5051,1,208,0
2561,160,4,5116,1,166,0
2562,160,4,5270,1,131,0
2563,160,4,4696,1,253,0
2564,160,4,5376,1,113,0
2565,161,4,4657,1,261,0
2566,161,4,4276,1,404,0
2567,161,4,5135,1,175,0
2568,161,4,3575,1,584,0
2569,161,4,4534,1,307,0
2570,161,4,5586,1,61,0
2571,161,4,5294,1,144,0
2572,161,4,5227,1,124,0
2573,161,4,4772,1,248,0
2574,161,4,4310,1,355,0
2575,161,4,5356,1,137,0
2576,161,4,5302,1,206,0
2577,161,4,5089,1,190,0
2578,161,4,5180,1,153,0
2579,162,4,4582,1,313,0
2580,162,4,4787,1,257,0
2581,162,2,1917,0,1001,0
2582,162,4,5424,1,120,0
2583,162,4,5341,1,143,0
2584,162,4,5060,1,280,0
2585,162,4,5153,1,150,0
2586,162,4,5395,1,106,0
2587,162,4,5289,1,137,0
2588,162,4,5318,1,144,0
2589,162,4,4957,1,238,0
2590,162,4,5319,1,111,0
2591,163,4,4750,1,447,0
2592,163,4,5017,1,243,0
2593,163,4,5184,1,150,0
2594,163,4,5029,1,204,0
2595,163,4,5230,1,146,0
2596,163,4,5407,1,97,0
2597,163,4,4872,1,235,0
2598,163,4,4967,1,197,0
2599,163,4,5133,1,211,0
2600,163,0,98,0,1001,1
2601,163,4,5174,1,154,0
2602,164,4,4620,1,302,0
2603,164,4,4463,1,350,0
2604,164,4,5167,1,150,0
2605,164,4,5362,1,143,0
2606,164,4,5261,1,144,0
2607,164,4,5319,1,132,0
2608,164,4,5122,1,190,0
2609,164,4,4610,1,335,0
2610,164,2,2108,0,1001,0
2611,164,4,5201,1,193,0
2612,164,4,5217,1,148,0
2613,164,4,5579,1,59,0
2614,164,4,5497,1,80,0
2615,164,4,5345,1,120,0
2616,165,4,5382,1,104,0
2617,165,4,5513,1,75,0
2618,165,4,5175,1,143,0
2619,165,2,2147,0,1001,0
2620,165,4,5305,1,115,0
2621,165,4,5250,1,120,0
2622,165,4,5356,1,104,0
2623,165,4,5491,1,79,0
2624,165,4,3459,1,865,0
2625,165,4,4841,1,206,0
2626,165,4,5483,1,93,0
2627,165,4,5099,1,198,0
2628,166,4,4704,1,343,0
2629,166,4,5012,1,188,0
2630,166,4,4617,1,310,0
2631,166,4,5222,1,147,0
2632,166,4,5319,1,113,0
2633,166,4,5470,1,84,0
2634,166,4,5392,1,136,0
2635,166,4,5059,1,199,0
2636,166,4,5345,1,120,0
2637,166,4,5466,1,83,0
2638,166,4,5012,1,174,0
2639,166,4,4871,1,220,0
2640,166,4,5513,1,77,0
2641,166,4,5390,1,98,0
2642,166,4,5264,1,129,0
2643,166,4,5295,1,112,0
2644,166,4,5480,1,75,0
2645,166,4,5393,1,108,0
2646,166,4,5300,1,113,0
2647,167,4,3766,1,586,0
2648,167,4,4834,1,236,0
2649,167,4,5527,1,66,0
2650,167,4,4778,1,284,0
2651,167,4,5270,1,135,0
2652,167,4,5357,1,118,0
2653,167,4,5295,1,114,0
2654,167,4,5467,1,80,0
2655,167,4,4769,1,272,0
2656,167,4,5179,1,207,0
2657,167,3,3461,0,1001,0
2658,167,4,5306,1,165,0
2659,167,4,5353,1,140,0
2660,167,4,5400,1,88,0
2661,168,4,5416,1,96,0
2662,168,4,5557,1,60,0
2663,168,4,5413,1,90,0
2664,168,4,5393,1,95,0
2665,168,4,5412,1,117,0
2666,168,4,5374,1,96,0
2667,168,4,5429,1,83,0
2668,168,4,5520,1,73,0
2669,168,4,5480,1,76,0
2670,168,4,5536,1,65,0
2671,168,4,5315,1,134,0
2672,168,4,5418,1,111,0
2673,168,4,4471,1,285,0
2674,168,3,3422,0,1001,0
2675,169,2,2275,0,1001,0
2676,169,4,5407,1,131,0
2677,169,4,5315,1,116,0
2678,169,4,5444,1,83,0
2679,169,3,3418,0,1001,0
2680,169,4,5168,1,154,0
2681,169,4,5000,1,253,0
2682,169,4,5291,1,127,0
2683,169,4,5276,1,142,0
2684,169,4,5486,1,105,0
2685,169,4,4999,1,177,0
2686,169,4,5490,1,101,0
2687,169,4,5162,1,201,0
2688,169,4,5146,1,240,0
2689,170,4,5328,1,181,0
2690,170,4,5146,1,140,0
2691,170,4,5232,1,151,0
2692,170,4,5488,1,85,0
2693,170,4,5392,1,95,0
2694,170,4,4622,1,303,0
2695,170,4,4613,1,292,0
2696,170,4,5241,1,120,0
2697,170,3,3442,0,1001,0
2698,170,4,5472,1,77,0
2699,171,3,2976,0,1001,0
2700,171,0,98,0,1001,1
2701,171,3,3400,0,1001,0
2702,171,4,5352,1,151,0
2703,171,4,5339,1,109,0
2704,171,4,5246,1,123,0
2705,171,4,5325,1,109,0
2706,171,4,5440,1,93,0
2707,171,4,5406,1,100,0
2708,171,4,5319,1,142,0
2709,172,4,5480,1,97,0
2710,172,4,5534,1,69,0
2711,172,4,5252,1,135,0
2712,172,4,5042,1,197,0
2713,172,2,2300,0,1001,0
2714,172,4,5264,1,128,0
2715,172,4,4769,1,258,0
2716,172,2,2126,0,1001,0
2717,172,4,5556,1,61,0
2718,172,4,5359,1,113,0
2719,172,4,5380,1,108,0
2720,173,4,5606,1,70,0
2721,173,4,5277,1,166,0
2722,173,4,5526,1,75,0
2723,173,4,5370,1,98,0
2724,173,4,5543,1,60,0
2725,173,4,5224,1,143,0
2726,173,4,4903,1,248,0
2727,173,4,5445,1,95,0
2728,173,4,4993,1,198,0
2729,173,4,4983,1,187,0
2730,173,4,5601,1,50,0
2731,173,4,5501,1,70,0
2732,173,4,5431,1,83,0
2733,173,4,5394,1,92,0
2734,173,4,5410,1,91,0
2735,173,4,5517,1,85,0
2736,173,4,5311,1,172,0
2737,173,4,4659,1,269,0
2738,173,4,5331,1,107,0
2739,173,4,5518,1,70,0
2740,173,4,5141,1,156,0
2741,173,4,5250,1,139,0
2742,173,4,5387,1,100,0
2743,173,4,5565,1,74,0
2744,173,4,5479,1,85,0
2745,174,4,4847,1,240,0
2746,174,4,4939,1,212,0
2747,174,4,5507,1,70,0
2748,174,4,5524,1,69,0
2749,174,4,5555,1,66,0
2750,174,4,5475,1,100,0
2751,174,4,5358,1,99,0
2752,174,4,5370,1,107,0
2753,174,4,5593,1,73,0
2754,174,4,5054,1,169,0
2755,174,4,5536,1,69,0
2756,174,4,5359,1,150,0
2757,174,4,5201,1,151,0
2758,174,4,5207,1,170,0
2759,174,4,5514,1,88,0
2760,174,3,3474,0,1001,0
2761,174,4,5390,1,111,0
2762,174,4,5500,1,98,0
2763,174,4,5399,1,113,0
2764,174,4,5051,1,176,0
2765,175,4,5458,1,106,0
2766,175,3,3097,0,1001,0
2767,175,4,5305,1,123,0
2768,175,4,5285,1,156,0
2769,175,4,5234,1,172,0
2770,175,3,3287,0,1001,0
2771,175,4,5503,1,100,0
2772,175,4,5298,1,125,0
2773,175,4,5500,1,94,0
2774,176,4,4472,1,396,0
2775,176,4,5227,1,205,0
2776,176,4,5516,1,80,0
2777,176,4,5518,1,73,0
2778,176,4,5315,1,161,0
2779,176,4,5196,1,152,0
2780,176,4,5260,1,120,0
2781,176,4,4801,1,265,0
2782,176,4,5458,1,80,0
2783,176,4,5456,1,82,0
2784,176,4,5460,1,88,0
2785,176,4,4878,1,224,0
2786,176,4,5344,1,132,0
2787,176,3,3244,0,1001,0
2788,176,4,4747,1,246,0
2789,176,4,5268,1,116,0
2790,177,4,4812,1,247,0
2791,177,4,5206,1,138,0
2792,177,4,5270,1,122,0
2793,177,4,5399,1,104,0
2794,177,4,4778,1,225,0
2795,177,4,4860,1,232,0
2796,177,4,4764,1,279,0
2797,177,4,5165,1,141,0
2798,177,4,5368,1,104,0
2799,177,4,5450,1,97,0
2800,177,0,98,0,1001,1
2801,177,4,5277,1,158,0
2802,178,2,2165,0,1001,0
2803,178,4,5441,1,90,0
2804,178,4,5180,1,140,0
2805,178,4,5453,1,83,0
2806,178,4,5486,1,77,0
2807,178,4,5155,1,151,0
2808,178,4,5001,1,170,0
2809,178,4,5216,1,131,0
2810,178,4,5109,1,190,0
2811,178,4,5173,1,167,0
2812,178,4,5110,1,165,0
2813,178,4,5068,1,207,0
2814,178,4,4535,1,342,0
2815,178,4,5409,1,103,0
2816,178,4,5551,1,73,0
2817,178,4,5496,1,88,0
2818,178,4,5192,1,190,0
2819,179,4,5265,1,137,0
2820,179,4,5311,1,126,0
2821,179,4,5206,1,143,0
2822,179,4,4639,1,265,0
2823,179,4,5171,1,186,0
2824,179,4,5109,1,154,0
2825,179,4,5226,1,132,0
2826,179,4,4831,1,224,0
2827,179,4,4961,1,199,0
2828,179,4,5269,1,145,0
2829,179,4,5301,1,117,0
2830,179,4,5503,1,73,0
2831,179,4,5404,1,116,0
2832,179,4,5081,1,169,0
2833,179,4,5506,1,75,0
2834,179,4,5256,1,136,0
2835,179,4,4912,1,195,0
2836,179,4,5322,1,115,0
2837,179,4,5422,1,98,0
2838,179,4,5217,1,149,0
2839,179,4,5292,1,138,0
2840,179,4,5299,1,114,0
2841,180,4,4857,1,277,0
2842,180,4,5079,1,189,0
2843,180,2,2295,0,1001,0
2844,180,4,5417,1,97,0
2845,180,4,5582,1,63,0
2846,180,4,5345,1,108,0
2847,180,4,5069,1,171,0
2848,180,4,5440,1,89,0
2849,180,4,5361,1,110,0
2850,180,4,5419,1,93,0
2851,180,4,5365,1,108,0
2852,180,4,5227,1,151,0
2853,180,4,5258,1,148,0
2854,181,2,2159,0,1001,0
2855,181,4,5494,1,81,0
2856,181,4,5185,1,178,0
2857,181,4,4917,1,280,0
2858,181,4,5354,1,126,0
2859,181,4,4777,1,332,0
2860,181,4,5430,1,105,0
2861,181,2,2281,0,1001,0
2862,181,4,4970,1,209,0
2863,181,4,5274,1,152,0
2864,181,4,5485,1,75,0
2865,181,4,5176,1,177,0
2866,182,4,5293,1,144,0
2867,182,4,4972,1,235,0
2868,182,4,4984,1,220,0
2869,182,4,4308,1,438,0
2870,182,4,4619,1,348,0
2871,182,4,3609,1,588,0
2872,182,4,5124,1,148,0
2873,182,4,4918,1,189,0
2874,183,3,2900,0,1001,0
2875,183,4,5180,1,175,0
2876,183,4,5118,1,145,0
2877,183,4,5081,1,174,0
2878,183,4,5196,1,127,0
2879,183,4,4480,1,304,0
2880,183,4,5141,1,157,0
2881,183,4,3750,1,479,0
2882,183,4,4164,1,419,0
2883,184,3,3183,0,1001,0
2884,184,4,5126,1,152,0
2885,184,4,4715,1,228,0
2886,184,4,3829,1,489,0
2887,184,4,5213,1,138,0
2888,184,4,5300,1,157,0
2889,184,4,5432,1,137,0
2890,184,4,5336,1,171,0
2891,184,4,5403,1,100,0
2892,184,4,5239,1,147,0
2893,184,4,5195,1,183,0
2894,184,4,4919,1,250,0
2895,184,4,5387,1,104,0
2896,185,2,2328,0,1001,0
2897,185,3,3446,0,1001,0
2898,185,4,5211,1,235,0
2899,185,4,5406,1,102,0
2900,185,0,98,0,1001,1
2901,186,2,2172,0,1001,0
2902,186,4,5285,1,203,0
2903,186,4,5334,1,123,0
2904,186,4,5422,1,99,0
2905,186,4,5320,1,126,0
2906,186,4,5221,1,144,0
2907,186,4,4862,1,251,0
2908,186,4,5415,1,111,0
2909,186,4,5444,1,101,0
2910,186,4,5331,1,121,0
2911,186,4,5211,1,172,0
2912,186,4,5421,1,96,0
2913,186,4,5269,1,143,0
2914,186,4,5278,1,139,0
2915,187,2,2185,0,1001,0
2916,187,4,4929,1,225,0
2917,187,4,4960,1,222,0
2918,187,4,5421,1,94,0
2919,187,4,5340,1,115,0
2920,187,4,5293,1,135,0
2921,187,4,5291,1,149,0
2922,187,4,4577,1,313,0
2923,187,4,5177,1,172,0
2924,187,4,5103,1,188,0
2925,187,4,4719,1,396,0
2926,187,4,5333,1,112,0
2927,187,4,5250,1,150,0
2928,187,4,4160,1,468,0
2929,187,4,5047,1,221,0
2930,188,4,3865,1,603,0
2931,188,4,5233,1,151,0
2932,188,4,5029,1,199,0
2933,188,4,5348,1,115,0
2934,188,4,5211,1,154,0
2935,188,4,5185,1,234,0
2936,188,4,5175,1,192,0
2937,188,4,5145,1,191,0
2938,188,4,5440,1,127,0
2939,188,4,5212,1,172,0
2940,188,4,4999,1,260,0
2941,188,4,5459,1,97,0
2942,188,4,4909,1,225,0
2943,188,4,4876,1,257,0
2944,188,4,4525,1,320,0
2945,189,4,5435,1,93,0
2946,189,4,4639,1,266,0
2947,189,4,5426,1,93,0
2948,189,4,5212,1,200,0
2949,189,4,5435,1,103,0
2950,189,3,3157,0,1001,0
2951,189,4,4462,1,384,0
2952,189,4,5178,1,257,0
2953,189,4,5430,1,97,0
2954,189,4,5407,1,128,0
2955,190,2,2337,0,1001,0
2956,190,3,3365,0,1001,0
2957,190,4,5323,1,123,0
2958,190,4,5308,1,113,0
2959,190,4,5289,1,129,0
2960,190,4,5446,1,91,0
2961,190,4,5374,1,143,0
2962,190,4,4950,1,215,0
2963,191,3,3452,0,1001,0
2964,191,4,5507,1,73,0
2965,191,4,5014,1,204,0
2966,191,4,5554,1,62,0
2967,191,4,5419,1,101,0
2968,191,4,5378,1,110,0
2969,191,4,5360,1,124,0
2970,191,4,5540,1,67,0
2971,191,4,5353,1,105,0
2972,191,4,5446,1,105,0
2973,191,4,5481,1,90,0
2974,191,4,5125,1,167,0
2975,191,4,5405,1,90,0
2976,191,4,5309,1,117,0
2977,191,4,5229,1,145,0
2978,191,4,4600,1,275,0
2979,191,3,3053,0,1001,0
2980,191,4,5361,1,129,0
2981,192,4,5424,1,98,0
2982,192,4,5479,1,94,0
2983,192,4,5427,1,90,0
2984,192,4,5354,1,103,0
2985,192,4,4939,1,188,0
2986,192,3,3308,0,1001,0
2987,192,2,1760,0,1001,0
2988,193,3,3117,0,1001,0
2989,193,4,4523,1,304,0
2990,193,3,3468,0,1001,0
2991,193,4,5294,1,139,0
2992,193,4,5477,1,91,0
2993,193,4,5555,1,80,0
2994,193,4,5389,1,125,0
2995,193,4,5538,1,100,0
2996,193,4,5421,1,115,0
2997,193,4,4778,1,270,0
2998,193,4,5152,1,161,0
2999,194,4,4456,1,319,0
3000,194,0,99,0,1001,1
3001,194,4,4822,1,259,0
3002,194,4,5381,1,110,0
3003,194,4,4695,1,260,0
3004,194,4,5122,1,171,0
3005,194,4,4419,1,334,0
3006,194,4,4692,1,255,0
3007,194,4,5240,1,133,0
3008,194,4,5490,1,81,0
3009,194,4,5056,1,187,0
3010,194,4,5440,1,105,0
3011,195,3,3236,0,1001,0
3012,195,4,4717,1,275,0
3013,195,4,5342,1,124,0
3014,195,4,5229,1,144,0
3015,195,4,5343,1,108,0
3016,195,4,4753,1,230,0
3017,195,4,5285,1,139,0
3018,195,4,5185,1,178,0
3019,195,4,5302,1,114,0
3020,195,4,5495,1,80,0
3021,196,3,3166,0,1001,0
3022,196,4,4997,1,182,0
3023,196,4,4944,1,216,0
3024,196,4,5186,1,177,0
3025,196,4,5276,1,129,0
3026,196,4,5257,1,133,0
3027,196,4,5345,1,138,0
3028,196,4,4954,1,207,0
3029,196,4,5295,1,127,0
3030,196,4,4969,1,183,0
3031,196,4,5134,1,183,0
3032,196,4,5519,1,75,0
3033,196,4,5387,1,138,0
3034,196,4,5443,1,105,0
3035,196,4,5419,1,102,0
3036,196,4,5261,1,168,0
3037,196,4,5423,1,98,0
3038,196,4,5357,1,132,0
3039,196,4,5465,1,94,0
3040,196,4,5302,1,156,0
3041,196,4,5459,1,94,0
3042,196,4,5452,1,97,0
3043,196,4,5475,1,84,0
3044,196,4,5325,1,107,0
3045,197,4,5537,1,71,0
3046,197,4,5373,1,107,0
3047,197,4,5358,1,114,0
3048,197,4,5317,1,136,0
3049,197,4,5151,1,208,0
3050,197,4,5365,1,145,0
3051,197,4,5291,1,114,0
3052,197,4,5017,1,205,0
3053,197,4,5283,1,147,0
3054,197,4,4915,1,222,0
3055,197,4,4915,1,209,0
3056,197,4,4789,1,230,0
3057,197,4,5268,1,134,0
3058,197,4,5351,1,137,0
3059,197,4,5037,1,228,0
3060,197,4,5254,1,145,0
3061,197,4,5301,1,138,0
3062,197,4,4745,1,309,0
3063,197,4,5414,1,99,0
3064,198,3,3435,0,1001,0
3065,198,2,2301,0,1001,0
3066,198,4,5000,1,256,0
3067,198,4,4800,1,231,0
3068,198,4,4715,1,301,0
3069,198,4,5294,1,132,0
3070,198,4,5144,1,222,0
3071,199,4,4710,1,356,0
3072,199,4,5271,1,143,0
3073,199,4,4785,1,271,0
3074,199,4,4631,1,356,0
3075,199,4,4958,1,207,0
3076,199,4,5218,1,158,0
3077,199,4,4413,1,324,0
3078,199,4,5136,1,146,0
3079,199,4,4470,1,302,0
3080,199,4,5117,1,172,0
3081,199,4,4044,1,466,0
3082,199,4,5150,1,168,0
3083,200,4,4969,1,298,0
3084,200,4,5288,1,149,0
3085,200,4,4491,1,326,0
3086,200,4,5077,1,221,0
3087,200,4,4718,1,286,0
3088,200,4,4468,1,336,0
3089,200,4,3380,1,687,0
3090,200,4,4109,1,414,0
3091,200,4,5248,1,158,0
3092,201,3,3492,0,1001,0
3093,201,4,4793,1,307,0
3094,201,4,5230,1,224,0
3095,201,4,5477,1,90,0
3096,201,4,5290,1,152,0
3097,201,4,5395,1,123,0
3098,201,4,5467,1,89,0
3099,201,4,5134,1,208,0
3100,201,2,2431,0,1001,1
3101,201,4,5257,1,154,0
3102,201,4,5238,1,159,0
3103,202,4,5296,1,147,0
3104,202,4,5237,1,136,0
3105,202,4,5285,1,160,0
3106,202,3,3109,0,1001,0
3107,202,4,5050,1,191,0
3108,202,4,5208,1,199,0
3109,202,4,5384,1,110,0
3110,202,4,5420,1,106,0
3111,202,4,5083,1,202,0
3112,202,4,4774,1,276,0
3113,202,4,5346,1,133,0
3114,202,4,5397,1,110,0
3115,202,4,4688,1,322,0
3116,203,4,4642,1,372,0
3117,203,4,5168,1,176,0
3118,203,4,5288,1,184,0
3119,203,4,5038,1,223,0
3120,203,4,5219,1,177,0
3121,203,4,4806,1,252,0
3122,203,4,4458,1,330,0
3123,203,4,5274,1,157,0
3124,203,4,4310,1,419,0
3125,203,4,5229,1,157,0
3126,203,4,4987,1,265,0
3127,203,4,5357,1,105,0
3128,203,4,5174,1,172,0
3129,203,4,5251,1,134,0
3130,204,4,4958,1,249,0
3131,204,4,5341,1,123,0
3132,204,4,5308,1,126,0
3133,204,4,5403,1,114,0
3134,204,4,4971,1,208,0
3135,204,4,5248,1,148,0
3136,204,4,5412,1,120,0
3137,204,4,5400,1,93,0
3138,204,4,5428,1,100,0
3139,204,4,5147,1,173,0
3140,204,4,5288,1,122,0
3141,204,4,4802,1,258,0
3142,204,4,5292,1,135,0
3143,204,4,5414,1,114,0
3144,204,4,5312,1,112,0
3145,204,4,5141,1,201,0
3146,204,4,5282,1,146,0
3147,205,2,2324,0,1001,0
3148,205,4,5266,1,158,0
3149,205,4,4867,1,272,0
3150,205,4,5435,1,108,0
3151,205,3,3500,0,1001,0
3152,205,4,5467,1,94,0
3153,205,3,3449,0,1001,0
3154,205,4,5163,1,186,0
3155,206,4,5100,1,182,0
3156,206,4,5248,1,161,0
3157,206,4,5158,1,199,0
3158,206,4,5259,1,179,0
3159,206,4,5376,1,124,0
3160,206,4,5385,1,115,0
3161,206,4,5388,1,111,0
3162,206,3,3391,0,1001,0
3163,206,4,5276,1,134,0
3164,206,4,4299,1,353,0
3165,207,3,3437,0,1001,0
3166,207,3,3145,0,1001,0
3167,207,4,4754,1,230,0
3168,207,4,4868,1,254,0
3169,207,4,4785,1,252,0
3170,207,4,5062,1,192,0
3171,207,4,4951,1,209,0
3172,207,4,4939,1,259,0
3173,207,4,5104,1,206,0
3174,208,4,5093,1,198,0
3175,208,4,4281,1,358,0
3176,208,3,3097,0,1001,0
3177,208,4,4473,1,324,0
3178,208,4,5325,1,125,0
3179,208,4,5269,1,142,0
3180,208,4,4379,1,362,0
3181,208,4,4957,1,271,0
3182,208,4,4332,1,340,0
3183,209,4,3762,1,521,0
3184,209,4,4991,1,205,0
3185,209,4,4010,1,499,0
3186,209,4,5316,1,128,0
3187,209,4,4719,1,286,0
3188,209,4,4790,1,329,0
3189,209,4,4640,1,331,0
3190,209,4,4599,1,347,0
3191,209,4,3653,1,499,0
3192,210,4,4551,1,269,0
3193,210,4,4920,1,230,0
3194,210,4,5476,1,75,0
3195,210,4,5242,1,126,0
3196,210,4,5101,1,173,0
3197,210,4,4728,1,256,0
3198,210,2,2043,0,1001,0
3199,210,4,5057,1,179,0
3200,210,0,98,0,1001,1
3201,211,3,3423,0,1001,0
3202,211,4,5225,1,131,0
3203,211,2,2363,0,1001,0
3204,211,4,5172,1,155,0
3205,211,4,5136,1,143,0
3206,211,4,5523,1,66,0
3207,211,4,5044,1,166,0
3208,211,4,4930,1,195,0
3209,211,4,5514,1,75,0
3210,211,4,5539,1,68,0
3211,211,4,5282,1,117,0
3212,212,4,5284,1,122,0
3213,212,4,5077,1,157,0
3214,212,4,5017,1,184,0
3215,212,4,5125,1,176,0
3216,212,4,4595,1,372,0
3217,212,4,5090,1,162,0
3218,212,4,5364,1,102,0
3219,212,4,4433,1,335,0
3220,212,4,4140,1,417,0
3221,212,4,5037,1,215,0
3222,212,4,4984,1,177,0
3223,212,4,3881,1,437,0
3224,212,4,5255,1,124,0
3225,213,4,5024,1,203,0
3226,213,4,4534,1,290,0
3227,213,4,3883,1,446,0
3228,213,4,4998,1,183,0
3229,213,4,5210,1,141,0
3230,213,4,4939,1,230,0
3231,213,4,4147,1,404,0
3232,213,4,5175,1,168,0
3233,213,4,4878,1,214,0
3234,213,4,4190,1,388,0
3235,213,4,4835,1,218,0
3236,213,4,4785,1,221,0
3237,213,4,5001,1,179,0
3238,214,4,5450,1,80,0
3239,214,4,5089,1,174,0
3240,214,3,3202,0,1001,0
3241,214,4,5368,1,107,0
3242,214,4,4644,1,267,0
3243,214,4,5134,1,145,0
3244,214,4,3692,1,504,0
3245,214,4,5228,1,140,0
3246,214,4,5305,1,128,0
3247,214,4,4444,1,326,0
3248,214,4,5238,1,124,0
3249,214,4,5575,1,58,0
3250,214,4,5448,1,95,0
3251,215,4,4926,1,226,0
3252,215,4,4576,1,348,0
3253,215,4,5277,1,130,0
3254,215,4,5412,1,90,0
3255,215,4,5061,1,217,0
3256,215,4,5421,1,86,0
3257,215,4,5507,1,74,0
3258,215,4,5264,1,114,0
3259,215,4,5422,1,111,0
3260,215,4,5441,1,85,0
3261,215,4,4820,1,211,0
3262,215,4,5238,1,168,0
3263,215,4,5464,1,105,0
3264,215,4,5561,1,71,0
3265,215,4,5336,1,166,0
3266,215,4,5464,1,92,0
3267,215,4,5237,1,154,0
3268,216,3,3452,0,1001,0
3269,216,4,5160,1,159,0
3270,216,4,4998,1,199,0
3271,216,4,5113,1,178,0
3272,216,4,5191,1,188,0
3273,216,4,5221,1,161,0
3274,216,4,5198,1,156,0
3275,216,4,4936,1,273,0
3276,216,4,5260,1,174,0
3277,216,4,5369,1,119,0
3278,216,4,5286,1,133,0
3279,216,4,5473,1,76,0
3280,216,4,5554,1,62,0
3281,216,4,5362,1,126,0
3282,216,4,5392,1,112,0
3283,216,4,5367,1,110,0
3284,216,4,5243,1,150,0
3285,217,3,3434,0,1001,0
3286,217,4,5533,1,72,0
3287,217,4,5362,1,154,0
3288,217,4,4169,1,454,0
3289,217,4,5531,1,68,0
3290,217,3,3443,0,1001,0
3291,217,4,4056,1,513,0
3292,217,4,4616,1,362,0
3293,218,4,5306,1,157,0
3294,218,4,5377,1,105,0
3295,218,3,3307,0,1001,0
3296,218,4,5288,1,150,0
3297,218,3,3411,0,1001,0
3298,219,3,3439,0,1001,0
3299,219,4,5421,1,86,0
3300,219,0,98,0,1001,1
3301,219,3,3382,0,1001,0
3302,219,4,5364,1,98,0
3303,219,4,5272,1,141,0
3304,219,4,5260,1,119,0
3305,219,4,5469,1,77,0
3306,219,4,5527,1,67,0
3307,219,4,5416,1,98,0
3308,219,4,5420,1,91,0
3309,219,4,5474,1,100,0
3310,220,4,5280,1,121,0
3311,220,4,4981,1,265,0
3312,220,3,3309,0,1001,0
3313,220,4,4990,1,186,0
3314,220,4,5126,1,161,0
3315,220,4,4839,1,242,0
3316,220,4,5083,1,179,0
3317,220,4,4783,1,226,0
3318,220,4,4956,1,183,0
3319,220,4,5088,1,158,0
3320,220,4,5399,1,104,0
3321,221,3,3257,0,1001,0
3322,221,4,4356,1,351,0
3323,221,4,3879,1,439,0
3324,221,3,3346,0,1001,0
3325,221,4,4323,1,388,0
3326,221,4,5447,1,83,0
3327,222,4,4569,1,285,0
3328,222,4,4877,1,261,0
3329,222,4,5152,1,157,0
3330,222,4,4552,1,292,0
3331,222,4,4763,1,222,0
3332,222,4,5177,1,158,0
3333,222,4,5467,1,84,0
3334,222,4,5320,1,142,0
3335,222,3,3329,0,1001,0
3336,222,4,5353,1,131,0
3337,222,4,5412,1,118,0
3338,222,4,5260,1,151,0
3339,222,4,4595,1,277,0
3340,223,4,5104,1,186,0
3341,223,4,4903,1,195,0
3342,223,4,4789,1,266,0
3343,223,4,5377,1,108,0
3344,223,4,5502,1,80,0
3345,223,4,5505,1,71,0
3346,223,4,5464,1,79,0
3347,223,4,5355,1,120,0
3348,223,4,4646,1,269,0
3349,223,4,5008,1,192,0
3350,223,4,5003,1,182,0
3351,223,4,5331,1,172,0
3352,223,4,5121,1,163,0
3353,223,3,3420,0,1001,0
3354,224,4,5001,1,185,0
3355,224,4,4702,1,251,0
3356,224,4,5319,1,156,0
3357,224,4,5313,1,135,0
3358,224,4,4677,1,268,0
3359,224,4,4338,1,330,0
3360,224,4,5067,1,204,0
3361,224,2,2012,0,1001,0
3362,224,4,4635,1,254,0
3363,224,4,5340,1,110,0
3364,224,4,4764,1,255,0
3365,225,4,5136,1,155,0
3366,225,4,4192,1,389,0
3367,225,3,3162,0,1001,0
3368,225,4,5106,1,169,0
3369,225,4,4939,1,202,0
3370,225,4,5476,1,105,0
3371,225,3,3240,0,1001,0
3372,226,3,2655,0,1001,0
3373,226,4,4551,1,279,0
3374,226,3,3147,0,1001,0
3375,226,4,4586,1,310,0
3376,226,4,4856,1,205,0
3377,226,4,5034,1,172,0
3378,226,4,4670,1,241,0
3379,227,3,2699,0,1001,0
3380,227,3,2763,0,1001,0
3381,227,3,3236,0,1001,0
3382,228,4,4856,1,215,0
3383,228,4,5288,1,142,0
3384,228,4,5189,1,146,0
3385,228,4,4839,1,227,0
3386,228,4,5216,1,158,0
3387,228,4,4594,1,322,0
3388,228,4,4905,1,225,0
3389,228,4,5103,1,150,0
3390,228,4,5218,1,147,0
3391,228,4,5120,1,209,0
3392,228,4,4743,1,254,0
3393,228,4,4866,1,298,0
3394,228,4,5230,1,161,0
3395,228,4,5303,1,126,0
3396,228,4,3928,1,483,0
3397,229,4,5255,1,130,0
3398,229,4,4538,1,276,0
3399,229,4,4360,1,327,0
3400,229,0,0,0,1001,1
3401,229,4,5230,1,205,0
3402,229,4,5317,1,123,0
3403,229,4,5205,1,155,0
3404,229,4,4466,1,299,0
3405,229,4,5075,1,184,0
3406,229,4,4717,1,242,0
3407,230,3,2717,0,1001,0
3408,230,4,5455,1,91,0
3409,230,4,4329,1,345,0
3410,230,4,5189,1,153,0
3411,230,2,2286,0,1001,0
3412,230,4,5489,1,92,0
3413,230,4,5497,1,75,0
3414,230,4,5411,1,110,0
3415,230,4,5378,1,107,0
3416,230,4,5445,1,98,0
3417,230,4,5282,1,137,0
3418,230,4,5351,1,122,0
3419,231,4,5160,1,214,0
3420,231,2,2326,0,1001,0
3421,231,4,5453,1,87,0
3422,231,4,5446,1,103,0
3423,231,4,4676,1,306,0
3424,231,4,5346,1,143,0
3425,231,3,3325,0,1001,0
3426,232,2,2389,0,1001,0
3427,232,4,4722,1,279,0
3428,232,2,2426,0,1001,0
3429,232,4,4951,1,217,0
3430,232,4,5560,1,93,0
3431,232,4,5031,1,191,0
3432,232,4,5265,1,140,0
3433,233,3,3381,0,1001,0
3434,233,4,5415,1,113,0
3435,233,4,5433,1,114,0
3436,233,4,5299,1,139,0
3437,233,4,5474,1,111,0
3438,233,4,5441,1,106,0
3439,233,4,5362,1,129,0
3440,233,4,5123,1,175,0
3441,233,4,4974,1,225,0
3442,233,4,5388,1,109,0
3443,233,4,5098,1,295,0
3444,233,4,5354,1,123,0
3445,233,4,5179,1,167,0
3446,233,4,4432,1,352,0
3447,233,4,4468,1,378,0
3448,234,4,5235,1,173,0
3449,234,4,4965,1,231,0
3450,234,4,5302,1,145,0
3451,234,3,3279,0,1001,0
3452,234,4,5222,1,159,0
3453,234,3,3553,0,1001,0
3454,234,4,4689,1,274,0
3455,234,4,4696,1,265,0
3456,235,4,5195,1,164,0
3457,235,4,5251,1,156,0
3458,235,4,4927,1,258,0
3459,235,4,5361,1,119,0
3460,235,4,5301,1,150,0
3461,235,4,5226,1,161,0
3462,235,4,4629,1,285,0
3463,235,4,5363,1,140,0
3464,235,4,4982,1,217,0
3465,235,4,5258,1,131,0
3466,235,4,4469,1,315,0
3467,235,4,4855,1,235,0
3468,235,4,3502,1,582,0
3469,236,3,2982,0,1001,0
3470,236,3,3059,0,1001,0
3471,236,4,3211,1,672,0
3472,236,4,5229,1,157,0
3473,236,4,4550,1,294,0
3474,237,3,3568,0,1001,0
3475,237,4,5400,1,108,0
3476,237,4,5391,1,106,0
3477,237,4,5204,1,187,0
3478,237,4,5302,1,130,0
3479,237,4,5254,1,160,0
3480,237,2,2365,0,1001,0
3481,238,2,2195,0,1001,0
3482,238,4,5404,1,115,0
3483,238,4,5085,1,197,0
3484,238,4,5455,1,99,0
3485,238,4,5564,1,63,0
3486,238,4,5311,1,146,0
3487,238,2,2235,0,1001,0
3488,238,4,5291,1,150,0
3489,238,4,5312,1,128,0
3490,238,4,5144,1,176,0
3491,238,4,4945,1,244,0
3492,238,4,5231,1,137,0
3493,238,4,5030,1,219,0
3494,239,4,4511,1,283,0
3495,239,4,5099,1,178,0
3496,239,4,4536,1,277,0
3497,239,4,4945,1,216,0
3498,239,4,5110,1,187,0
3499,239,4,4798,1,249,0
3500,239,0,99,0,1001,1
3501,239,4,4592,1,286,0
3502,239,4,5167,1,156,0
3503,240,2,2285,0,1001,0
3504,240,4,4794,1,231,0
3505,240,4,5177,1,147,0
3506,240,4,4631,1,304,0
3507,240,4,5080,1,177,0
3508,240,4,4821,1,220,0
3509,240,4,5206,1,157,0
3510,240,4,5061,1,166,0
3511,240,4,4832,1,235,0
3512,240,4,5017,1,183,0
3513,240,4,5190,1,146,0
3514,240,4,5371,1,109,0
3515,240,4,4651,1,289,0
3516,240,4,5000,1,189,0
3517,241,4,3818,1,465,0
3518,241,4,4837,1,239,0
3519,241,4,4927,1,217,0
3520,241,4,4785,1,243,0
3521,241,4,4797,1,238,0
3522,241,4,4479,1,356,0
3523,241,4,5373,1,107,0
3524,241,4,5195,1,153,0
3525,241,4,5332,1,123,0
3526,241,4,4418,1,352,0
3527,241,4,5040,1,177,0
3528,241,4,4298,1,403,0
3529,241,4,5315,1,134,0
3530,242,4,5164,1,217,0
3531,242,4,5390,1,114,0
3532,242,4,4605,1,290,0
3533,242,4,4883,1,247,0
3534,242,4,5197,1,170,0
3535,242,4,5333,1,133,0
3536,242,4,5300,1,129,0
3537,242,4,4759,1,346,0
3538,242,4,5185,1,164,0
3539,242,4,5105,1,158,0
3540,242,4,5034,1,185,0
3541,242,4,5358,1,114,0
3542,242,4,5172,1,163,0
3543,242,4,4560,1,286,0
3544,242,4,4779,1,241,0
3545,243,4,3910,1,463,0
3546,243,4,4816,1,233,0
3547,243,4,4426,1,319,0
3548,243,2,1889,0,1001,0
3549,243,4,5043,1,227,0
3550,243,4,5458,1,91,0
3551,243,4,5267,1,165,0
3552,243,4,4980,1,190,0
3553,243,4,4500,1,328,0
3554,243,4,5374,1,109,0
3555,243,4,5022,1,216,0
3556,244,4,5159,1,167,0
3557,244,4,5373,1,115,0
3558,244,4,5051,1,228,0
3559,244,4,4900,1,214,0
3560,244,4,5466,1,84,0
3561,244,4,5395,1,113,0
3562,244,2,2296,0,1001,0
3563,244,4,5395,1,105,0
3564,244,4,5117,1,159,0
3565,244,4,5418,1,108,0
3566,244,4,5048,1,181,0
3567,245,2,2310,0,1001,0
3568,245,4,5223,1,128,0
3569,245,4,5482,1,83,0
3570,245,4,4696,1,269,0
3571,245,4,5023,1,210,0
3572,245,4,5423,1,97,0
3573,245,4,4030,1,394,0
3574,245,4,5337,1,131,0
3575,245,4,5450,1,118,0
3576,245,3,3453,0,1001,0
3577,245,4,5102,1,221,0
3578,246,4,5017,1,176,0
3579,246,4,5392,1,110,0
3580,246,4,5351,1,114,0
3581,246,4,5022,1,198,0
3582,246,4,5288,1,131,0
3583,246,4,5178,1,161,0
3584,246,4,4850,1,216,0
3585,246,4,5042,1,174,0
3586,246,4,4157,1,365,0
3587,246,4,5317,1,113,0
3588,246,4,5307,1,112,0
3589,246,4,5456,1,103,0
3590,246,3,3029,0,1001,0
3591,246,4,4593,1,315,0
3592,247,4,5184,1,155,0
3593,247,4,5045,1,166,0
3594,247,4,5034,1,204,0
3595,247,4,5487,1,80,0
3596,247,4,5181,1,138,0
3597,247,4,4468,1,318,0
3598,247,4,4997,1,201,0
3599,247,4,5012,1,209,0
3600,247,0,99,0,1001,1
3601,247,4,5313,1,133,0
3602,247,4,5499,1,82,0
3603,247,4,5216,1,168,0
3604,247,4,5386,1,122,0
3605,248,4,4600,1,272,0
3606,248,4,4886,1,210,0
3607,248,4,5411,1,99,0
3608,248,4,4605,1,362,0
3609,248,4,4258,1,356,0
3610,248,4,5402,1,95,0
3611,248,4,5207,1,151,0
3612,248,4,4916,1,202,0
3613,248,4,5246,1,153,0
3614,248,4,4693,1,258,0
3615,248,4,5529,1,75,0
3616,248,4,5292,1,116,0
3617,248,4,5470,1,86,0
3618,248,4,4935,1,229,0
3619,248,4,3627,1,510,0
3620,248,4,5554,1,67,0
3621,248,4,5218,1,138,0
3622,249,4,4635,1,382,0
3623,249,4,5495,1,91,0
3624,249,4,5392,1,92,0
3625,249,4,5413,1,98,0
3626,249,4,4694,1,239,0
3627,249,4,5391,1,96,0
3628,249,4,5491,1,78,0
3629,249,4,5262,1,124,0
3630,249,4,5354,1,107,0
3631,249,4,5007,1,192,0
3632,249,3,3424,0,1001,0
3633,250,2,2357,0,1001,0
3634,250,4,5291,1,193,0
3635,250,4,5414,1,107,0
3636,250,4,5036,1,196,0
3637,250,3,3347,0,1001,0
3638,250,4,5492,1,103,0
3639,250,4,5549,1,88,0
3640,250,4,5258,1,145,0
3641,250,4,5438,1,115,0
3642,250,4,5390,1,132,0
3643,250,4,5105,1,190,0
3644,250,4,5029,1,176,0
3645,250,4,5511,1,93,0
3646,250,4,4722,1,250,0
3647,250,4,5562,1,82,0
3648,251,4,4322,1,370,0
3649,251,4,5339,1,140,0
3650,251,4,5566,1,82,0
3651,251,4,4912,1,439,0
3652,251,4,5363,1,145,0
3653,251,4,5041,1,208,0
3654,251,4,5517,1,96,0
3655,251,4,4866,1,246,0
3656,251,4,5198,1,189,0
3657,251,4,5010,1,194,0
3658,251,3,3245,0,1001,0
3659,252,4,5188,1,242,0
3660,252,4,5294,1,140,0
3661,252,4,5493,1,99,0
3662,252,4,5609,1,71,0
3663,252,2,2253,0,1001,0
3664,252,3,3279,0,1001,0
3665,252,4,4974,1,249,0
3666,252,4,5503,1,76,0
3667,253,4,4403,1,416,0
3668,253,4,4555,1,298,0
3669,253,4,5410,1,115,0
3670,253,4,5450,1,99,0
3671,253,4,5342,1,138,0
3672,253,4,5123,1,196,0
3673,253,4,4963,1,199,0
3674,253,4,5440,1,110,0
3675,253,4,5556,1,82,0
3676,253,4,5192,1,161,0
3677,253,4,5365,1,149,0
3678,253,4,5249,1,147,0
3679,253,4,4785,1,302,0
3680,253,4,5479,1,108,0
3681,254,3,3330,0,1001,0
3682,254,4,5561,1,80,0
3683,254,4,4552,1,296,0
3684,254,4,4266,1,351,0
3685,254,4,3881,1,519,0
3686,254,4,4733,1,269,0
3687,254,4,4762,1,265,0
3688,254,4,5062,1,165,0
3689,254,4,5113,1,174,0
3690,254,4,4594,1,280,0
3691,254,4,5301,1,123,0
3692,254,4,4897,1,199,0
3693,254,4,5384,1,99,0
3694,254,4,5381,1,102,0
3695,254,4,5314,1,130,0
3696,255,4,5252,1,132,0
3697,255,2,2120,0,1001,0
3698,255,4,5357,1,100,0
3699,255,4,5168,1,141,0
3700,255,0,99,0,1001,1
3701,255,4,4404,1,332,0
3702,255,4,4551,1,327,0
3703,255,4,5462,1,109,0
3704,256,2,1908,0,1001,0
3705,256,3,3245,0,1001,0
3706,256,3,3422,0,1001,0
3707,257,4,4335,1,339,0
3708,257,3,3033,0,1001,0
3709,257,4,4828,1,245,0
3710,257,4,5425,1,98,0
3711,257,4,5300,1,137,0
3712,257,4,4639,1,378,0
3713,257,4,4931,1,212,0
3714,257,4,5234,1,142,0
3715,257,4,5563,1,62,0
3716,257,4,5475,1,91,0
3717,257,4,5244,1,137,0
3718,257,4,4655,1,294,0
3719,258,2,2276,0,1001,0
3720,258,4,5053,1,212,0
3721,258,4,5448,1,91,0
3722,258,4,5451,1,114,0
3723,258,4,4523,1,312,0
3724,258,4,5320,1,128,0
3725,258,4,5498,1,92,0
3726,258,4,4923,1,238,0
3727,258,4,4885,1,253,0
3728,258,4,5266,1,156,0
3729,258,4,5197,1,141,0
3730,258,4,5341,1,124,0
3731,258,4,5260,1,148,0
3732,259,4,4187,1,386,0
3733,259,2,2228,0,1001,0
3734,259,4,5341,1,107,0
3735,259,4,5475,1,84,0
3736,259,4,5541,1,90,0
3737,259,4,4946,1,200,0
3738,259,4,4978,1,268,0
3739,259,4,4618,1,403,0
3740,259,4,4799,1,256,0
3741,259,4,5451,1,86,0
3742,259,4,5415,1,94,0
3743,259,4,5088,1,184,0
3744,259,4,5387,1,119,0
3745,260,4,4908,1,302,0
3746,260,4,5431,1,91,0
3747,260,4,5183,1,145,0
3748,260,4,5360,1,120,0
3749,260,4,5368,1,113,0
3750,260,4,5286,1,135,0
3751,260,4,5497,1,77,0
3752,260,3,3353,0,1001,0
3753,260,4,4637,1,410,0
3754,260,4,5401,1,98,0
3755,260,4,4966,1,264,0
3756,260,4,5381,1,108,0
3757,260,4,5016,1,189,0
3758,260,4,5142,1,167,0
3759,261,4,5050,1,170,0
3760,261,4,5465,1,97,0
3761,261,4,5408,1,96,0
3762,261,4,5534,1,68,0
3763,261,4,5429,1,101,0
3764,261,4,5535,1,73,0
3765,261,4,5184,1,150,0
3766,261,4,5330,1,126,0
3767,261,4,4961,1,300,0
3768,261,4,5357,1,117,0
3769,261,3,3539,0,1001,0
3770,261,4,5322,1,126,0
3771,261,4,5285,1,160,0
3772,261,4,5449,1,89,0
3773,261,4,5409,1,117,0
3774,261,4,5361,1,105,0
3775,261,4,5187,1,158,0
3776,262,4,4578,1,323,0
3777,262,4,5476,1,80,0
3778,262,4,5231,1,143,0
3779,262,4,5383,1,109,0
3780,262,4,5449,1,84,0
3781,262,4,4243,1,362,0
3782,262,4,4695,1,410,0
3783,262,4,4892,1,251,0
3784,262,4,5202,1,154,0
3785,262,4,5572,1,70,0
3786,262,4,5367,1,118,0
3787,262,4,5450,1,101,0
3788,262,4,5480,1,86,0
3789,262,4,5155,1,191,0
3790,262,4,5140,1,169,0
3791,262,4,5466,1,88,0
3792,262,4,5083,1,173,0
3793,262,4,5436,1,109,0
3794,262,4,5085,1,167,0
3795,263,4,4228,1,416,0
3796,263,4,5135,1,162,0
3797,263,4,5497,1,73,0
3798,263,4,5544,1,66,0
3799,263,4,5319,1,154,0
3800,263,0,0,0,1001,1
3801,263,4,5267,1,152,0
3802,263,4,4692,1,340,0
3803,263,4,5352,1,133,0
3804,263,4,5478,1,82,0
3805,263,4,5223,1,130,0
3806,263,4,5444,1,98,0
3807,264,3,3466,0,1001,0
3808,264,4,5390,1,104,0
3809,264,4,5530,1,70,0
3810,264,4,5219,1,155,0
3811,264,4,5359,1,106,0
3812,264,4,5166,1,194,0
3813,264,4,5276,1,116,0
3814,264,4,4842,1,251,0
3815,264,4,5165,1,161,0
3816,264,4,5444,1,84,0
3817,264,3,3380,0,1001,0
3818,264,4,5255,1,144,0
3819,264,4,5120,1,148,0
3820,265,4,4405,1,328,0
3821,265,4,3815,1,467,0
3822,265,4,5112,1,167,0
3823,265,4,4785,1,234,0
3824,265,4,5328,1,111,0
3825,265,4,4757,1,242,0
3826,265,4,4250,1,437,0
3827,265,2,2222,0,1001,0
3828,265,4,4888,1,221,0
3829,266,4,5064,1,179,0
3830,266,4,5134,1,151,0
3831,266,4,5287,1,160,0
3832,266,4,5125,1,192,0
3833,266,4,5031,1,236,0
3834,266,4,5188,1,181,0
3835,266,3,3390,0,1001,0
3836,266,4,5154,1,153,0
3837,267,2,2083,0,1001,0
3838,267,4,5482,1,80,0
3839,267,4,5195,1,189,0
3840,267,4,5291,1,133,0
3841,267,4,4913,1,232,0
3842,267,3,3384,0,1001,0
3843,267,4,5285,1,117,0
3844,267,4,4895,1,215,0
3845,267,4,4993,1,174,0
3846,268,2,2270,0,1001,0
3847,268,4,5505,1,91,0
3848,268,4,4310,1,331,0
3849,268,2,2208,0,1001,0
3850,268,4,5403,1,96,0
3851,268,4,4746,1,274,0
3852,268,4,4974,1,183,0
3853,268,4,5355,1,101,0
3854,268,4,5497,1,81,0
3855,268,4,5274,1,141,0
3856,268,4,5518,1,74,0
3857,269,3,3458,0,1001,0
3858,269,4,4977,1,218,0
3859,269,4,4810,1,235,0
3860,269,4,5448,1,84,0
3861,269,4,5267,1,135,0
3862,269,3,3544,0,1001,0
3863,269,4,5383,1,109,0
3864,269,2,2301,0,1001,0
3865,270,4,4973,1,259,0
3866,270,4,4535,1,363,0
3867,270,3,3170,0,1001,0
3868,270,4,5332,1,111,0
3869,270,4,5505,1,72,0
3870,270,4,4756,1,274,0
3871,270,3,3205,0,1001,0
3872,270,4,5368,1,103,0
3873,271,4,5288,1,134,0
3874,271,4,3826,1,458,0
3875,271,4,5507,1,70,0
3876,271,4,5118,1,203,0
3877,271,4,5078,1,208,0
3878,271,4,5022,1,174,0
3879,271,4,5344,1,110,0
3880,271,4,5203,1,167,0
3881,271,4,5444,1,156,0
3882,271,4,5349,1,104,0
3883,271,4,5415,1,115,0
3884,271,3,3310,0,1001,0
3885,271,4,5311,1,137,0
3886,271,4,5467,1,89,0
3887,272,4,4804,1,336,0
3888,272,4,4212,1,484,0
3889,272,4,5404,1,90,0
3890,272,4,5035,1,180,0
3891,272,4,4963,1,278,0
3892,272,4,5314,1,152,0
3893,272,3,3342,0,1001,0
3894,272,4,5145,1,164,0
3895,272,4,4964,1,216,0
3896,272,4,5280,1,121,0
3897,273,3,3224,0,1001,0
3898,273,3,3010,0,1001,0
3899,273,4,5326,1,116,0
3900,273,0,0,0,1001,1
3901,274,4,4267,1,367,0
3902,274,4,4839,1,218,0
3903,274,3,3262,0,1001,0
3904,274,4,5441,1,88,0
3905,274,4,5146,1,209,0
3906,274,4,4939,1,334,0
3907,274,4,5225,1,172,0
3908,274,4,4998,1,205,0
3909,274,4,5242,1,129,0
3910,274,4,5092,1,169,0
3911,274,4,5329,1,105,0
3912,274,4,5496,1,77,0
3913,274,4,5157,1,152,0
3914,275,3,3327,0,1001,0
3915,275,4,5408,1,122,0
3916,275,4,4820,1,244,0
3917,275,4,5437,1,91,0
3918,275,4,5346,1,108,0
3919,275,4,4937,1,208,0
3920,275,3,3506,0,1001,0
3921,275,4,4920,1,306,0
3922,275,4,5549,1,64,0
3923,275,4,5424,1,99,0
3924,276,4,5371,1,111,0
3925,276,4,4882,1,239,0
3926,276,4,5400,1,98,0
3927,276,4,4919,1,210,0
3928,276,4,5138,1,184,0
3929,276,4,3976,1,520,0
3930,276,4,5123,1,164,0
3931,276,4,4870,1,235,0
3932,276,4,5197,1,150,0
3933,276,4,5209,1,138,0
3934,276,4,5202,1,145,0
3935,276,4,4725,1,283,0
3936,277,3,3316,0,1001,0
3937,277,4,5481,1,93,0
3938,277,4,5055,1,200,0
3939,277,4,5148,1,162,0
3940,277,4,4950,1,215,0
3941,277,4,5511,1,79,0
3942,277,4,5213,1,147,0
3943,277,4,5593,1,54,0
3944,277,4,5324,1,120,0
3945,277,4,5348,1,106,0
3946,277,4,5262,1,126,0
3947,277,4,4534,1,330,0
3948,277,4,5288,1,136,0
3949,277,4,5245,1,204,0
3950,277,4,4757,1,361,0
3951,277,4,4712,1,280,0
3952,277,4,5506,1,76,0
3953,277,4,5372,1,109,0
3954,278,4,5216,1,162,0
3955,278,4,5247,1,143,0
3956,278,4,5021,1,275,0
3957,278,4,5281,1,142,0
3958,278,4,4315,1,353,0
3959,278,4,5455,1,80,0
3960,278,4,5536,1,68,0
3961,278,4,5480,1,97,0
3962,278,4,5224,1,145,0
3963,278,4,5512,1,71,0
3964,278,4,4844,1,344,0
3965,278,4,5399,1,99,0
3966,278,4,5055,1,190,0
3967,278,4,5000,1,222,0
3968,278,4,4891,1,226,0
3969,278,4,5172,1,190,0
3970,278,4,4747,1,258,0
3971,279,4,5259,1,145,0
3972,279,4,5379,1,106,0
3973,279,4,5328,1,114,0
3974,279,4,5475,1,107,0
3975,279,4,4344,1,382,0
3976,279,4,5429,1,88,0
3977,279,4,4720,1,259,0
3978,279,4,5512,1,72,0
3979,279,4,5287,1,125,0
3980,279,4,5180,1,146,0
3981,279,4,5236,1,141,0
3982,279,4,4861,1,217,0
3983,279,3,3172,0,1001,0
3984,279,4,5251,1,123,0
3985,280,4,4593,1,320,0
3986,280,4,5540,1,62,0
3987,280,4,4989,1,205,0
3988,280,4,4769,1,254,0
3989,280,4,4754,1,250,0
3990,280,4,5109,1,148,0
3991,280,4,5146,1,155,0
3992,280,4,4528,1,331,0
3993,280,4,4964,1,218,0
3994,280,4,5113,1,167,0
3995,280,4,5086,1,177,0
3996,280,4,4968,1,204,0
3997,280,4,5102,1,154,0
3998,280,4,4487,1,318,0
3999,280,4,5264,1,119,0
4000,281,0,99,0,1001,1
4001,281,4,5010,1,200,0
