1,0,2,1821,0,1001,0
2,1,3,2300,0,1001,0
3,1,0,98,0,1001,0
4,1,3,2356,0,1001,0
5,2,3,1837,0,1001,0
6,2,3,2971,0,1001,0
7,3,2,1619,0,1001,0
8,3,2,2004,0,1001,0
9,3,2,1988,0,1001,0
10,4,2,1936,0,1001,0
11,4,3,3049,0,1001,0
12,4,2,1922,0,1001,0
13,5,3,2803,0,1001,0
14,5,4,4733,1,449,0
15,5,4,3541,1,824,0
16,5,4,5371,1,120,0
17,5,4,3899,1,641,0
18,5,4,4504,1,470,0
19,6,2,1680,0,1001,0
20,6,2,2371,0,1001,0
21,6,2,2368,0,1001,0
22,7,2,2225,0,1001,0
23,7,2,2093,0,1001,0
24,7,4,3891,1,645,0
25,7,4,3977,1,566,0
26,8,4,3782,1,631,0
27,8,4,5033,1,258,0
28,8,4,4893,1,352,0
29,8,2,2311,0,1001,0
30,8,4,3869,1,715,0
31,8,4,5170,1,210,0
32,9,4,3957,1,610,0
33,9,4,4874,1,311,0
34,9,4,5060,1,248,0
35,9,2,2323,0,1001,0
36,9,4,5094,1,226,0
37,9,4,5382,1,124,0
38,9,2,2300,0,1001,0
39,9,4,5587,1,64,0
40,10,4,4613,1,412,0
41,10,4,4294,1,474,0
42,10,4,4543,1,398,0
43,10,4,4959,1,241,0
44,10,2,2191,0,1001,0
45,10,4,4625,1,373,0
46,10,4,4900,1,296,0
47,11,2,2288,0,1001,0
48,11,4,5163,1,273,0
49,11,4,4338,1,455,0
50,11,4,5235,1,172,0
51,11,4,4667,1,326,0
52,11,4,4406,1,458,0
53,11,4,4947,1,297,0
54,11,4,5261,1,146,0
55,12,4,4525,1,433,0
56,12,4,4951,1,222,0
57,12,4,4497,1,574,0
58,12,4,5140,1,264,0
59,12,4,4690,1,294,0
60,12,4,4743,1,300,0
61,12,4,5022,1,281,0
62,12,4,5095,1,222,0
63,12,4,5050,1,189,0
64,13,4,3511,1,888,0
65,13,4,4655,1,324,0
66,13,4,5004,1,241,0
67,13,2,2223,0,1001,0
68,13,3,3202,0,1001,0
69,14,4,4573,1,499,0
70,14,4,4430,1,736,0
71,14,4,4185,1,587,0
72,14,2,2030,0,1001,0
73,15,2,2339,0,1001,0
74,15,4,5126,1,284,0
75,15,3,2884,0,1001,0
76,15,4,5103,1,181,0
77,15,4,5410,1,106,0
78,15,4,5302,1,122,0
79,15,4,4410,1,300,0
80,15,4,4897,1,211,0
81,15,4,5403,1,110,0
82,15,4,5263,1,140,0
83,16,2,2261,0,1001,0
84,16,3,3181,0,1001,0
85,16,4,4814,1,257,0
86,16,4,5457,1,97,0
87,16,4,5245,1,168,0
88,17,3,2719,0,1001,0
89,17,4,5199,1,143,0
90,17,2,2286,0,1001,0
91,17,4,5532,1,80,0
92,17,4,5508,1,76,0
93,17,2,2026,0,1001,0
94,17,4,5313,1,133,0
95,17,4,5546,1,75,0
96,17,4,5287,1,134,0
97,17,4,4957,1,179,0
98,18,4,4953,1,198,0
99,18,4,5050,1,167,0
100,18,0,0,0,1001,1
101,18,4,4748,1,242,0
102,18,4,5452,1,86,0
103,18,3,2694,0,1001,0
104,18,4,5524,1,79,0
105,18,4,5291,1,158,0
106,18,4,5510,1,74,0
107,18,4,5444,1,124,0
108,19,4,5525,1,79,0
109,19,4,5488,1,90,0
110,19,4,5570,1,67,0
111,19,4,5355,1,113,0
112,19,4,5514,1,83,0
113,19,4,5240,1,129,0
114,19,4,4850,1,230,0
115,19,4,5423,1,112,0
116,19,4,5563,1,76,0
117,19,4,4354,1,331,0
118,19,4,5468,1,81,0
119,19,4,5109,1,187,0
120,19,4,4189,1,502,0
121,19,4,5445,1,91,0
122,19,4,5117,1,226,0
123,19,4,5396,1,105,0
124,19,4,5227,1,138,0
125,19,4,5447,1,92,0
126,19,4,5105,1,155,0
127,20,3,3284,0,1001,0
128,20,4,5142,1,185,0
129,20,2,2218,0,1001,0
130,20,4,5361,1,132,0
131,20,3,2907,0,1001,0
132,20,4,5383,1,102,0
133,21,2,2079,0,1001,0
134,21,4,4982,1,220,0
135,21,4,5354,1,133,0
136,21,4,5447,1,95,0
137,21,4,5394,1,116,0
138,21,2,2182,0,1001,0
139,21,4,5426,1,100,0
140,21,4,5496,1,81,0
141,21,4,5228,1,164,0
142,22,3,3085,0,1001,0
143,22,2,2184,0,1001,0
144,22,4,5087,1,211,0
145,22,3,3447,0,1001,0
146,22,4,5528,1,77,0
147,23,4,5367,1,119,0
148,23,3,2895,0,1001,0
149,23,2,2346,0,1001,0
150,23,4,5324,1,109,0
151,23,4,5116,1,169,0
152,23,4,4980,1,251,0
153,23,4,5436,1,96,0
154,23,4,5445,1,97,0
155,23,4,5297,1,117,0
156,23,4,5475,1,99,0
157,24,4,5415,1,105,0
158,24,4,5563,1,71,0
159,24,4,5531,1,78,0
160,24,4,5521,1,83,0
161,24,4,5501,1,88,0
162,24,4,5501,1,90,0
163,24,4,5359,1,127,0
164,24,4,5428,1,99,0
165,24,4,5489,1,95,0
166,24,4,5533,1,83,0
167,24,4,5541,1,72,0
168,24,4,5576,1,67,0
169,24,2,2226,0,1001,0
170,24,4,5326,1,113,0
171,24,2,2336,0,1001,0
172,25,4,4971,1,215,0
173,25,4,5478,1,88,0
174,25,4,5525,1,76,0
175,25,4,5416,1,104,0
176,25,4,5417,1,119,0
177,25,4,5371,1,110,0
178,25,4,5318,1,118,0
179,25,4,5279,1,119,0
180,25,4,5429,1,105,0
181,25,4,5460,1,106,0
182,25,4,5396,1,92,0
183,25,4,5428,1,93,0
184,25,4,5466,1,90,0
185,25,4,5508,1,81,0
186,25,4,5467,1,90,0
187,25,4,5483,1,75,0
188,25,4,5169,1,149,0
189,25,4,5505,1,71,0
190,25,4,5436,1,90,0
191,25,4,4776,1,313,0
192,25,4,5512,1,73,0
193,25,4,5192,1,212,0
194,25,4,5422,1,95,0
195,25,4,5378,1,130,0
196,25,4,5586,1,65,0
197,25,4,5480,1,93,0
198,25,4,5496,1,85,0
199,25,4,5226,1,137,0
200,26,0,0,0,1001,1
201,26,4,5487,1,88,0
202,26,4,5284,1,123,0
203,26,4,5376,1,118,0
204,26,4,5338,1,119,0
205,26,4,5254,1,170,0
206,26,4,5512,1,84,0
207,26,4,5460,1,122,0
208,26,4,5511,1,87,0
209,26,4,5311,1,153,0
210,26,4,5461,1,92,0
211,26,4,5191,1,180,0
212,26,4,5161,1,183,0
213,26,4,5399,1,125,0
214,26,4,5437,1,109,0
215,26,4,5241,1,166,0
216,26,4,5303,1,142,0
217,27,4,5551,1,66,0
218,27,4,5329,1,125,0
219,27,4,5442,1,94,0
220,27,4,5343,1,119,0
221,27,4,5009,1,248,0
222,27,4,5515,1,81,0
223,27,4,4718,1,329,0
224,27,4,5215,1,202,0
225,27,4,5309,1,137,0
226,27,4,5548,1,74,0
227,27,4,5392,1,144,0
228,27,4,5521,1,78,0
229,27,4,5320,1,119,0
230,27,4,5251,1,187,0
231,27,4,5361,1,127,0
232,27,4,5207,1,163,0
233,27,4,5456,1,101,0
234,27,4,5511,1,76,0
235,27,4,5357,1,108,0
236,27,4,5426,1,141,0
237,27,4,5500,1,88,0
238,27,4,5546,1,67,0
239,27,4,5317,1,175,0
240,27,4,5495,1,88,0
241,28,4,5540,1,73,0
242,28,4,5523,1,71,0
243,28,4,5261,1,184,0
244,28,4,5311,1,134,0
245,28,4,5545,1,63,0
246,28,2,2301,0,1001,0
247,28,4,5185,1,135,0
248,28,4,5385,1,138,0
249,28,4,5181,1,239,0
250,28,4,5392,1,108,0
251,28,4,5535,1,79,0
252,28,4,5446,1,125,0
253,28,4,5534,1,91,0
254,28,4,5432,1,123,0
255,28,4,5458,1,100,0
256,28,4,5452,1,99,0
257,28,4,5515,1,81,0
258,28,4,5419,1,103,0
259,29,4,5205,1,193,0
260,29,4,5476,1,96,0
261,29,4,5412,1,99,0
262,29,4,5436,1,138,0
263,29,4,5571,1,68,0
264,29,4,5156,1,159,0
265,29,4,5511,1,86,0
266,29,4,5389,1,121,0
267,29,4,4965,1,264,0
268,29,4,5362,1,125,0
269,29,4,5377,1,105,0
270,29,4,5274,1,153,0
271,29,4,5544,1,77,0
272,29,4,5598,1,60,0
273,29,4,5193,1,142,0
274,29,4,5365,1,109,0
275,29,4,5528,1,85,0
276,29,4,5393,1,124,0
277,29,4,5315,1,137,0
278,29,4,5466,1,106,0
279,29,4,5229,1,156,0
280,29,4,5510,1,86,0
281,30,4,5261,1,185,0
282,30,4,5547,1,82,0
283,30,4,5533,1,82,0
284,30,4,5513,1,97,0
285,30,4,5167,1,143,0
286,30,4,5314,1,115,0
287,30,4,5252,1,156,0
288,30,4,5126,1,148,0
289,30,4,5400,1,108,0
290,30,4,5460,1,121,0
291,30,4,5399,1,101,0
292,30,4,5395,1,108,0
293,30,4,5504,1,85,0
294,30,4,5343,1,124,0
295,30,4,5353,1,115,0
296,30,4,5388,1,130,0
297,30,4,5277,1,147,0
298,30,4,5371,1,128,0
299,30,4,5549,1,69,0
300,31,0,0,0,1001,1
301,31,4,5275,1,131,0
302,31,4,5456,1,116,0
303,31,4,5483,1,81,0
304,31,4,5409,1,126,0
305,31,4,5414,1,116,0
306,31,4,5393,1,119,0
307,31,4,5330,1,107,0
308,31,2,2333,0,1001,0
309,31,4,5146,1,146,0
310,31,4,5293,1,162,0
311,31,4,5400,1,122,0
312,31,4,5395,1,100,0
313,31,4,5551,1,76,0
314,31,4,5503,1,84,0
315,31,4,5358,1,107,0
316,31,4,5105,1,179,0
317,32,2,2228,0,1001,0
318,32,4,5216,1,157,0
319,32,4,5224,1,142,0
320,32,4,5148,1,181,0
321,32,4,4989,1,235,0
322,32,4,5528,1,75,0
323,32,4,5405,1,127,0
324,32,4,5436,1,98,0
325,32,4,3303,1,804,0
326,32,4,5160,1,169,0
327,32,4,5405,1,101,0
328,32,4,5317,1,144,0
329,33,4,5252,1,150,0
330,33,4,5402,1,113,0
331,33,4,5490,1,91,0
332,33,4,5344,1,146,0
333,33,4,5494,1,80,0
334,33,4,5462,1,91,0
335,33,4,5447,1,104,0
336,33,4,5196,1,159,0
337,33,4,5543,1,67,0
338,33,4,5343,1,174,0
339,33,4,5462,1,103,0
340,33,4,5021,1,234,0
341,33,4,5433,1,111,0
342,33,3,2804,0,1001,0
343,33,4,5383,1,120,0
344,33,4,5411,1,122,0
345,33,4,5012,1,247,0
346,34,4,5360,1,132,0
347,34,4,4958,1,270,0
348,34,4,5289,1,189,0
349,34,4,4862,1,251,0
350,34,4,5189,1,173,0
351,34,4,5298,1,181,0
352,34,4,4483,1,420,0
353,34,4,5565,1,67,0
354,34,4,5463,1,127,0
355,34,4,5316,1,138,0
356,34,4,5153,1,164,0
357,34,4,5402,1,101,0
358,34,4,5291,1,138,0
359,34,4,4777,1,367,0
360,34,4,5355,1,120,0
361,34,4,5105,1,203,0
362,35,4,4779,1,297,0
363,35,4,4675,1,326,0
364,35,4,5295,1,133,0
365,35,4,5065,1,259,0
366,35,4,5230,1,152,0
367,35,4,5139,1,199,0
368,35,4,5321,1,140,0
369,35,4,5358,1,152,0
370,35,4,5450,1,131,0
371,35,4,5308,1,169,0
372,35,4,5408,1,138,0
373,35,4,5290,1,178,0
374,35,4,5300,1,132,0
375,35,4,5098,1,222,0
376,35,4,5202,1,217,0
377,35,4,5501,1,94,0
378,35,4,5228,1,129,0
379,36,4,5331,1,137,0
380,36,4,5441,1,109,0
381,36,4,4999,1,255,0
382,36,4,5448,1,94,0
383,36,4,4913,1,243,0
384,36,4,4489,1,462,0
385,36,4,5042,1,275,0
386,36,4,5314,1,137,0
387,36,4,5459,1,96,0
388,36,4,5001,1,268,0
389,36,4,5376,1,106,0
390,36,4,5480,1,85,0
391,36,4,5478,1,108,0
392,36,4,5469,1,99,0
393,36,4,4131,1,464,0
394,36,4,5341,1,106,0
395,36,4,5588,1,63,0
396,37,4,5439,1,120,0
397,37,4,5043,1,204,0
398,37,4,5542,1,67,0
399,37,4,5534,1,69,0
400,37,0,0,0,1001,1
401,37,4,5381,1,101,0
402,37,4,5415,1,96,0
403,37,4,5564,1,63,0
404,37,4,5379,1,101,0
405,37,2,2204,0,1001,0
406,37,4,4815,1,207,0
407,37,4,5346,1,112,0
408,38,4,5340,1,112,0
409,38,4,5516,1,73,0
410,38,4,5544,1,67,0
411,38,4,5569,1,62,0
412,38,4,5473,1,82,0
413,38,4,5615,1,54,0
414,38,4,5328,1,113,0
415,38,4,5434,1,88,0
416,38,4,5515,1,76,0
417,38,4,5188,1,147,0
418,38,4,5290,1,133,0
419,38,4,5466,1,93,0
420,38,4,5537,1,65,0
421,38,4,5018,1,190,0
422,38,4,5205,1,128,0
423,38,4,5417,1,92,0
424,38,4,5555,1,65,0
425,38,4,5549,1,64,0
426,38,4,5452,1,94,0
427,38,4,5519,1,74,0
428,38,4,5509,1,79,0
429,38,4,5485,1,76,0
430,38,4,5547,1,64,0
431,38,4,5469,1,92,0
432,38,4,5589,1,56,0
433,38,4,5559,1,68,0
434,38,4,5461,1,86,0
435,38,4,5482,1,78,0
436,38,4,5499,1,76,0
437,38,4,5373,1,97,0
438,38,4,5204,1,140,0
439,38,4,5448,1,88,0
440,38,4,5523,1,74,0
441,38,4,5521,1,75,0
442,38,4,5164,1,135,0
443,39,4,5267,1,151,0
444,39,4,5237,1,128,0
445,39,4,5450,1,83,0
446,39,4,5430,1,99,0
447,39,4,5538,1,78,0
448,39,4,5105,1,180,0
449,39,4,5491,1,79,0
450,39,4,5544,1,66,0
451,39,4,5404,1,102,0
452,39,4,5453,1,82,0
453,39,4,5467,1,83,0
454,39,4,5272,1,131,0
455,39,4,5487,1,82,0
456,39,4,5520,1,77,0
457,39,4,4837,1,287,0
458,39,4,5548,1,74,0
459,39,4,5466,1,85,0
460,39,4,5598,1,60,0
461,39,2,2087,0,1001,0
462,40,3,3484,0,1001,0
463,40,4,5482,1,82,0
464,40,4,5539,1,74,0
465,40,4,5616,1,53,0
466,40,4,5587,1,69,0
467,40,4,5533,1,79,0
468,40,4,5505,1,88,0
469,40,4,5465,1,97,0
470,40,4,5531,1,84,0
471,40,4,5585,1,67,0
472,40,2,2275,0,1001,0
473,40,4,5433,1,99,0
474,40,4,5459,1,97,0
475,40,4,5549,1,67,0
476,40,4,5596,1,62,0
477,40,4,5571,1,69,0
478,40,4,5585,1,61,0
479,40,4,5593,1,58,0
480,41,3,3436,0,1001,0
481,41,4,5235,1,177,0
482,41,4,5566,1,70,0
483,41,2,2354,0,1001,0
484,41,4,5262,1,154,0
485,41,4,5585,1,65,0
486,41,4,5542,1,79,0
487,41,4,5386,1,133,0
488,41,4,5387,1,119,0
489,41,4,4710,1,236,0
490,41,4,5577,1,65,0
491,42,3,3503,0,1001,0
492,42,4,5587,1,65,0
493,42,4,5636,1,47,0
494,42,4,5566,1,69,0
495,42,4,5417,1,128,0
496,42,3,3521,0,1001,0
497,42,4,5463,1,85,0
498,42,4,5463,1,101,0
499,42,4,5188,1,137,0
500,42,4,5630,1,49,1
501,42,4,5460,1,98,0
502,42,4,5538,1,74,0
503,42,4,5367,1,99,0
504,42,4,5558,1,70,0
505,42,4,5565,1,66,0
506,42,4,5575,1,64,0
507,42,4,5387,1,103,0
508,43,4,4891,1,235,0
509,43,4,5587,1,75,0
510,43,4,5451,1,99,0
511,43,4,5562,1,68,0
512,43,4,5535,1,96,0
513,43,4,5613,1,53,0
514,43,4,5007,1,245,0
515,43,4,5548,1,87,0
516,43,4,5564,1,75,0
517,43,4,5500,1,102,0
518,43,4,5563,1,63,0
519,43,4,5496,1,88,0
520,43,4,5603,1,58,0
521,43,2,2243,0,1001,0
522,43,4,5484,1,114,0
523,43,4,5586,1,62,0
524,43,4,5583,1,61,0
525,43,4,5134,1,214,0
526,43,4,5482,1,114,0
527,43,4,5412,1,149,0
528,44,2,2317,0,1001,0
529,44,4,5547,1,83,0
530,44,4,5482,1,111,0
531,44,4,5486,1,94,0
532,44,4,5317,1,129,0
533,44,4,5485,1,113,0
534,44,3,3508,0,1001,0
535,44,4,5533,1,85,0
536,44,4,5318,1,151,0
537,44,4,5102,1,178,0
538,44,4,5348,1,120,0
539,45,4,5154,1,188,0
540,45,4,5589,1,62,0
541,45,4,5620,1,53,0
542,45,4,5452,1,111,0
543,45,4,5495,1,88,0
544,45,4,5605,1,54,0
545,45,4,5506,1,87,0
546,45,4,5600,1,54,0
547,45,4,5447,1,106,0
548,45,4,5434,1,109,0
549,45,4,5362,1,147,0
550,45,4,5394,1,119,0
551,45,4,5535,1,92,0
552,45,4,4524,1,322,0
553,45,4,5460,1,107,0
554,45,4,5406,1,148,0
555,45,4,5426,1,111,0
556,45,4,5020,1,215,0
557,45,4,5393,1,153,0
558,45,4,5548,1,77,0
559,45,4,5607,1,57,0
560,46,2,2364,0,1001,0
561,46,4,5254,1,145,0
562,46,4,4670,1,299,0
563,46,4,5154,1,178,0
564,46,4,5552,1,73,0
565,46,4,5471,1,95,0
566,46,4,5507,1,88,0
567,46,4,5546,1,70,0
568,46,4,4556,1,339,0
569,46,4,5540,1,78,0
570,46,4,5505,1,93,0
571,46,4,5570,1,66,0
572,46,4,5586,1,61,0
573,46,4,5333,1,134,0
574,46,4,5502,1,83,0
575,46,4,5465,1,104,0
576,46,4,5431,1,133,0
577,46,4,5495,1,90,0
578,47,2,2283,0,1001,0
579,47,4,5452,1,108,0
580,47,4,5302,1,150,0
581,47,3,3488,0,1001,0
582,47,4,5523,1,94,0
583,47,4,5574,1,61,0
584,47,4,5555,1,73,0
585,47,4,5559,1,67,0
586,47,4,5214,1,183,0
587,47,4,5521,1,85,0
588,47,4,5554,1,74,0
589,47,4,5443,1,94,0
590,48,3,3325,0,1001,0
591,48,4,5018,1,209,0
592,48,4,5181,1,192,0
593,48,4,5316,1,191,0
594,48,4,5347,1,177,0
595,48,4,5453,1,103,0
596,48,4,5585,1,64,0
597,48,4,5267,1,202,0
598,48,4,5401,1,122,0
599,48,4,5385,1,106,0
600,48,2,2468,0,1001,1
601,48,4,5116,1,165,0
602,49,2,2371,0,1001,0
603,49,4,5474,1,100,0
604,49,3,3428,0,1001,0
605,49,4,5026,1,192,0
606,49,4,5481,1,100,0
607,49,4,5284,1,164,0
608,49,4,5341,1,190,0
609,49,4,5286,1,137,0
610,49,4,5523,1,83,0
611,49,4,5437,1,99,0
612,49,4,5369,1,116,0
613,49,4,5564,1,70,0
614,50,4,5150,1,184,0
615,50,4,5454,1,99,0
616,50,4,5393,1,113,0
617,50,4,5565,1,65,0
618,50,4,5287,1,165,0
619,50,4,5492,1,92,0
620,50,4,5325,1,153,0
621,50,4,5538,1,76,0
622,50,4,5545,1,73,0
623,50,4,5414,1,145,0
624,50,4,5471,1,104,0
625,50,4,5519,1,93,0
626,50,4,5527,1,87,0
627,50,4,5483,1,94,0
628,50,4,5240,1,187,0
629,50,4,5114,1,214,0
630,50,4,5568,1,76,0
631,50,4,5423,1,127,0
632,50,4,5535,1,81,0
633,50,4,5144,1,166,0
634,50,4,5248,1,154,0
635,50,4,4701,1,314,0
636,50,4,5306,1,145,0
637,50,4,5500,1,80,0
638,50,4,5421,1,94,0
639,51,4,5151,1,168,0
640,51,4,5489,1,82,0
641,51,4,5398,1,107,0
642,51,4,5329,1,124,0
643,51,4,5358,1,123,0
644,51,4,5281,1,149,0
645,51,4,5337,1,155,0
646,51,4,5332,1,135,0
647,51,4,5283,1,144,0
648,51,4,5397,1,121,0
649,51,4,5446,1,109,0
650,51,4,4999,1,252,0
651,51,4,5514,1,88,0
652,51,4,5208,1,164,0
653,51,4,5368,1,120,0
654,51,4,5188,1,251,0
655,51,4,5389,1,141,0
656,51,4,5381,1,133,0
657,51,4,5131,1,220,0
658,52,4,4810,1,420,0
659,52,4,5388,1,102,0
660,52,4,5502,1,89,0
661,52,4,5470,1,97,0
662,52,4,5293,1,121,0
663,52,4,5228,1,183,0
664,52,4,5562,1,65,0
665,52,4,5499,1,96,0
666,52,4,5202,1,161,0
667,52,4,5067,1,200,0
668,52,4,5225,1,164,0
669,52,4,4917,1,191,0
670,52,4,5179,1,175,0
671,52,4,4879,1,212,0
672,52,4,4664,1,411,0
673,52,4,4837,1,272,0
674,52,4,5372,1,128,0
675,52,4,5100,1,174,0
676,52,4,5103,1,192,0
677,52,4,5494,1,83,0
678,53,4,5375,1,109,0
679,53,4,5332,1,148,0
680,53,4,5340,1,121,0
681,53,4,5509,1,75,0
682,53,4,5403,1,110,0
683,53,4,5321,1,110,0
684,53,4,5464,1,98,0
685,53,4,5259,1,116,0
686,53,4,5320,1,150,0
687,53,4,4223,1,417,0
688,53,4,5138,1,181,0
689,53,4,5317,1,134,0
690,53,4,5187,1,196,0
691,53,4,5487,1,84,0
692,53,4,5429,1,104,0
693,53,4,5313,1,160,0
694,53,4,5119,1,208,0
695,53,4,4981,1,214,0
696,53,4,5208,1,135,0
697,53,4,5335,1,138,0
698,54,4,5440,1,93,0
699,54,4,4986,1,231,0
700,54,0,99,0,1001,1
701,54,4,5014,1,208,0
702,54,4,5408,1,113,0
703,54,4,5176,1,168,0
704,54,4,5459,1,125,0
705,54,4,5459,1,115,0
706,54,4,5443,1,109,0
707,54,4,5483,1,83,0
708,54,4,5263,1,168,0
709,54,4,4846,1,260,0
710,54,4,5358,1,108,0
711,54,4,5189,1,193,0
712,54,4,5265,1,128,0
713,55,2,2357,0,1001,0
714,55,4,5187,1,252,0
715,55,4,5169,1,166,0
716,55,4,5340,1,116,0
717,55,4,5291,1,158,0
718,55,4,5467,1,82,0
719,55,4,5490,1,91,0
720,55,4,5313,1,162,0
721,55,4,5422,1,107,0
722,55,4,5485,1,80,0
723,55,4,4926,1,224,0
724,55,4,5519,1,72,0
725,55,4,5474,1,84,0
726,55,4,5486,1,87,0
727,55,4,5293,1,157,0
728,55,4,5477,1,91,0
729,55,4,5536,1,76,0
730,56,4,5295,1,150,0
731,56,4,5425,1,102,0
732,56,4,5367,1,99,0
733,56,4,5308,1,141,0
734,56,4,5005,1,252,0
735,56,4,5070,1,192,0
736,56,4,5425,1,102,0
737,56,4,5352,1,115,0
738,56,4,5284,1,131,0
739,56,4,5416,1,105,0
740,56,4,5384,1,110,0
741,56,4,5277,1,137,0
742,56,4,4912,1,201,0
743,56,4,5467,1,112,0
744,56,4,5084,1,202,0
745,57,2,2287,0,1001,0
746,57,4,5228,1,153,0
747,57,4,4877,1,303,0
748,57,4,5299,1,146,0
749,57,4,5132,1,227,0
750,57,4,5296,1,143,0
751,57,4,4936,1,205,0
752,57,4,4866,1,219,0
753,57,4,5385,1,113,0
754,57,4,5083,1,169,0
755,57,4,4835,1,283,0
756,57,4,5277,1,173,0
757,57,4,5237,1,150,0
758,57,4,5183,1,147,0
759,57,4,4738,1,278,0
760,57,4,5370,1,107,0
761,58,4,5247,1,146,0
762,58,4,5415,1,102,0
763,58,4,5266,1,117,0
764,58,4,5313,1,140,0
765,58,4,5562,1,67,0
766,58,4,5473,1,80,0
767,58,4,5079,1,168,0
768,58,4,5405,1,97,0
769,58,4,5359,1,108,0
770,58,4,5348,1,131,0
771,58,4,5329,1,105,0
772,58,4,5548,1,67,0
773,58,4,4316,1,516,0
774,58,4,5231,1,156,0
775,58,4,4584,1,277,0
776,58,4,4181,1,409,0
777,58,4,5265,1,126,0
778,58,4,5494,1,85,0
779,58,4,5412,1,103,0
780,58,4,5330,1,143,0
781,59,4,5358,1,124,0
782,59,4,5260,1,160,0
783,59,4,5185,1,161,0
784,59,4,5199,1,155,0
785,59,4,5491,1,84,0
786,59,4,5340,1,137,0
787,59,4,5299,1,144,0
788,59,4,5367,1,135,0
789,59,4,4468,1,457,0
790,59,4,5279,1,140,0
791,59,4,4488,1,327,0
792,59,4,5439,1,93,0
793,59,4,5566,1,60,0
794,59,4,5445,1,118,0
795,59,4,5348,1,111,0
796,59,4,5530,1,81,0
797,59,4,5474,1,93,0
798,59,4,5299,1,187,0
799,59,4,5269,1,187,0
800,60,2,2459,0,1001,1
801,60,4,5202,1,211,0
802,60,4,5107,1,228,0
803,60,4,5387,1,121,0
804,60,4,5405,1,115,0
805,60,4,5473,1,93,0
806,60,4,5538,1,66,0
807,60,4,5557,1,63,0
808,60,4,5456,1,102,0
809,60,4,5537,1,72,0
810,60,4,5403,1,113,0
811,60,4,5320,1,132,0
812,60,4,5414,1,130,0
813,60,4,5227,1,152,0
814,60,4,4969,1,229,0
815,60,4,5380,1,114,0
816,60,4,5519,1,78,0
817,60,4,5407,1,98,0
818,60,4,5382,1,156,0
819,61,2,2355,0,1001,0
820,61,4,5367,1,137,0
821,61,4,5323,1,130,0
822,61,4,5382,1,110,0
823,61,4,5111,1,153,0
824,61,4,5196,1,135,0
825,61,4,5104,1,187,0
826,61,4,4909,1,216,0
827,61,4,5309,1,128,0
828,61,4,5221,1,143,0
829,61,4,5444,1,102,0
830,61,4,5301,1,127,0
831,61,4,5249,1,143,0
832,61,4,4964,1,249,0
833,61,4,5359,1,111,0
834,62,4,5136,1,169,0
835,62,4,4983,1,189,0
836,62,4,5170,1,178,0
837,62,4,4922,1,263,0
838,62,4,5024,1,219,0
839,62,4,5030,1,223,0
840,62,4,5161,1,163,0
841,62,4,5357,1,113,0
842,62,4,5184,1,151,0
843,62,4,4735,1,294,0
844,62,4,5071,1,182,0
845,62,4,5272,1,153,0
846,63,2,2117,0,1001,0
847,63,2,2173,0,1001,0
848,63,4,4498,1,300,0
849,63,4,5401,1,104,0
850,63,4,5532,1,74,0
851,63,4,5273,1,141,0
852,63,4,5464,1,97,0
853,63,4,5281,1,179,0
854,63,4,5344,1,114,0
855,63,4,5187,1,152,0
856,63,4,5238,1,135,0
857,63,4,5275,1,131,0
858,63,4,5457,1,85,0
859,63,4,5415,1,114,0
860,63,4,5318,1,138,0
861,63,4,5418,1,102,0
862,64,4,5474,1,86,0
863,64,4,5329,1,127,0
864,64,4,5172,1,175,0
865,64,4,5295,1,117,0
866,64,4,4964,1,199,0
867,64,4,5226,1,149,0
868,64,2,2331,0,1001,0
869,64,4,5403,1,106,0
870,64,2,2331,0,1001,0
871,64,4,5468,1,79,0
872,65,4,5414,1,97,0
873,65,4,3691,1,897,0
874,65,4,5391,1,104,0
875,65,4,5497,1,85,0
876,65,4,5026,1,240,0
877,65,4,5392,1,138,0
878,65,4,5456,1,89,0
879,65,4,5426,1,88,0
880,65,4,5480,1,91,0
881,65,4,5512,1,74,0
882,65,4,5283,1,130,0
883,65,4,5316,1,117,0
884,65,4,5544,1,69,0
885,65,4,5224,1,167,0
886,65,4,5343,1,113,0
887,65,4,4868,1,315,0
888,65,4,5425,1,122,0
889,65,4,5564,1,74,0
890,66,4,5362,1,127,0
891,66,4,5148,1,152,0
892,66,4,5466,1,91,0
893,66,4,5429,1,106,0
894,66,4,5566,1,62,0
895,66,2,2329,0,1001,0
896,66,4,5304,1,151,0
897,66,4,5476,1,91,0
898,66,4,5416,1,112,0
899,66,4,5165,1,217,0
900,66,0,99,0,1001,1
901,67,4,5378,1,104,0
902,67,4,5345,1,108,0
903,67,3,2358,0,1001,0
904,67,4,5378,1,114,0
905,67,4,4825,1,252,0
906,67,4,5304,1,140,0
907,67,4,5030,1,219,0
908,67,4,5251,1,134,0
909,67,4,5214,1,164,0
910,67,4,5358,1,129,0
911,67,4,5281,1,125,0
912,67,4,5354,1,130,0
913,67,4,5137,1,192,0
914,67,4,5449,1,85,0
915,67,4,5305,1,115,0
916,67,4,5438,1,96,0
917,68,4,5046,1,206,0
918,68,4,5414,1,105,0
919,68,4,5350,1,113,0
920,68,4,5138,1,214,0
921,68,4,5429,1,96,0
922,68,4,5055,1,201,0
923,68,4,5271,1,154,0
924,68,4,5340,1,143,0
925,68,4,5021,1,198,0
926,68,4,4893,1,243,0
927,68,4,5436,1,87,0
928,68,4,5195,1,149,0
929,68,4,5062,1,192,0
930,68,4,4396,1,332,0
931,68,4,5129,1,211,0
932,68,4,5060,1,218,0
933,69,4,5144,1,234,0
934,69,4,5530,1,65,0
935,69,4,5315,1,170,0
936,69,4,5211,1,196,0
937,69,4,5494,1,78,0
938,69,4,4729,1,371,0
939,69,4,5275,1,175,0
940,69,4,4959,1,265,0
941,69,4,5139,1,233,0
942,69,4,5100,1,163,0
943,69,4,5203,1,155,0
944,69,4,5125,1,248,0
945,69,4,5550,1,67,0
946,69,4,5273,1,160,0
947,69,4,5426,1,107,0
948,69,4,5229,1,175,0
949,69,4,5239,1,134,0
950,69,4,5060,1,186,0
951,70,4,4977,1,247,0
952,70,4,5424,1,108,0
953,70,4,5229,1,127,0
954,70,4,5208,1,130,0
955,70,4,5165,1,183,0
956,70,4,5350,1,125,0
957,70,4,5378,1,128,0
958,70,4,5356,1,144,0
959,70,4,5302,1,144,0
960,70,4,5347,1,115,0
961,70,2,2293,0,1001,0
962,70,4,5404,1,90,0
963,70,4,5001,1,208,0
964,70,4,5461,1,78,0
965,70,4,5425,1,104,0
966,71,1,1091,0,1001,0
967,71,4,5409,1,89,0
968,71,4,5425,1,104,0
969,71,4,5331,1,109,0
970,71,4,5014,1,173,0
971,71,4,5567,1,62,0
972,71,4,5394,1,142,0
973,71,4,5343,1,115,0
974,71,4,5494,1,75,0
975,71,4,5449,1,82,0
976,71,4,5394,1,99,0
977,71,4,5317,1,125,0
978,71,4,5208,1,154,0
979,71,4,5471,1,94,0
980,71,4,5343,1,106,0
981,71,4,5207,1,146,0
982,71,4,5309,1,117,0
983,71,4,5347,1,109,0
984,71,4,5361,1,118,0
985,72,2,2338,0,1001,0
986,72,4,5299,1,125,0
987,72,4,5206,1,147,0
988,72,2,2315,0,1001,0
989,72,4,5318,1,112,0
990,72,4,5268,1,154,0
991,72,4,5093,1,162,0
992,72,4,5387,1,110,0
993,72,4,5535,1,70,0
994,72,4,5450,1,107,0
995,72,4,4988,1,180,0
996,72,4,5125,1,179,0
997,72,4,5309,1,126,0
998,73,4,5389,1,109,0
999,73,4,5499,1,85,0
1000,73,2,2462,0,1001,1
1001,73,4,5425,1,109,0
1002,73,4,5305,1,163,0
1003,73,4,5491,1,82,0
1004,73,4,5282,1,155,0
1005,73,4,5513,1,95,0
1006,73,4,5529,1,77,0
1007,73,4,5372,1,105,0
1008,73,4,5358,1,135,0
1009,73,4,5573,1,67,0
1010,73,4,5367,1,126,0
1011,73,4,5521,1,73,0
1012,73,4,5623,1,48,0
1013,73,4,5431,1,116,0
1014,73,4,5371,1,131,0
1015,73,4,5302,1,157,0
1016,73,4,5407,1,114,0
1017,73,4,5487,1,91,0
1018,73,4,5520,1,72,0
1019,74,4,5308,1,143,0
1020,74,4,5370,1,127,0
1021,74,4,5491,1,89,0
1022,74,2,2353,0,1001,0
1023,74,4,5116,1,152,0
1024,74,4,5373,1,104,0
1025,74,4,5552,1,62,0
1026,74,4,4976,1,248,0
1027,74,4,5369,1,113,0
1028,74,4,5294,1,152,0
1029,74,4,5217,1,141,0
1030,74,4,5320,1,117,0
1031,74,4,5270,1,148,0
1032,74,4,5539,1,67,0
1033,74,4,5091,1,175,0
1034,74,4,5429,1,100,0
1035,74,4,5260,1,148,0
1036,75,4,5145,1,153,0
1037,75,4,4284,1,341,0
1038,75,4,5413,1,98,0
1039,75,4,5248,1,124,0
1040,75,4,4928,1,221,0
1041,75,4,5194,1,146,0
1042,75,4,5376,1,101,0
1043,75,4,5038,1,176,0
1044,75,4,4482,1,288,0
1045,75,2,2266,0,1001,0
1046,75,4,5040,1,177,0
1047,76,2,2325,0,1001,0
1048,76,4,5523,1,75,0
1049,76,4,5255,1,148,0
1050,76,4,5337,1,130,0
1051,76,4,5298,1,149,0
1052,76,4,5382,1,113,0
1053,76,4,5566,1,64,0
1054,76,4,5203,1,140,0
1055,76,4,4933,1,183,0
1056,76,4,5461,1,85,0
1057,76,4,5414,1,93,0
1058,76,4,5446,1,96,0
1059,76,4,4502,1,292,0
1060,76,4,5322,1,125,0
1061,76,4,5236,1,140,0
1062,76,4,5233,1,165,0
1063,76,4,5225,1,135,0
1064,76,4,4929,1,221,0
1065,77,4,5318,1,153,0
1066,77,4,5409,1,120,0
1067,77,4,4836,1,286,0
1068,77,4,5229,1,154,0
1069,77,4,5293,1,122,0
1070,77,4,4929,1,201,0
1071,77,4,5390,1,108,0
1072,77,4,4702,1,252,0
1073,77,4,5355,1,122,0
1074,77,4,5402,1,92,0
1075,77,4,4877,1,350,0
1076,77,4,5443,1,94,0
1077,77,4,5380,1,118,0
1078,77,4,5473,1,89,0
1079,77,4,5107,1,162,0
1080,77,4,4710,1,241,0
1081,78,2,2271,0,1001,0
1082,78,2,2338,0,1001,0
1083,78,4,5335,1,108,0
1084,78,4,5387,1,101,0
1085,78,4,5336,1,116,0
1086,78,4,5351,1,120,0
1087,78,4,5479,1,82,0
1088,78,4,4999,1,185,0
1089,78,4,5480,1,79,0
1090,78,4,5471,1,84,0
1091,78,4,4861,1,204,0
1092,78,4,5345,1,120,0
1093,78,4,5094,1,164,0
1094,79,4,5522,1,71,0
1095,79,4,5429,1,96,0
1096,79,4,5501,1,80,0
1097,79,4,5149,1,143,0
1098,79,4,5225,1,138,0
1099,79,4,5136,1,195,0
1100,79,0,99,0,1001,1
1101,79,4,5411,1,93,0
1102,79,4,5350,1,112,0
1103,79,4,5295,1,135,0
1104,79,4,5559,1,70,0
1105,79,4,5405,1,102,0
1106,79,4,5146,1,151,0
1107,79,4,5392,1,103,0
1108,79,4,5415,1,91,0
1109,79,4,5309,1,115,0
1110,79,4,5118,1,155,0
1111,79,4,5334,1,122,0
1112,80,4,4872,1,204,0
1113,80,4,4860,1,232,0
1114,80,4,5351,1,116,0
1115,80,4,5072,1,193,0
1116,80,4,4068,1,387,0
1117,80,4,5348,1,112,0
1118,80,4,5231,1,134,0
1119,80,4,4893,1,213,0
1120,80,4,4779,1,233,0
1121,80,4,5529,1,83,0
1122,80,4,5381,1,109,0
1123,80,4,4792,1,227,0
1124,80,4,5373,1,97,0
1125,80,4,5420,1,96,0
1126,80,4,5269,1,130,0
1127,80,4,4849,1,235,0
1128,80,4,5230,1,136,0
1129,80,4,5207,1,131,0
1130,80,4,5516,1,75,0
1131,81,2,2211,0,1001,0
1132,81,4,4930,1,196,0
1133,81,4,4859,1,216,0
1134,81,4,5226,1,157,0
1135,81,4,5300,1,138,0
1136,81,4,5113,1,216,0
1137,81,4,4482,1,315,0
1138,81,4,5203,1,174,0
1139,81,4,5434,1,101,0
1140,81,4,4949,1,235,0
1141,81,4,4915,1,193,0
1142,82,4,5101,1,253,0
1143,82,4,5241,1,163,0
1144,82,4,4657,1,406,0
1145,82,4,5003,1,179,0
1146,82,4,5135,1,230,0
1147,82,4,5152,1,157,0
1148,82,4,5304,1,168,0
1149,82,4,4951,1,293,0
1150,82,4,4811,1,289,0
1151,82,2,2275,0,1001,0
1152,83,2,2344,0,1001,0
1153,83,4,5362,1,137,0
1154,83,4,5307,1,146,0
1155,83,4,4806,1,227,0
1156,83,4,4872,1,222,0
1157,83,4,5399,1,114,0
1158,83,4,5408,1,116,0
1159,83,4,5426,1,101,0
1160,83,2,2140,0,1001,0
1161,84,4,5029,1,170,0
1162,84,2,2244,0,1001,0
1163,84,4,5451,1,94,0
1164,84,4,5295,1,121,0
1165,84,2,2236,0,1001,0
1166,84,4,5553,1,64,0
1167,84,4,4860,1,211,0
1168,84,4,5414,1,116,0
1169,84,4,5341,1,119,0
1170,84,4,5022,1,174,0
1171,85,4,5433,1,95,0
1172,85,2,2219,0,1001,0
1173,85,4,4977,1,209,0
1174,85,4,5252,1,126,0
1175,85,4,5460,1,110,0
1176,85,4,5315,1,150,0
1177,85,4,5458,1,105,0
1178,85,4,5153,1,162,0
1179,85,4,5264,1,169,0
1180,85,4,5431,1,115,0
1181,85,4,5212,1,170,0
1182,85,4,4742,1,251,0
1183,85,4,5170,1,139,0
1184,85,4,5376,1,118,0
1185,85,4,5397,1,95,0
1186,86,2,2195,0,1001,0
1187,86,4,4912,1,193,0
1188,86,4,5525,1,73,0
1189,86,4,5126,1,159,0
1190,86,4,4909,1,197,0
1191,86,2,2172,0,1001,0
1192,87,2,2299,0,1001,0
1193,87,4,4966,1,176,0
1194,87,4,5384,1,99,0
1195,87,4,4970,1,177,0
1196,87,4,5283,1,121,0
1197,87,4,5213,1,139,0
1198,87,4,4804,1,235,0
1199,87,4,5441,1,91,0
1200,87,0,99,0,1001,1
1201,88,2,2217,0,1001,0
1202,88,4,5007,1,181,0
1203,88,4,5275,1,117,0
1204,88,4,4966,1,204,0
1205,88,4,4939,1,239,0
1206,88,4,5221,1,163,0
1207,88,4,5203,1,144,0
1208,88,4,5268,1,125,0
1209,88,4,5291,1,129,0
1210,88,4,5372,1,103,0
1211,88,4,5525,1,83,0
1212,88,4,5089,1,181,0
1213,88,4,5347,1,108,0
1214,88,4,5242,1,218,0
1215,88,4,5420,1,93,0
1216,88,4,5055,1,203,0
1217,88,4,5133,1,154,0
1218,88,4,5241,1,165,0
1219,88,4,5365,1,102,0
1220,89,4,4931,1,192,0
1221,89,4,5383,1,114,0
1222,89,4,5097,1,171,0
1223,89,4,5390,1,99,0
1224,89,4,5554,1,63,0
1225,89,4,5426,1,93,0
1226,89,2,2115,0,1001,0
1227,89,4,4902,1,218,0
1228,89,4,5546,1,64,0
1229,89,4,5517,1,67,0
1230,89,4,5321,1,143,0
1231,90,2,2353,0,1001,0
1232,90,4,5042,1,181,0
1233,90,4,5580,1,61,0
1234,90,4,4790,1,260,0
1235,90,4,5406,1,102,0
1236,90,4,5437,1,87,0
1237,90,4,5221,1,145,0
1238,90,2,2333,0,1001,0
1239,90,4,5440,1,96,0
1240,90,4,5314,1,127,0
1241,90,4,5502,1,78,0
1242,90,4,5474,1,102,0
1243,90,4,5351,1,109,0
1244,90,4,5316,1,124,0
1245,90,4,5228,1,134,0
1246,90,4,5229,1,139,0
1247,90,4,5367,1,129,0
1248,91,4,5050,1,164,0
1249,91,2,2213,0,1001,0
1250,91,4,5362,1,114,0
1251,91,4,5012,1,176,0
1252,91,4,5122,1,147,0
1253,91,4,5145,1,146,0
1254,91,4,5056,1,192,0
1255,91,4,5164,1,151,0
1256,91,4,4602,1,276,0
1257,91,4,5187,1,156,0
1258,91,4,4822,1,277,0
1259,91,4,4901,1,243,0
1260,92,4,4961,1,212,0
1261,92,4,5373,1,116,0
1262,92,4,5599,1,56,0
1263,92,4,5350,1,109,0
1264,92,4,5323,1,113,0
1265,92,4,5505,1,72,0
1266,92,4,5562,1,67,0
1267,92,4,5024,1,205,0
1268,92,4,5358,1,128,0
1269,92,4,4762,1,257,0
1270,92,4,5069,1,194,0
1271,92,4,5413,1,94,0
1272,92,4,5427,1,103,0
1273,92,4,4269,1,359,0
1274,92,4,3869,1,631,0
1275,92,4,5143,1,152,0
1276,92,4,5511,1,74,0
1277,93,4,4279,1,345,0
1278,93,4,4853,1,227,0
1279,93,4,5075,1,177,0
1280,93,4,4964,1,215,0
1281,93,2,2350,0,1001,0
1282,93,4,5026,1,169,0
1283,93,4,5437,1,89,0
1284,93,4,5489,1,75,0
1285,93,4,5374,1,104,0
1286,93,4,5515,1,65,0
1287,93,4,5390,1,101,0
1288,93,4,5421,1,100,0
1289,93,4,5172,1,154,0
1290,93,4,5379,1,125,0
1291,93,4,5344,1,109,0
1292,93,4,5250,1,132,0
1293,94,4,5381,1,115,0
1294,94,4,5575,1,60,0
1295,94,4,5215,1,146,0
1296,94,4,5168,1,146,0
1297,94,4,5492,1,76,0
1298,94,4,5407,1,105,0
1299,94,4,5147,1,144,0
1300,94,0,99,0,1001,1
1301,94,4,5246,1,139,0
1302,94,4,5388,1,107,0
1303,94,4,5288,1,112,0
1304,94,4,5417,1,100,0
1305,94,4,5029,1,180,0
1306,94,4,5263,1,134,0
1307,94,4,4931,1,204,0
1308,94,4,5446,1,83,0
1309,94,4,5471,1,92,0
1310,94,4,5163,1,139,0
1311,95,4,4759,1,261,0
1312,95,4,5383,1,117,0
1313,95,4,5484,1,86,0
1314,95,4,4986,1,223,0
1315,95,4,4983,1,202,0
1316,95,4,5396,1,103,0
1317,95,4,5365,1,136,0
1318,95,4,5176,1,226,0
1319,95,4,5286,1,120,0
1320,95,4,5439,1,86,0
1321,95,4,5105,1,167,0
1322,95,4,5355,1,102,0
1323,95,4,3256,1,761,0
1324,95,4,4713,1,243,0
1325,95,4,5391,1,96,0
1326,95,4,5313,1,118,0
1327,96,4,5204,1,131,0
1328,96,4,5292,1,114,0
1329,96,4,5378,1,116,0
1330,96,4,5288,1,123,0
1331,96,4,4949,1,199,0
1332,96,4,5031,1,176,0
1333,96,4,5405,1,93,0
1334,96,4,5265,1,142,0
1335,96,4,5497,1,78,0
1336,96,4,4941,1,217,0
1337,96,4,5463,1,81,0
1338,96,4,5397,1,106,0
1339,96,4,5457,1,95,0
1340,96,4,4880,1,232,0
1341,96,4,5393,1,104,0
1342,96,4,5322,1,115,0
1343,96,4,5483,1,81,0
1344,96,4,5216,1,170,0
1345,96,4,5474,1,83,0
1346,96,4,5072,1,165,0
1347,96,4,5064,1,158,0
1348,96,4,5441,1,83,0
1349,96,4,5473,1,84,0
1350,97,4,5101,1,161,0
1351,97,4,5359,1,136,0
1352,97,4,5298,1,114,0
1353,97,4,5378,1,114,0
1354,97,4,4795,1,219,0
1355,97,4,5413,1,106,0
1356,97,4,5483,1,81,0
1357,97,2,2321,0,1001,0
1358,97,4,5433,1,85,0
1359,97,4,5379,1,107,0
1360,97,4,4793,1,236,0
1361,97,4,5169,1,156,0
1362,97,4,5199,1,155,0
1363,97,4,5563,1,64,0
1364,97,4,5407,1,116,0
1365,98,4,3562,1,606,0
1366,98,4,5095,1,158,0
1367,98,4,5340,1,120,0
1368,98,4,5231,1,131,0
1369,98,4,5307,1,119,0
1370,98,4,4944,1,197,0
1371,98,4,5369,1,110,0
1372,98,4,5157,1,174,0
1373,98,4,5488,1,84,0
1374,98,4,5570,1,63,0
1375,98,4,5494,1,80,0
1376,98,4,5017,1,180,0
1377,98,4,5393,1,102,0
1378,98,4,5336,1,121,0
1379,98,4,5298,1,132,0
1380,98,4,4995,1,183,0
1381,98,4,5309,1,129,0
1382,98,4,5415,1,107,0
1383,98,4,5438,1,107,0
1384,98,4,5342,1,115,0
1385,98,4,5246,1,138,0
1386,99,4,4752,1,289,0
1387,99,4,5260,1,168,0
1388,99,4,5491,1,81,0
1389,99,4,5530,1,71,0
1390,99,4,5342,1,111,0
1391,99,4,5156,1,156,0
1392,99,4,4115,1,504,0
1393,99,4,5264,1,133,0
1394,99,4,5522,1,76,0
1395,99,4,5528,1,76,0
1396,99,4,5125,1,159,0
1397,99,4,5126,1,155,0
1398,99,4,5386,1,102,0
1399,99,4,4950,1,206,0
1400,99,0,0,0,1001,1
1401,99,4,5508,1,78,0
1402,100,4,5384,1,99,0
1403,100,4,5353,1,105,0
1404,100,4,5301,1,118,0
1405,100,4,5310,1,134,0
1406,100,4,5192,1,146,0
1407,100,4,4776,1,287,0
1408,100,4,5214,1,142,0
1409,100,4,5040,1,168,0
1410,100,4,5338,1,125,0
1411,100,4,5408,1,107,0
1412,100,4,5120,1,171,0
1413,100,4,5436,1,101,0
1414,100,4,5541,1,70,0
1415,100,4,5271,1,130,0
1416,100,4,5313,1,113,0
1417,100,4,5069,1,199,0
1418,100,4,5522,1,75,0
1419,100,4,5405,1,105,0
1420,100,4,5405,1,100,0
1421,100,4,5367,1,120,0
1422,100,4,5551,1,69,0
1423,100,4,5529,1,75,0
1424,100,4,5488,1,84,0
1425,100,4,5484,1,92,0
1426,100,4,5438,1,94,0
1427,101,4,5376,1,106,0
1428,101,4,5328,1,121,0
1429,101,4,5045,1,232,0
1430,101,4,5387,1,100,0
1431,101,4,5408,1,100,0
1432,101,4,5111,1,171,0
1433,101,4,5042,1,178,0
1434,101,4,4989,1,178,0
1435,101,4,5269,1,132,0
1436,101,4,5261,1,126,0
1437,101,4,5382,1,122,0
1438,101,4,5235,1,145,0
1439,101,4,5498,1,79,0
1440,101,4,5058,1,174,0
1441,101,4,5360,1,107,0
1442,101,4,5142,1,152,0
1443,101,4,5423,1,95,0
1444,101,4,4735,1,241,0
1445,101,4,5250,1,128,0
1446,101,4,4788,1,261,0
1447,102,4,5166,1,153,0
1448,102,4,5259,1,134,0
1449,102,4,4981,1,215,0
1450,102,4,4724,1,233,0
1451,102,4,5382,1,114,0
1452,102,4,4792,1,234,0
1453,102,4,4244,1,344,0
1454,102,4,5424,1,111,0
1455,102,4,5229,1,139,0
1456,102,4,4908,1,218,0
1457,102,4,5149,1,166,0
1458,102,4,4763,1,233,0
1459,102,4,5367,1,114,0
1460,102,4,4367,1,317,0
1461,102,4,5305,1,130,0
1462,103,4,5283,1,136,0
1463,103,4,4517,1,304,0
1464,103,4,5377,1,113,0
1465,103,4,5210,1,143,0
1466,103,4,3635,1,607,0
1467,103,4,4873,1,265,0
1468,103,4,4311,1,376,0
1469,103,4,4287,1,353,0
1470,103,4,5121,1,194,0
1471,103,4,5236,1,135,0
1472,103,4,4721,1,273,0
1473,104,4,4106,1,431,0
1474,104,4,5041,1,201,0
1475,104,4,4721,1,277,0
1476,104,4,4988,1,202,0
1477,104,4,4246,1,362,0
1478,104,4,5121,1,191,0
1479,104,4,4379,1,382,0
1480,104,4,5244,1,167,0
1481,104,4,4519,1,351,0
1482,104,4,5333,1,124,0
1483,104,4,5209,1,171,0
1484,104,4,5015,1,209,0
1485,104,4,5414,1,109,0
1486,105,4,4824,1,274,0
1487,105,4,5244,1,143,0
1488,105,4,5451,1,96,0
1489,105,4,5523,1,75,0
1490,105,4,5357,1,116,0
1491,105,4,5512,1,74,0
1492,105,4,5413,1,111,0
1493,105,4,5244,1,150,0
1494,105,4,5475,1,89,0
1495,105,4,4492,1,434,0
1496,105,4,4393,1,364,0
1497,105,4,5203,1,161,0
1498,105,4,5475,1,91,0
1499,105,4,5415,1,103,0
1500,106,0,99,0,1001,1
1501,106,4,5026,1,179,0
1502,106,4,5094,1,193,0
1503,106,4,5499,1,85,0
1504,106,4,5201,1,155,0
1505,106,4,5327,1,117,0
1506,106,4,5070,1,183,0
1507,106,4,5305,1,125,0
1508,106,4,5366,1,119,0
1509,106,4,5296,1,132,0
1510,106,4,5374,1,126,0
1511,106,4,5451,1,105,0
1512,106,4,5183,1,150,0
1513,106,4,5507,1,89,0
1514,106,4,5338,1,122,0
1515,106,4,5168,1,176,0
1516,107,3,3323,0,1001,0
1517,107,4,5216,1,171,0
1518,107,4,5034,1,201,0
1519,107,4,4912,1,253,0
1520,107,4,5081,1,206,0
1521,107,4,4900,1,260,0
1522,107,4,5140,1,175,0
1523,107,4,4884,1,260,0
1524,107,4,5205,1,159,0
1525,107,4,5332,1,119,0
1526,107,4,5354,1,117,0
1527,107,4,4908,1,235,0
1528,107,4,5525,1,74,0
1529,107,4,5347,1,119,0
1530,107,4,5074,1,192,0
1531,107,4,4249,1,431,0
1532,108,4,5055,1,191,0
1533,108,4,5251,1,139,0
1534,108,4,5097,1,179,0
1535,108,4,5302,1,145,0
1536,108,4,5120,1,198,0
1537,108,4,5039,1,216,0
1538,108,4,5257,1,146,0
1539,108,4,5055,1,192,0
1540,108,4,5088,1,187,0
1541,108,4,5321,1,131,0
1542,108,4,5328,1,137,0
1543,108,4,5310,1,143,0
1544,108,4,4586,1,354,0
1545,108,4,5088,1,186,0
1546,108,4,5295,1,141,0
1547,108,4,5134,1,202,0
1548,108,4,5068,1,199,0
1549,109,4,5203,1,190,0
1550,109,4,5187,1,154,0
1551,109,4,4964,1,238,0
1552,109,4,4736,1,308,0
1553,109,4,4577,1,375,0
1554,109,4,5137,1,200,0
1555,109,4,5188,1,200,0
1556,109,4,5211,1,167,0
1557,109,4,5252,1,153,0
1558,109,4,5227,1,147,0
1559,109,4,5163,1,173,0
1560,109,4,5504,1,82,0
1561,109,4,5310,1,137,0
1562,109,4,5385,1,114,0
1563,110,2,2249,0,1001,0
1564,110,4,4760,1,324,0
1565,110,4,4297,1,422,0
1566,110,4,4930,1,245,0
1567,110,4,4517,1,411,0
1568,110,4,5238,1,176,0
1569,110,4,5409,1,119,0
1570,110,4,5257,1,147,0
1571,110,4,4935,1,187,0
1572,110,4,5525,1,79,0
1573,110,4,5463,1,87,0
1574,110,4,5552,1,68,0
1575,110,4,5244,1,169,0
1576,110,4,5348,1,141,0
1577,111,4,5314,1,130,0
1578,111,4,5444,1,96,0
1579,111,4,5273,1,156,0
1580,111,4,4906,1,294,0
1581,111,4,5139,1,218,0
1582,111,4,5486,1,84,0
1583,111,4,5060,1,186,0
1584,111,4,5559,1,66,0
1585,111,4,5232,1,142,0
1586,111,4,5549,1,68,0
1587,111,4,5049,1,187,0
1588,111,4,5448,1,95,0
1589,111,4,5315,1,124,0
1590,111,4,5408,1,112,0
1591,111,4,5312,1,134,0
1592,111,4,5216,1,149,0
1593,111,4,5555,1,70,0
1594,111,4,5421,1,97,0
1595,111,4,5550,1,72,0
1596,111,4,5422,1,106,0
1597,111,4,5487,1,81,0
1598,111,4,5610,1,52,0
1599,111,4,5332,1,117,0
1600,112,1,1187,0,1001,1
1601,112,4,5499,1,78,0
1602,112,4,5533,1,77,0
1603,112,4,5291,1,131,0
1604,112,4,5471,1,89,0
1605,112,4,5089,1,157,0
1606,112,4,5086,1,180,0
1607,112,4,5546,1,65,0
1608,112,4,5163,1,189,0
1609,112,4,4825,1,234,0
1610,112,4,5393,1,104,0
1611,112,4,5500,1,80,0
1612,112,4,5579,1,63,0
1613,112,4,5236,1,146,0
1614,112,4,5243,1,143,0
1615,112,4,5411,1,113,0
1616,112,4,5476,1,87,0
1617,112,4,4941,1,226,0
1618,112,4,5430,1,103,0
1619,112,4,5488,1,82,0
1620,113,4,5347,1,115,0
1621,113,4,5364,1,108,0
1622,113,4,5299,1,126,0
1623,113,4,5092,1,176,0
1624,113,4,5522,1,76,0
1625,113,4,4907,1,230,0
1626,113,4,5127,1,196,0
1627,113,4,5462,1,92,0
1628,113,4,5502,1,83,0
1629,113,4,5459,1,98,0
1630,113,4,5401,1,101,0
1631,113,4,5444,1,95,0
1632,113,4,5102,1,178,0
1633,113,4,5513,1,87,0
1634,113,4,5527,1,72,0
1635,113,4,5452,1,90,0
1636,113,4,5372,1,121,0
1637,113,4,5495,1,86,0
1638,113,4,5396,1,123,0
1639,113,4,3941,1,443,0
1640,113,4,4905,1,223,0
1641,114,4,5204,1,171,0
1642,114,4,5104,1,177,0
1643,114,4,5518,1,76,0
1644,114,4,5178,1,161,0
1645,114,4,5006,1,200,0
1646,114,4,5074,1,190,0
1647,114,4,5274,1,137,0
1648,114,4,5262,1,139,0
1649,114,4,5213,1,155,0
1650,114,4,5031,1,220,0
1651,114,4,5447,1,96,0
1652,114,4,4497,1,409,0
1653,114,4,5389,1,120,0
1654,114,4,5081,1,200,0
1655,114,4,5077,1,225,0
1656,114,4,5210,1,151,0
1657,114,4,5093,1,192,0
1658,114,4,5533,1,73,0
1659,114,4,5432,1,96,0
1660,115,3,3391,0,1001,0
1661,115,4,4997,1,225,0
1662,115,4,5348,1,125,0
1663,115,4,5092,1,215,0
1664,115,4,5147,1,175,0
1665,115,3,2976,0,1001,0
1666,116,4,4605,1,337,0
1667,116,4,5251,1,170,0
1668,116,4,5541,1,77,0
1669,116,4,5299,1,128,0
1670,116,4,5386,1,115,0
1671,116,4,5526,1,79,0
1672,116,4,5323,1,120,0
1673,116,4,5372,1,108,0
1674,116,4,5296,1,123,0
1675,116,4,5250,1,138,0
1676,116,4,5172,1,142,0
1677,116,4,5467,1,87,0
1678,116,4,5269,1,150,0
1679,116,4,5522,1,76,0
1680,116,4,5189,1,168,0
1681,116,4,5184,1,148,0
1682,116,4,4939,1,190,0
1683,116,4,5130,1,167,0
1684,116,4,4858,1,235,0
1685,116,4,5337,1,125,0
1686,116,4,5587,1,60,0
1687,116,4,5423,1,93,0
1688,116,4,5217,1,146,0
1689,116,4,5530,1,71,0
1690,116,4,5171,1,160,0
1691,117,4,5436,1,93,0
1692,117,4,5416,1,104,0
1693,117,4,5324,1,126,0
1694,117,4,5052,1,174,0
1695,117,4,5110,1,179,0
1696,117,4,5014,1,196,0
1697,117,4,5242,1,139,0
1698,117,4,5060,1,175,0
1699,117,4,4939,1,208,0
1700,117,0,99,0,1001,1
1701,117,4,5335,1,118,0
1702,117,4,4768,1,267,0
1703,117,4,5019,1,197,0
1704,118,4,5203,1,154,0
1705,118,4,5312,1,116,0
1706,118,4,5400,1,106,0
1707,118,4,5099,1,182,0
1708,118,4,4321,1,418,0
1709,118,4,5424,1,94,0
1710,118,4,5367,1,117,0
1711,118,4,5395,1,98,0
1712,118,4,5428,1,129,0
1713,118,4,5366,1,131,0
1714,118,4,4714,1,282,0
1715,118,4,4512,1,343,0
1716,118,4,5377,1,118,0
1717,118,4,4844,1,237,0
1718,118,4,5275,1,134,0
1719,118,4,5275,1,177,0
1720,118,4,5199,1,153,0
1721,118,4,5248,1,214,0
1722,119,4,5045,1,213,0
1723,119,4,4699,1,237,0
1724,119,4,4926,1,269,0
1725,119,4,5511,1,89,0
1726,119,4,5402,1,141,0
1727,119,4,4515,1,329,0
1728,119,4,4715,1,366,0
1729,119,4,5174,1,161,0
1730,119,4,4873,1,245,0
1731,119,4,4675,1,266,0
1732,119,4,4675,1,350,0
1733,119,4,5087,1,212,0
1734,120,4,3903,1,619,0
1735,120,4,4913,1,216,0
1736,120,4,4617,1,353,0
1737,120,4,4337,1,429,0
1738,120,4,4847,1,314,0
1739,120,4,5008,1,304,0
1740,120,4,4893,1,339,0
1741,120,4,4093,1,499,0
1742,121,4,4788,1,318,0
1743,121,4,5338,1,146,0
1744,121,4,4968,1,205,0
1745,121,4,4871,1,272,0
1746,121,4,4765,1,325,0
1747,121,4,5004,1,211,0
1748,121,4,5189,1,158,0
1749,121,4,5530,1,77,0
1750,121,4,4851,1,280,0
1751,121,4,5353,1,155,0
1752,121,4,3976,1,530,0
1753,121,4,4366,1,394,0
1754,121,4,5336,1,137,0
1755,122,4,5063,1,195,0
1756,122,4,5100,1,162,0
1757,122,4,4880,1,241,0
1758,122,4,5028,1,219,0
1759,122,4,5193,1,198,0
1760,122,4,4800,1,265,0
1761,122,4,5415,1,113,0
1762,122,4,5230,1,155,0
1763,122,4,5071,1,243,0
1764,122,4,5098,1,226,0
1765,122,4,4979,1,350,0
1766,122,4,4880,1,264,0
1767,122,4,4964,1,251,0
1768,122,4,4893,1,256,0
1769,123,4,4716,1,352,0
1770,123,4,4736,1,354,0
1771,123,4,4626,1,405,0
1772,123,4,4910,1,305,0
1773,123,4,5013,1,253,0
1774,123,4,5099,1,211,0
1775,123,4,5264,1,155,0
1776,123,4,4399,1,387,0
1777,123,4,5241,1,163,0
1778,123,4,5366,1,144,0
1779,123,4,5271,1,148,0
1780,123,4,5443,1,99,0
1781,123,4,5224,1,156,0
1782,124,4,5103,1,184,0
1783,124,4,4933,1,248,0
1784,124,4,4813,1,236,0
1785,124,4,5268,1,130,0
1786,124,4,5186,1,160,0
1787,124,4,4982,1,205,0
1788,124,4,5052,1,226,0
1789,124,4,5042,1,196,0
1790,124,4,5142,1,180,0
1791,124,4,5184,1,177,0
1792,124,4,5403,1,126,0
1793,124,4,3798,1,579,0
1794,124,4,4673,1,301,0
1795,124,4,5417,1,123,0
1796,125,4,5263,1,156,0
1797,125,4,5342,1,138,0
1798,125,4,5467,1,90,0
1799,125,4,5163,1,168,0
1800,125,0,99,0,1001,1
1801,125,4,5155,1,168,0
1802,125,4,5296,1,131,0
1803,125,4,5337,1,157,0
1804,125,4,4957,1,243,0
1805,125,4,5576,1,70,0
1806,125,4,5338,1,119,0
1807,125,4,5469,1,85,0
1808,125,4,5536,1,70,0
1809,125,4,5173,1,233,0
1810,125,4,4893,1,227,0
1811,125,4,5499,1,112,0
1812,126,4,5344,1,153,0
1813,126,4,5128,1,222,0
1814,126,4,5369,1,109,0
1815,126,4,5299,1,149,0
1816,126,4,5335,1,130,0
1817,126,4,5156,1,233,0
1818,126,4,5493,1,104,0
1819,126,4,5366,1,111,0
1820,126,4,5081,1,174,0
1821,126,4,5159,1,171,0
1822,126,4,5344,1,123,0
1823,126,4,4847,1,278,0
1824,126,4,5276,1,122,0
1825,126,4,3127,1,992,0
1826,127,4,5300,1,117,0
1827,127,4,5247,1,193,0
1828,127,4,5379,1,105,0
1829,127,4,5349,1,131,0
1830,127,4,5254,1,155,0
1831,127,4,5119,1,187,0
1832,127,4,4756,1,308,0
1833,127,4,5484,1,94,0
1834,127,4,5327,1,113,0
1835,127,4,5460,1,81,0
1836,127,4,5336,1,154,0
1837,127,4,5312,1,131,0
1838,127,4,5407,1,99,0
1839,127,4,5390,1,96,0
1840,127,4,4922,1,239,0
1841,127,4,5554,1,70,0
1842,127,4,5466,1,96,0
1843,127,4,5518,1,96,0
1844,127,4,5438,1,99,0
1845,127,4,5125,1,178,0
1846,127,4,5021,1,237,0
1847,127,4,5047,1,209,0
1848,128,4,5530,1,70,0
1849,128,4,5554,1,90,0
1850,128,4,5272,1,157,0
1851,128,4,5391,1,122,0
1852,128,4,5306,1,158,0
1853,128,4,5443,1,99,0
1854,128,4,5290,1,131,0
1855,128,4,5037,1,219,0
1856,128,4,5435,1,84,0
1857,128,4,5041,1,198,0
1858,128,4,5490,1,110,0
1859,128,4,5109,1,234,0
1860,128,4,5307,1,131,0
1861,128,4,5308,1,130,0
1862,128,4,5323,1,141,0
1863,128,4,3989,1,452,0
1864,128,4,4828,1,254,0
1865,129,3,3280,0,1001,0
1866,129,4,5484,1,77,0
1867,129,4,5382,1,121,0
1868,129,4,5183,1,192,0
1869,129,4,4970,1,218,0
1870,129,4,4871,1,273,0
1871,129,4,5214,1,160,0
1872,129,4,5577,1,64,0
1873,129,4,5411,1,99,0
1874,129,4,5171,1,177,0
1875,129,4,5360,1,149,0
1876,129,4,5536,1,68,0
1877,129,4,5034,1,207,0
1878,129,4,5448,1,103,0
1879,129,4,5258,1,158,0
1880,129,4,5119,1,235,0
1881,130,4,5087,1,189,0
1882,130,4,5258,1,138,0
1883,130,4,5480,1,81,0
1884,130,4,5378,1,120,0
1885,130,4,5406,1,93,0
1886,130,4,5468,1,83,0
1887,130,4,5583,1,58,0
1888,130,4,5203,1,155,0
1889,130,4,5500,1,86,0
1890,130,4,5434,1,105,0
1891,130,4,5388,1,107,0
1892,130,4,5315,1,124,0
1893,130,4,5460,1,85,0
1894,130,4,5364,1,100,0
1895,130,4,5175,1,172,0
1896,130,4,5118,1,150,0
1897,130,4,5480,1,83,0
1898,130,4,4930,1,187,0
1899,130,4,5498,1,81,0
1900,130,1,1185,0,1001,1
1901,131,4,5319,1,118,0
1902,131,4,5460,1,91,0
1903,131,4,5570,1,57,0
1904,131,4,5257,1,134,0
1905,131,4,5324,1,107,0
1906,131,4,5216,1,152,0
1907,131,4,5236,1,144,0
1908,131,4,5317,1,138,0
1909,131,4,5577,1,57,0
1910,131,4,5424,1,94,0
1911,131,4,5242,1,130,0
1912,131,4,5083,1,155,0
1913,131,4,5398,1,100,0
1914,131,4,5386,1,107,0
1915,131,4,5360,1,110,0
1916,131,4,5443,1,100,0
1917,131,4,4786,1,241,0
1918,131,4,5101,1,188,0
1919,131,4,5133,1,146,0
1920,131,4,5114,1,163,0
1921,131,4,5300,1,130,0
1922,131,4,5549,1,66,0
1923,131,4,5107,1,168,0
1924,131,4,5046,1,208,0
1925,132,4,5240,1,169,0
1926,132,4,4854,1,251,0
1927,132,4,4755,1,282,0
1928,132,4,5261,1,146,0
1929,132,4,5230,1,129,0
1930,132,4,5347,1,124,0
1931,132,4,4698,1,270,0
1932,132,4,5414,1,109,0
1933,132,4,5108,1,178,0
1934,132,4,5564,1,64,0
1935,132,4,5357,1,118,0
1936,132,4,5348,1,116,0
1937,132,4,5466,1,85,0
1938,132,4,5309,1,128,0
1939,132,4,5473,1,90,0
1940,133,2,2431,0,1001,0
1941,133,4,5334,1,136,0
1942,133,4,5350,1,114,0
1943,133,4,5264,1,152,0
1944,133,4,5090,1,216,0
1945,133,4,5396,1,114,0
1946,133,4,5478,1,97,0
1947,133,4,5483,1,74,0
1948,133,4,5505,1,92,0
1949,133,4,5519,1,69,0
1950,133,4,5325,1,129,0
1951,133,4,5477,1,85,0
1952,133,4,5167,1,159,0
1953,133,4,4976,1,197,0
1954,133,4,4221,1,467,0
1955,133,4,5107,1,208,0
1956,133,4,4825,1,251,0
1957,133,4,5273,1,134,0
1958,133,4,5219,1,131,0
1959,134,4,4754,1,300,0
1960,134,2,2278,0,1001,0
1961,134,4,5054,1,214,0
1962,134,4,5473,1,78,0
1963,134,4,5267,1,133,0
1964,134,4,5498,1,79,0
1965,134,4,5501,1,77,0
1966,134,4,5080,1,188,0
1967,134,4,4917,1,228,0
1968,134,4,5049,1,168,0
1969,134,4,5375,1,97,0
1970,134,4,5384,1,105,0
1971,134,4,4971,1,211,0
1972,135,4,4869,1,224,0
1973,135,4,5431,1,90,0
1974,135,4,5399,1,98,0
1975,135,4,5374,1,110,0
1976,135,4,5356,1,102,0
1977,135,4,4785,1,242,0
1978,135,4,4983,1,204,0
1979,135,4,4485,1,319,0
1980,135,4,4770,1,269,0
1981,135,4,5025,1,187,0
1982,135,4,4931,1,204,0
1983,135,4,5012,1,186,0
1984,135,4,5065,1,163,0
1985,135,4,5254,1,138,0
1986,135,4,4860,1,253,0
1987,135,4,5031,1,228,0
1988,136,4,4572,1,322,0
1989,136,4,5039,1,207,0
1990,136,4,5151,1,161,0
1991,136,4,5002,1,255,0
1992,136,4,4873,1,242,0
1993,136,4,5595,1,53,0
1994,136,4,5514,1,78,0
1995,136,4,5473,1,87,0
1996,136,4,5405,1,107,0
1997,136,4,5449,1,85,0
1998,136,4,5543,1,65,0
1999,136,4,5325,1,106,0
2000,136,2,2455,0,1001,1
2001,136,4,5464,1,85,0
2002,136,4,5340,1,138,0
2003,136,4,4766,1,222,0
2004,136,4,5296,1,118,0
2005,136,4,5522,1,80,0
2006,137,4,4749,1,278,0
2007,137,4,5574,1,60,0
2008,137,4,5437,1,113,0
2009,137,4,5480,1,83,0
2010,137,4,5546,1,69,0
2011,137,4,5515,1,80,0
2012,137,4,5299,1,120,0
2013,137,4,5170,1,148,0
2014,137,4,5307,1,156,0
2015,137,4,4873,1,222,0
2016,137,4,5395,1,111,0
2017,137,4,5149,1,167,0
2018,137,4,5289,1,144,0
2019,137,4,5051,1,155,0
2020,137,4,5003,1,182,0
2021,137,4,4538,1,289,0
2022,137,4,5466,1,76,0
2023,137,4,5290,1,112,0
2024,137,4,4961,1,189,0
2025,137,4,5201,1,128,0
2026,137,4,5107,1,142,0
2027,138,4,4658,1,262,0
2028,138,4,5227,1,128,0
2029,138,4,5490,1,90,0
2030,138,4,5451,1,99,0
2031,138,4,5303,1,112,0
2032,138,4,4909,1,195,0
2033,138,4,4857,1,250,0
2034,138,4,5286,1,111,0
2035,138,4,5323,1,104,0
2036,138,4,5014,1,170,0
2037,138,4,5313,1,105,0
2038,138,4,4788,1,212,0
2039,138,4,5606,1,54,0
2040,138,4,5503,1,75,0
2041,138,4,5605,1,54,0
2042,138,4,5627,1,45,0
2043,138,4,5204,1,147,0
2044,138,4,5615,1,48,0
2045,138,4,4249,1,334,0
2046,138,4,5583,1,55,0
2047,138,4,5511,1,70,0
2048,138,4,5559,1,59,0
2049,138,4,5546,1,60,0
2050,138,4,5625,1,72,0
2051,138,4,5014,1,165,0
2052,139,4,5361,1,95,0
2053,139,4,4909,1,247,0
2054,139,4,5473,1,79,0
2055,139,4,5500,1,78,0
2056,139,4,5408,1,92,0
2057,139,4,5073,1,152,0
2058,139,4,4888,1,188,0
2059,139,4,5306,1,120,0
2060,139,4,4910,1,201,0
2061,139,4,4868,1,204,0
2062,139,4,5307,1,120,0
2063,139,4,5549,1,58,0
2064,139,4,5240,1,135,0
2065,139,4,5458,1,88,0
2066,139,4,5323,1,119,0
2067,139,4,5447,1,105,0
2068,139,4,5530,1,89,0
2069,139,4,4780,1,244,0
2070,139,4,4863,1,238,0
2071,139,4,4900,1,265,0
2072,140,4,4160,1,467,0
2073,140,4,5088,1,175,0
2074,140,4,5322,1,132,0
2075,140,4,5154,1,159,0
2076,140,4,5308,1,119,0
2077,140,4,5236,1,179,0
2078,140,4,5158,1,154,0
2079,140,4,5431,1,93,0
2080,140,4,5389,1,137,0
2081,140,4,5181,1,157,0
2082,140,4,4688,1,328,0
2083,140,4,5084,1,168,0
2084,140,4,5093,1,174,0
2085,140,4,4861,1,258,0
2086,140,4,5268,1,146,0
2087,140,4,4458,1,346,0
2088,141,4,5533,1,82,0
2089,141,4,5507,1,91,0
2090,141,4,4098,1,451,0
2091,141,4,5173,1,176,0
2092,141,4,5049,1,221,0
2093,141,4,5335,1,128,0
2094,141,4,5129,1,190,0
2095,141,4,5397,1,134,0
2096,141,4,5257,1,152,0
2097,141,4,5272,1,173,0
2098,141,4,5443,1,107,0
2099,141,4,5512,1,69,0
2100,141,1,1185,0,1001,1
2101,142,4,4927,1,214,0
2102,142,4,5030,1,204,0
2103,142,4,5160,1,157,0
2104,142,4,4660,1,304,0
2105,142,4,5251,1,138,0
2106,142,4,4888,1,252,0
2107,142,4,5026,1,220,0
2108,142,4,5374,1,108,0
2109,142,4,5331,1,119,0
2110,142,4,5329,1,116,0
2111,142,4,5382,1,112,0
2112,142,4,5220,1,142,0
2113,142,4,4835,1,272,0
2114,142,4,5357,1,137,0
2115,142,4,5329,1,120,0
2116,142,4,4848,1,247,0
2117,142,4,5478,1,89,0
2118,142,4,5560,1,67,0
2119,142,4,5548,1,75,0
2120,142,4,5611,1,49,0
2121,143,4,5437,1,104,0
2122,143,4,5442,1,84,0
2123,143,4,5485,1,81,0
2124,143,4,5556,1,69,0
2125,143,4,5468,1,87,0
2126,143,4,4981,1,225,0
2127,143,4,5291,1,132,0
2128,143,4,4883,1,253,0
2129,143,4,4743,1,237,0
2130,143,4,4648,1,253,0
2131,143,4,5344,1,109,0
2132,143,4,4734,1,244,0
2133,143,4,5333,1,113,0
2134,143,4,5567,1,68,0
2135,143,4,5508,1,86,0
2136,143,4,5534,1,78,0
2137,143,4,5541,1,70,0
2138,143,4,5552,1,74,0
2139,143,4,5519,1,79,0
2140,143,4,5479,1,109,0
2141,143,4,5495,1,85,0
2142,143,4,5533,1,73,0
2143,143,4,5458,1,102,0
2144,143,4,5054,1,185,0
2145,143,4,5418,1,117,0
2146,144,4,4901,1,192,0
2147,144,4,5503,1,77,0
2148,144,4,5214,1,134,0
2149,144,4,5584,1,63,0
2150,144,4,5444,1,110,0
2151,144,4,5232,1,159,0
2152,144,4,5205,1,142,0
2153,144,4,5245,1,124,0
2154,144,4,5427,1,102,0
2155,144,4,5338,1,113,0
2156,144,3,2854,0,1001,0
2157,144,4,4931,1,191,0
2158,144,4,5475,1,91,0
2159,144,4,5563,1,64,0
2160,144,4,5356,1,165,0
2161,144,4,5453,1,103,0
2162,144,4,5606,1,53,0
2163,144,4,5303,1,116,0
2164,145,4,4913,1,184,0
2165,145,4,5049,1,165,0
2166,145,4,4959,1,177,0
2167,145,4,4988,1,172,0
2168,145,4,5384,1,92,0
2169,145,4,4385,1,308,0
2170,145,4,5290,1,113,0
2171,145,4,5365,1,103,0
2172,145,4,5157,1,136,0
2173,145,4,5198,1,127,0
2174,145,4,4552,1,270,0
2175,145,4,5370,1,94,0
2176,145,4,5576,1,56,0
2177,145,4,5582,1,53,0
2178,145,4,5435,1,105,0
2179,145,4,5489,1,78,0
2180,145,4,5526,1,71,0
2181,145,4,5181,1,132,0
2182,145,4,5558,1,60,0
2183,145,4,5461,1,92,0
2184,145,4,5388,1,97,0
2185,145,4,5423,1,102,0
2186,146,4,5598,1,50,0
2187,146,4,5499,1,74,0
2188,146,4,5166,1,147,0
2189,146,4,5592,1,53,0
2190,146,4,5442,1,100,0
2191,146,4,5469,1,85,0
2192,146,4,5505,1,74,0
2193,146,4,5505,1,69,0
2194,146,4,5536,1,66,0
2195,146,4,5570,1,64,0
2196,146,4,5459,1,93,0
2197,146,4,5358,1,100,0
2198,146,4,4819,1,242,0
2199,146,4,5060,1,176,0
2200,146,0,99,0,1001,1
2201,147,4,3792,1,604,0
2202,147,4,5028,1,169,0
2203,147,4,5401,1,94,0
2204,147,4,5305,1,113,0
2205,147,4,5085,1,201,0
2206,147,4,5240,1,127,0
2207,147,4,5541,1,72,0
2208,147,4,5393,1,123,0
2209,147,4,5386,1,96,0
2210,147,4,5473,1,90,0
2211,147,4,5383,1,115,0
2212,147,4,5370,1,109,0
2213,147,4,5470,1,76,0
2214,147,4,5204,1,143,0
2215,147,4,4936,1,206,0
2216,147,4,5346,1,108,0
2217,147,4,5020,1,171,0
2218,147,4,5290,1,123,0
2219,147,4,4815,1,220,0
2220,147,4,4724,1,244,0
2221,147,4,5482,1,85,0
2222,147,4,5477,1,89,0
2223,148,4,5468,1,84,0
2224,148,4,5347,1,120,0
2225,148,4,5449,1,91,0
2226,148,4,5542,1,69,0
2227,148,4,5289,1,112,0
2228,148,4,4891,1,196,0
2229,148,4,5504,1,83,0
2230,148,4,5417,1,107,0
2231,148,4,5562,1,62,0
2232,148,4,5412,1,104,0
2233,148,4,5408,1,103,0
2234,148,4,5366,1,138,0
2235,148,4,5420,1,103,0
2236,148,4,5466,1,86,0
2237,148,4,5397,1,108,0
2238,148,4,5147,1,161,0
2239,148,4,4496,1,323,0
2240,148,4,5520,1,68,0
2241,148,4,5524,1,81,0
2242,148,4,5505,1,87,0
2243,148,4,5426,1,95,0
2244,148,4,5402,1,114,0
2245,148,4,5151,1,145,0
2246,148,4,5256,1,207,0
2247,148,4,5533,1,66,0
2248,148,4,5479,1,87,0
2249,148,4,5347,1,116,0
2250,149,4,5446,1,98,0
2251,149,4,5353,1,107,0
2252,149,4,5235,1,131,0
2253,149,4,5434,1,90,0
2254,149,4,4252,1,359,0
2255,149,4,5110,1,157,0
2256,149,4,5349,1,116,0
2257,149,4,5520,1,70,0
2258,149,4,5252,1,127,0
2259,149,4,5117,1,150,0
2260,149,4,4630,1,265,0
2261,149,4,4716,1,258,0
2262,149,4,5336,1,112,0
2263,149,4,4444,1,299,0
2264,149,4,5269,1,136,0
2265,149,4,5583,1,59,0
2266,149,4,5345,1,110,0
2267,149,4,5368,1,108,0
2268,149,4,5515,1,75,0
2269,149,4,5529,1,65,0
2270,150,4,4722,1,246,0
2271,150,4,5324,1,127,0
2272,150,4,3575,1,543,0
2273,150,4,5333,1,130,0
2274,150,4,3830,1,585,0
2275,150,4,2305,1,976,0
2276,150,4,4672,1,245,0
2277,150,4,5461,1,93,0
2278,150,4,5397,1,116,0
2279,150,4,5475,1,90,0
2280,150,4,5363,1,105,0
2281,151,4,5385,1,101,0
2282,151,4,4959,1,179,0
2283,151,4,5376,1,117,0
2284,151,4,5305,1,125,0
2285,151,4,5221,1,123,0
2286,151,4,4580,1,357,0
2287,151,4,4323,1,403,0
2288,151,4,4819,1,242,0
2289,151,4,5472,1,77,0
2290,151,4,5149,1,166,0
2291,151,4,5582,1,57,0
2292,151,4,4885,1,255,0
2293,151,4,5208,1,145,0
2294,151,4,3689,1,577,0
2295,152,4,4348,1,338,0
2296,152,4,5118,1,184,0
2297,152,4,4303,1,345,0
2298,152,4,5451,1,88,0
2299,152,4,4944,1,269,0
2300,152,0,99,0,1001,1
2301,152,4,4894,1,257,0
2302,152,4,4328,1,419,0
2303,152,4,4966,1,210,0
2304,153,4,5169,1,149,0
2305,153,4,4953,1,234,0
2306,153,4,5445,1,90,0
2307,153,4,5594,1,56,0
2308,153,4,5450,1,84,0
2309,153,4,5484,1,96,0
2310,153,4,5550,1,71,0
2311,153,4,5303,1,120,0
2312,153,4,5557,1,74,0
2313,153,4,5372,1,113,0
2314,153,4,5441,1,106,0
2315,153,4,5380,1,104,0
2316,153,4,5372,1,96,0
2317,153,4,5459,1,93,0
2318,153,4,5436,1,123,0
2319,153,4,5622,1,51,0
2320,153,4,5524,1,78,0
2321,153,4,4975,1,183,0
2322,153,4,4068,1,391,0
2323,153,4,4723,1,235,0
2324,153,4,5581,1,64,0
2325,153,4,5417,1,95,0
2326,153,4,5408,1,108,0
2327,153,4,5231,1,135,0
2328,153,4,5148,1,148,0
2329,153,4,5278,1,128,0
2330,154,4,4700,1,291,0
2331,154,4,5056,1,189,0
2332,154,4,5179,1,146,0
2333,154,4,5651,1,42,0
2334,154,4,5189,1,155,0
2335,154,4,5559,1,60,0
2336,154,4,4935,1,227,0
2337,154,4,5421,1,90,0
2338,154,4,5623,1,51,0
2339,154,4,5220,1,150,0
2340,154,4,5329,1,115,0
2341,154,4,4617,1,285,0
2342,154,4,5584,1,56,0
2343,154,4,4646,1,297,0
2344,154,4,5111,1,149,0
2345,154,4,5413,1,94,0
2346,154,4,4758,1,245,0
2347,154,4,4200,1,356,0
2348,155,4,4275,1,382,0
2349,155,4,5381,1,104,0
2350,155,4,5331,1,129,0
2351,155,4,5507,1,84,0
2352,155,4,4251,1,425,0
2353,155,4,5493,1,85,0
2354,155,4,5511,1,76,0
2355,155,4,5381,1,109,0
2356,155,4,5604,1,55,0
2357,155,4,5457,1,93,0
2358,155,4,5441,1,92,0
2359,155,4,5520,1,80,0
2360,155,4,5394,1,104,0
2361,155,4,5404,1,101,0
2362,155,4,5203,1,163,0
2363,155,4,5263,1,114,0
2364,155,4,5548,1,69,0
2365,155,4,3968,1,443,0
2366,155,4,5459,1,83,0
2367,155,4,5243,1,118,0
2368,155,4,5375,1,103,0
2369,155,4,5328,1,115,0
2370,155,4,5365,1,117,0
2371,156,4,5238,1,136,0
2372,156,4,5304,1,114,0
2373,156,4,5219,1,130,0
2374,156,4,5307,1,141,0
2375,156,4,5482,1,88,0
2376,156,4,5221,1,153,0
2377,156,4,5220,1,136,0
2378,156,4,5425,1,94,0
2379,156,4,5515,1,70,0
2380,156,4,5424,1,100,0
2381,156,4,5419,1,104,0
2382,156,4,5390,1,117,0
2383,156,4,5370,1,127,0
2384,156,4,5313,1,104,0
2385,156,4,5355,1,135,0
2386,156,4,5293,1,126,0
2387,156,4,5039,1,193,0
2388,156,4,4952,1,236,0
2389,156,4,5359,1,102,0
2390,156,4,4430,1,350,0
2391,156,4,5124,1,174,0
2392,156,4,4997,1,194,0
2393,156,4,5375,1,104,0
2394,157,4,5399,1,92,0
2395,157,4,5361,1,118,0
2396,157,4,5470,1,85,0
2397,157,4,5087,1,177,0
2398,157,4,5261,1,145,0
2399,157,4,5356,1,130,0
2400,157,0,0,0,1001,1
2401,157,2,2221,0,1001,0
2402,157,4,5216,1,138,0
2403,157,4,5231,1,158,0
2404,158,4,5129,1,155,0
2405,158,4,5051,1,192,0
2406,158,4,4453,1,322,0
2407,158,4,4659,1,268,0
2408,158,4,3963,1,548,0
2409,158,4,4983,1,219,0
2410,158,4,4442,1,348,0
2411,158,4,4472,1,341,0
2412,158,4,4905,1,208,0
2413,158,4,5062,1,217,0
2414,158,4,5308,1,120,0
2415,158,4,5325,1,131,0
2416,158,4,5103,1,172,0
2417,159,4,4959,1,254,0
2418,159,4,5325,1,136,0
2419,159,4,5410,1,133,0
2420,159,4,4680,1,335,0
2421,159,4,4729,1,288,0
2422,159,4,5482,1,89,0
2423,159,4,5336,1,146,0
2424,159,4,5201,1,179,0
2425,159,4,5569,1,60,0
2426,159,4,5481,1,95,0
2427,159,4,5415,1,109,0
2428,159,4,5165,1,184,0
2429,159,4,5369,1,138,0
2430,159,4,4912,1,280,0
2431,159,4,5238,1,140,0
2432,159,4,5131,1,207,0
2433,159,4,5278,1,157,0
2434,159,4,5233,1,142,0
2435,160,4,5051,1,210,0
2436,160,4,5121,1,198,0
2437,160,4,5445,1,93,0
2438,160,4,5268,1,130,0
2439,160,4,5028,1,212,0
2440,160,4,4865,1,282,0
2441,160,4,4764,1,294,0
2442,160,4,5365,1,127,0
2443,160,4,5167,1,193,0
2444,160,4,5017,1,245,0
2445,160,4,4909,1,232,0
2446,160,4,5124,1,206,0
2447,160,4,5566,1,59,0
2448,160,4,5242,1,141,0
2449,160,4,5326,1,111,0
2450,160,4,5514,1,79,0
2451,160,4,5474,1,99,0
2452,160,4,5232,1,168,0
2453,161,4,4807,1,248,0
2454,161,4,5386,1,101,0
2455,161,4,5159,1,145,0
2456,161,4,4641,1,290,0
2457,161,4,4948,1,218,0
2458,161,4,4678,1,247,0
2459,161,4,5404,1,106,0
2460,161,4,5513,1,73,0
2461,161,4,5255,1,141,0
2462,161,4,5127,1,180,0
2463,161,4,5317,1,127,0
2464,161,4,5210,1,160,0
2465,161,4,5185,1,151,0
2466,161,4,5352,1,125,0
2467,161,4,5360,1,125,0
2468,161,4,5367,1,110,0
2469,161,4,5505,1,79,0
2470,161,4,5556,1,62,0
2471,161,4,5354,1,138,0
2472,161,4,5269,1,147,0
2473,161,4,5240,1,167,0
2474,161,4,5206,1,142,0
2475,162,4,4911,1,264,0
2476,162,4,5139,1,174,0
2477,162,4,5404,1,104,0
2478,162,4,5390,1,116,0
2479,162,4,4521,1,300,0
2480,162,4,4507,1,283,0
2481,162,4,5152,1,169,0
2482,162,4,4929,1,213,0
2483,162,4,4890,1,253,0
2484,162,4,4707,1,249,0
2485,162,4,5312,1,121,0
2486,162,4,5291,1,143,0
2487,162,4,5245,1,129,0
2488,162,4,5541,1,69,0
2489,162,4,4802,1,288,0
2490,162,4,4631,1,297,0
2491,163,4,5445,1,101,0
2492,163,4,5243,1,167,0
2493,163,4,5348,1,101,0
2494,163,4,5561,1,65,0
2495,163,4,5380,1,111,0
2496,163,4,5270,1,132,0
2497,163,4,5330,1,121,0
2498,163,4,5328,1,117,0
2499,163,4,5353,1,104,0
2500,163,0,99,0,1001,1
2501,163,4,5171,1,181,0
2502,163,4,5307,1,140,0
2503,163,4,5518,1,73,0
2504,163,4,4565,1,320,0
2505,163,4,5479,1,83,0
2506,163,4,5553,1,72,0
2507,163,4,5270,1,154,0
2508,163,4,5499,1,92,0
2509,163,4,5412,1,92,0
2510,164,4,5471,1,88,0
2511,164,4,5161,1,154,0
2512,164,4,5458,1,83,0
2513,164,4,5404,1,107,0
2514,164,4,5425,1,96,0
2515,164,4,4698,1,298,0
2516,164,4,5421,1,101,0
2517,164,4,5277,1,136,0
2518,164,4,5531,1,71,0
2519,164,4,5479,1,93,0
2520,164,4,4982,1,262,0
2521,164,4,5518,1,83,0
2522,164,4,5534,1,75,0
2523,164,4,5353,1,138,0
2524,164,4,5578,1,56,0
2525,164,4,5508,1,86,0
2526,164,4,5363,1,133,0
2527,164,4,5569,1,63,0
2528,164,4,5610,1,49,0
2529,164,4,5153,1,231,0
2530,164,4,5416,1,115,0
2531,164,4,5445,1,103,0
2532,164,4,5323,1,143,0
2533,164,4,5179,1,159,0
2534,164,4,5574,1,63,0
2535,164,4,5452,1,100,0
2536,164,4,5566,1,66,0
2537,164,4,5549,1,65,0
2538,165,4,5233,1,151,0
2539,165,4,4927,1,228,0
2540,165,4,5475,1,84,0
2541,165,4,5526,1,78,0
2542,165,4,5336,1,134,0
2543,165,4,4881,1,244,0
2544,165,4,4865,1,240,0
2545,165,4,5103,1,180,0
2546,165,4,4939,1,222,0
2547,165,4,5550,1,67,0
2548,165,4,5588,1,59,0
2549,165,4,5508,1,86,0
2550,165,3,3495,0,1001,0
2551,165,4,5529,1,76,0
2552,165,4,5162,1,176,0
2553,166,2,2366,0,1001,0
2554,166,4,5039,1,204,0
2555,166,4,5346,1,119,0
2556,166,4,5159,1,207,0
2557,166,4,5275,1,178,0
2558,166,4,4925,1,236,0
2559,166,4,4952,1,221,0
2560,166,4,5468,1,90,0
2561,166,4,5467,1,100,0
2562,166,4,5496,1,85,0
2563,166,4,5365,1,122,0
2564,166,4,5340,1,142,0
2565,166,4,5463,1,97,0
2566,166,4,5383,1,108,0
2567,166,4,5242,1,146,0
2568,166,4,5343,1,121,0
2569,166,4,5356,1,116,0
2570,167,4,5161,1,153,0
2571,167,4,5546,1,75,0
2572,167,4,5392,1,113,0
2573,167,4,5269,1,166,0
2574,167,4,5471,1,86,0
2575,167,4,5529,1,73,0
2576,167,4,5040,1,193,0
2577,167,4,5077,1,214,0
2578,167,4,5269,1,129,0
2579,167,4,4835,1,272,0
2580,167,4,5371,1,120,0
2581,167,4,4911,1,237,0
2582,167,4,5312,1,133,0
2583,167,4,5421,1,100,0
2584,167,4,5614,1,52,0
2585,167,4,5423,1,112,0
2586,167,4,5391,1,116,0
2587,167,4,5538,1,75,0
2588,167,4,5525,1,71,0
2589,167,4,5562,1,66,0
2590,167,4,5375,1,139,0
2591,167,4,5631,1,48,0
2592,167,4,5466,1,93,0
2593,167,4,5447,1,93,0
2594,167,4,5384,1,124,0
2595,168,4,5002,1,217,0
2596,168,4,5505,1,79,0
2597,168,4,5484,1,93,0
2598,168,4,5071,1,215,0
2599,168,4,5389,1,123,0
2600,168,1,1288,0,1001,1
2601,168,4,4364,1,396,0
2602,168,4,5406,1,123,0
2603,168,4,5626,1,53,0
2604,168,4,5328,1,133,0
2605,168,4,5148,1,208,0
2606,168,4,5554,1,64,0
2607,168,4,5600,1,58,0
2608,168,4,5481,1,92,0
2609,168,4,5506,1,85,0
2610,168,4,5566,1,62,0
2611,168,4,5589,1,60,0
2612,168,4,5424,1,113,0
2613,168,4,5320,1,112,0
2614,169,4,5427,1,108,0
2615,169,4,5298,1,130,0
2616,169,4,5357,1,106,0
2617,169,4,5395,1,118,0
2618,169,4,5444,1,93,0
2619,169,4,5442,1,98,0
2620,169,4,4927,1,237,0
2621,169,4,5348,1,142,0
2622,169,4,5531,1,78,0
2623,169,4,5387,1,113,0
2624,169,4,5462,1,119,0
2625,169,4,4924,1,267,0
2626,169,4,4884,1,235,0
2627,169,4,5408,1,114,0
2628,169,4,5495,1,80,0
2629,169,4,5420,1,126,0
2630,169,4,5563,1,68,0
2631,169,4,5551,1,87,0
2632,169,4,5524,1,81,0
2633,169,4,5482,1,92,0
2634,170,2,2366,0,1001,0
2635,170,4,5549,1,75,0
2636,170,4,5332,1,137,0
2637,170,4,5389,1,110,0
2638,170,4,5387,1,114,0
2639,170,4,5564,1,73,0
2640,170,4,5412,1,105,0
2641,170,4,5349,1,127,0
2642,170,4,5427,1,109,0
2643,170,4,5090,1,174,0
2644,170,4,5325,1,135,0
2645,170,4,5365,1,116,0
2646,170,4,5215,1,151,0
2647,170,4,5363,1,116,0
2648,170,4,5474,1,84,0
2649,170,4,5522,1,78,0
2650,170,4,5576,1,63,0
2651,170,4,5209,1,150,0
2652,170,4,5405,1,106,0
2653,170,4,4101,1,472,0
2654,170,4,5657,1,37,0
2655,170,4,5488,1,94,0
2656,170,4,5329,1,129,0
2657,170,4,5623,1,48,0
2658,170,4,5525,1,83,0
2659,171,4,5101,1,193,0
2660,171,4,5150,1,170,0
2661,171,4,5529,1,73,0
2662,171,4,5593,1,60,0
2663,171,4,5364,1,113,0
2664,171,4,5476,1,99,0
2665,171,4,5558,1,64,0
2666,171,4,5402,1,101,0
2667,171,4,5405,1,121,0
2668,171,4,5389,1,109,0
2669,171,4,5436,1,95,0
2670,171,4,5423,1,97,0
2671,171,4,5593,1,52,0
2672,171,4,5569,1,62,0
2673,171,4,4945,1,228,0
2674,171,4,5355,1,112,0
2675,171,4,4826,1,252,0
2676,171,4,5038,1,194,0
2677,171,4,5410,1,97,0
2678,171,4,5488,1,80,0
2679,171,4,5043,1,189,0
2680,171,4,4911,1,256,0
2681,171,4,4937,1,218,0
2682,172,4,4485,1,355,0
2683,172,4,5397,1,97,0
2684,172,4,5297,1,131,0
2685,172,4,5526,1,76,0
2686,172,4,5457,1,87,0
2687,172,4,5009,1,178,0
2688,172,4,5474,1,92,0
2689,172,4,5488,1,94,0
2690,172,4,5445,1,93,0
2691,172,4,5274,1,128,0
2692,172,4,5418,1,97,0
2693,172,4,5363,1,112,0
2694,172,4,5296,1,130,0
2695,172,4,5050,1,190,0
2696,172,4,4856,1,201,0
2697,172,4,5410,1,97,0
2698,172,4,5278,1,116,0
2699,172,4,5307,1,124,0
2700,173,0,0,0,1001,1
2701,173,4,5446,1,101,0
2702,173,4,5414,1,100,0
2703,173,4,5383,1,104,0
2704,173,4,5237,1,155,0
2705,173,4,5402,1,100,0
2706,173,4,5215,1,147,0
2707,173,4,5392,1,99,0
2708,173,4,4844,1,217,0
2709,173,4,5274,1,131,0
2710,173,4,5425,1,96,0
2711,173,4,5555,1,65,0
2712,173,4,5317,1,139,0
2713,173,4,5509,1,76,0
2714,173,4,5444,1,95,0
2715,173,4,5377,1,110,0
2716,173,4,5310,1,124,0
2717,173,4,4802,1,265,0
2718,173,4,5403,1,103,0
2719,173,4,5411,1,101,0
2720,173,4,5494,1,79,0
2721,173,4,5464,1,85,0
2722,173,4,5464,1,85,0
2723,173,4,5555,1,67,0
2724,173,4,5379,1,117,0
2725,173,4,5285,1,139,0
2726,173,4,4921,1,224,0
2727,174,4,5081,1,204,0
2728,174,4,5462,1,79,0
2729,174,4,5419,1,98,0
2730,174,4,5342,1,139,0
2731,174,4,5447,1,91,0
2732,174,4,5384,1,112,0
2733,174,4,5560,1,65,0
2734,174,4,5485,1,81,0
2735,174,4,5208,1,173,0
2736,174,4,5515,1,72,0
2737,174,4,5422,1,92,0
2738,174,4,5552,1,66,0
2739,174,4,5472,1,109,0
2740,174,4,5313,1,127,0
2741,174,1,1179,0,1001,0
2742,174,4,5343,1,145,0
2743,174,4,5495,1,93,0
2744,175,3,3501,0,1001,0
2745,175,4,5007,1,252,0
2746,175,4,5442,1,111,0
2747,175,4,3928,1,546,0
2748,175,4,5091,1,197,0
2749,175,4,4605,1,282,0
2750,175,4,4723,1,285,0
2751,175,4,5110,1,160,0
2752,175,4,5187,1,154,0
2753,175,4,4776,1,261,0
2754,176,4,5047,1,238,0
2755,176,4,5012,1,225,0
2756,176,4,5327,1,124,0
2757,176,4,5537,1,70,0
2758,176,4,5491,1,79,0
2759,176,4,5107,1,153,0
2760,176,4,5064,1,181,0
2761,176,4,5508,1,75,0
2762,176,4,5348,1,115,0
2763,176,4,5229,1,161,0
2764,176,4,5374,1,140,0
2765,176,4,4915,1,225,0
2766,176,4,5291,1,126,0
2767,176,4,5389,1,121,0
2768,176,4,5427,1,134,0
2769,176,4,5045,1,195,0
2770,176,4,5096,1,214,0
2771,176,4,5420,1,90,0
2772,176,4,5438,1,95,0
2773,176,4,4812,1,253,0
2774,176,4,4751,1,270,0
2775,176,4,5537,1,89,0
2776,177,4,5486,1,80,0
2777,177,4,5453,1,81,0
2778,177,4,5244,1,134,0
2779,177,4,5494,1,75,0
2780,177,4,4883,1,251,0
2781,177,4,5165,1,195,0
2782,177,4,5244,1,159,0
2783,177,4,5494,1,78,0
2784,177,4,5457,1,108,0
2785,177,4,5418,1,93,0
2786,177,4,5232,1,181,0
2787,177,4,5418,1,96,0
2788,177,4,4998,1,212,0
2789,177,4,5577,1,55,0
2790,177,4,5371,1,124,0
2791,177,4,5383,1,108,0
2792,177,4,5384,1,105,0
2793,177,4,5377,1,131,0
2794,177,4,4789,1,271,0
2795,177,4,5316,1,138,0
2796,177,4,5312,1,115,0
2797,177,4,5505,1,73,0
2798,177,4,5119,1,189,0
2799,177,4,5569,1,68,0
2800,178,1,1182,0,1001,1
2801,178,4,5458,1,119,0
2802,178,4,5270,1,141,0
2803,178,4,4507,1,309,0
2804,178,4,5194,1,141,0
2805,178,4,5104,1,185,0
2806,178,4,5119,1,173,0
2807,178,4,5450,1,93,0
2808,178,4,4981,1,213,0
2809,178,4,5157,1,158,0
2810,178,4,5559,1,58,0
2811,178,4,5461,1,87,0
2812,178,4,5515,1,75,0
2813,178,4,5516,1,75,0
2814,178,4,5249,1,144,0
2815,178,4,5571,1,99,0
2816,178,4,5182,1,173,0
2817,179,4,5143,1,149,0
2818,179,4,4914,1,203,0
2819,179,4,5393,1,94,0
2820,179,4,5051,1,180,0
2821,179,4,5103,1,182,0
2822,179,4,5458,1,80,0
2823,179,4,5167,1,153,0
2824,179,4,4892,1,216,0
2825,179,4,5527,1,81,0
2826,179,4,5577,1,93,0
2827,179,4,5582,1,68,0
2828,179,4,5343,1,120,0
2829,179,4,5481,1,77,0
2830,179,4,5481,1,81,0
2831,179,4,5482,1,86,0
2832,179,4,5562,1,67,0
2833,179,4,5450,1,106,0
2834,179,4,5473,1,86,0
2835,179,4,5560,1,95,0
2836,179,4,5424,1,119,0
2837,179,4,5372,1,122,0
2838,179,4,5371,1,113,0
2839,179,4,5184,1,156,0
2840,179,4,4491,1,371,0
2841,179,4,5498,1,80,0
2842,180,4,5296,1,140,0
2843,180,4,5638,1,69,0
2844,180,4,5496,1,77,0
2845,180,4,5537,1,87,0
2846,180,4,5427,1,102,0
2847,180,4,5501,1,81,0
2848,180,4,5453,1,96,0
2849,180,4,5588,1,55,0
2850,180,4,5518,1,85,0
2851,180,4,5140,1,162,0
2852,180,4,5534,1,70,0
2853,180,4,5348,1,126,0
2854,180,4,5547,1,80,0
2855,180,4,5430,1,105,0
2856,180,4,5526,1,89,0
2857,180,4,5448,1,98,0
2858,180,4,5462,1,85,0
2859,180,4,5437,1,108,0
2860,180,4,5476,1,108,0
2861,180,4,5587,1,54,0
2862,180,4,5558,1,62,0
2863,180,4,5521,1,77,0
2864,180,4,5352,1,111,0
2865,180,4,5462,1,101,0
2866,180,4,5411,1,106,0
2867,180,4,5569,1,65,0
2868,180,4,5479,1,97,0
2869,180,4,5298,1,116,0
2870,180,4,5438,1,99,0
2871,180,4,5445,1,85,0
2872,180,4,5523,1,82,0
2873,180,4,5466,1,91,0
2874,180,4,5457,1,82,0
2875,180,4,5513,1,78,0
2876,181,4,5389,1,110,0
2877,181,4,5392,1,114,0
2878,181,4,5441,1,95,0
2879,181,4,5159,1,149,0
2880,181,4,4708,1,231,0
2881,181,4,5249,1,131,0
2882,181,4,4841,1,273,0
2883,181,4,5586,1,61,0
2884,181,4,5349,1,127,0
2885,181,4,5213,1,154,0
2886,181,4,5324,1,114,0
2887,181,4,5225,1,141,0
2888,181,4,5526,1,72,0
2889,181,4,4959,1,203,0
2890,181,4,5521,1,84,0
2891,181,4,5281,1,140,0
2892,181,4,5565,1,59,0
2893,181,4,5510,1,115,0
2894,181,4,5438,1,91,0
2895,181,4,5501,1,70,0
2896,181,4,5443,1,90,0
2897,181,4,5410,1,92,0
2898,181,4,5522,1,76,0
2899,181,4,5459,1,89,0
2900,182,3,3509,0,1001,1
2901,182,4,5525,1,71,0
2902,182,4,5419,1,118,0
2903,182,4,5424,1,101,0
2904,182,4,5510,1,76,0
2905,182,4,5544,1,80,0
2906,182,4,5419,1,109,0
2907,182,4,5522,1,76,0
2908,182,4,5441,1,80,0
2909,182,4,5541,1,95,0
2910,182,4,5312,1,140,0
2911,182,4,5495,1,89,0
2912,182,4,5529,1,65,0
2913,182,4,5390,1,124,0
2914,182,4,5518,1,104,0
2915,182,4,5410,1,122,0
2916,182,4,5552,1,65,0
2917,182,4,5471,1,83,0
2918,182,4,5471,1,89,0
2919,182,4,5261,1,173,0
2920,182,4,4871,1,217,0
2921,182,4,4982,1,218,0
2922,182,4,5517,1,71,0
2923,182,4,5487,1,108,0
2924,183,4,4860,1,206,0
2925,183,4,5478,1,111,0
2926,183,4,5215,1,156,0
2927,183,4,5370,1,139,0
2928,183,4,5106,1,190,0
2929,183,4,5459,1,168,0
2930,183,4,5075,1,223,0
2931,183,4,5352,1,127,0
2932,183,4,4595,1,315,0
2933,183,4,5125,1,159,0
2934,183,4,5131,1,165,0
2935,183,4,5351,1,113,0
2936,183,4,4222,1,488,0
2937,183,4,5189,1,184,0
2938,183,4,5260,1,127,0
2939,183,4,5104,1,163,0
2940,184,4,4865,1,234,0
2941,184,4,5286,1,135,0
2942,184,4,5384,1,101,0
2943,184,4,5254,1,141,0
2944,184,4,5367,1,110,0
2945,184,4,5049,1,185,0
2946,184,4,5391,1,135,0
2947,184,4,5169,1,157,0
2948,184,4,4844,1,209,0
2949,184,4,5546,1,77,0
2950,184,4,5288,1,127,0
2951,184,4,5064,1,166,0
2952,184,4,4732,1,258,0
2953,184,4,5299,1,129,0
2954,184,4,5295,1,142,0
2955,184,4,5223,1,143,0
2956,184,4,5021,1,200,0
2957,184,4,5040,1,186,0
2958,184,4,5158,1,161,0
2959,184,4,5328,1,112,0
2960,184,4,5432,1,96,0
2961,185,4,5085,1,187,0
2962,185,4,5420,1,121,0
2963,185,4,5202,1,149,0
2964,185,4,5459,1,91,0
2965,185,4,4639,1,312,0
2966,185,4,4545,1,362,0
2967,185,4,5505,1,81,0
2968,185,4,5472,1,99,0
2969,185,4,5524,1,88,0
2970,185,4,5139,1,185,0
2971,185,4,4999,1,225,0
2972,185,4,5389,1,103,0
2973,185,4,5146,1,170,0
2974,185,4,5408,1,126,0
2975,185,4,5396,1,126,0
2976,185,4,5364,1,131,0
2977,185,4,5353,1,111,0
2978,185,4,4876,1,262,0
2979,185,4,5249,1,138,0
2980,185,4,5208,1,171,0
2981,186,4,5267,1,158,0
2982,186,4,5524,1,72,0
2983,186,4,5396,1,110,0
2984,186,4,4541,1,389,0
2985,186,4,5012,1,219,0
2986,186,4,4438,1,368,0
2987,186,4,5309,1,123,0
2988,186,4,5439,1,91,0
2989,186,4,4874,1,263,0
2990,186,4,4690,1,387,0
2991,186,4,4720,1,316,0
2992,186,4,5349,1,118,0
2993,186,4,5220,1,168,0
2994,186,4,5405,1,111,0
2995,186,4,5309,1,140,0
2996,186,4,5337,1,126,0
2997,187,4,4839,1,252,0
2998,187,4,5077,1,170,0
2999,187,4,5367,1,127,0
3000,187,0,99,0,1001,1
3001,187,4,4678,1,284,0
3002,187,2,2299,0,1001,0
3003,187,4,4655,1,312,0
3004,188,4,4054,1,470,0
3005,188,4,5000,1,181,0
3006,188,4,5364,1,99,0
3007,188,4,4352,1,317,0
3008,188,4,5350,1,106,0
3009,188,4,4911,1,214,0
3010,188,4,5499,1,77,0
3011,188,4,4593,1,298,0
3012,188,2,2303,0,1001,0
3013,188,4,5366,1,127,0
3014,188,4,5296,1,121,0
3015,188,4,5101,1,194,0
3016,189,4,5023,1,220,0
3017,189,4,5154,1,148,0
3018,189,2,2257,0,1001,0
3019,189,4,5085,1,192,0
3020,189,4,4958,1,198,0
3021,189,4,5308,1,122,0
3022,189,4,5109,1,195,0
3023,189,4,5035,1,210,0
3024,189,4,4568,1,328,0
3025,189,4,5213,1,182,0
3026,189,4,5018,1,174,0
3027,190,4,4504,1,358,0
3028,190,4,5102,1,166,0
3029,190,4,4823,1,250,0
3030,190,4,4600,1,315,0
3031,190,4,4744,1,254,0
3032,190,4,5300,1,120,0
3033,190,4,4291,1,425,0
3034,190,4,4127,1,421,0
3035,190,4,4870,1,219,0
3036,190,4,5298,1,107,0
3037,190,4,4951,1,215,0
3038,190,4,5265,1,121,0
3039,190,4,5350,1,99,0
3040,190,4,4985,1,178,0
3041,190,4,5016,1,161,0
3042,191,4,5465,1,76,0
3043,191,4,5612,1,48,0
3044,191,4,5087,1,151,0
3045,191,4,4680,1,243,0
3046,191,4,5319,1,105,0
3047,191,4,5359,1,109,0
3048,191,3,3120,0,1001,0
3049,191,4,5013,1,172,0
3050,191,4,5061,1,156,0
3051,191,4,4596,1,262,0
3052,191,4,4308,1,318,0
3053,191,4,3570,1,517,0
3054,192,4,4936,1,180,0
3055,192,4,5484,1,90,0
3056,192,4,4306,1,314,0
3057,192,4,5299,1,110,0
3058,192,4,4946,1,181,0
3059,192,4,4800,1,233,0
3060,192,4,5408,1,95,0
3061,192,4,4633,1,244,0
3062,192,4,4954,1,194,0
3063,192,4,4994,1,191,0
3064,192,4,4478,1,299,0
3065,192,4,4471,1,282,0
3066,192,4,3934,1,422,0
3067,192,4,5330,1,111,0
3068,192,4,5516,1,110,0
3069,192,4,5346,1,107,0
3070,193,4,5393,1,102,0
3071,193,4,4839,1,236,0
3072,193,4,4661,1,254,0
3073,193,4,5309,1,113,0
3074,193,4,5025,1,170,0
3075,193,4,5531,1,69,0
3076,193,4,5141,1,152,0
3077,193,4,5080,1,158,0
3078,193,4,4860,1,199,0
3079,193,4,4653,1,238,0
3080,193,4,5508,1,71,0
3081,193,3,2922,0,1001,0
3082,193,4,5523,1,71,0
3083,193,4,5386,1,93,0
3084,193,4,5396,1,90,0
3085,193,4,5388,1,92,0
3086,193,4,5400,1,93,0
3087,194,4,5390,1,95,0
3088,194,4,5100,1,148,0
3089,194,4,5360,1,119,0
3090,194,4,5255,1,135,0
3091,194,4,4895,1,215,0
3092,194,4,5491,1,85,0
3093,194,4,5016,1,193,0
3094,194,4,4956,1,194,0
3095,194,4,5107,1,180,0
3096,194,4,5201,1,154,0
3097,194,4,5188,1,133,0
3098,194,4,4599,1,264,0
3099,194,4,5213,1,150,0
3100,194,0,0,0,1001,1
3101,194,4,5067,1,164,0
3102,195,4,5277,1,123,0
3103,195,4,5462,1,80,0
3104,195,4,5242,1,121,0
3105,195,4,5329,1,108,0
3106,195,4,4872,1,216,0
3107,195,4,5022,1,169,0
3108,195,4,5210,1,135,0
3109,195,4,4708,1,235,0
3110,195,4,5323,1,109,0
3111,195,4,5228,1,127,0
3112,195,4,5156,1,140,0
3113,195,4,5204,1,132,0
3114,195,4,4968,1,204,0
3115,195,4,5074,1,160,0
3116,195,4,5514,1,67,0
3117,195,4,5332,1,103,0
3118,195,4,5008,1,187,0
3119,195,4,5228,1,127,0
3120,195,4,5202,1,135,0
3121,195,4,5239,1,124,0
3122,196,4,3535,1,527,0
3123,196,4,4713,1,237,0
3124,196,4,5588,1,55,0
3125,196,4,4380,1,309,0
3126,196,4,3705,1,561,0
3127,196,4,5386,1,107,0
3128,196,4,5226,1,143,0
3129,196,4,4929,1,182,0
3130,196,4,5000,1,170,0
3131,196,4,4259,1,366,0
3132,196,4,5567,1,61,0
3133,196,4,5304,1,113,0
3134,196,4,5533,1,65,0
3135,196,4,5509,1,81,0
3136,196,4,5201,1,141,0
3137,196,4,5492,1,73,0
3138,196,4,5589,1,55,0
3139,196,4,5608,1,52,0
3140,196,4,5572,1,55,0
3141,196,4,5562,1,60,0
3142,196,4,5136,1,166,0
3143,197,4,5543,1,67,0
3144,197,4,5240,1,128,0
3145,197,4,5598,1,52,0
3146,197,4,5501,1,79,0
3147,197,4,5235,1,151,0
3148,197,4,5525,1,74,0
3149,197,4,5302,1,130,0
3150,197,4,5173,1,169,0
3151,197,4,5294,1,126,0
3152,197,4,5195,1,146,0
3153,197,4,4596,1,267,0
3154,197,4,5196,1,171,0
3155,197,4,5336,1,123,0
3156,197,4,4773,1,287,0
3157,197,4,5540,1,71,0
3158,197,4,5598,1,86,0
3159,197,4,5242,1,143,0
3160,197,4,5587,1,55,0
3161,197,4,5390,1,111,0
3162,197,4,5592,1,81,0
3163,198,2,2352,0,1001,0
3164,198,4,5526,1,79,0
3165,198,4,5521,1,69,0
3166,198,4,5541,1,67,0
3167,198,4,5394,1,97,0
3168,198,4,5389,1,114,0
3169,198,4,5487,1,84,0
3170,198,4,5633,1,69,0
3171,198,4,5481,1,87,0
3172,198,4,5549,1,66,0
3173,198,4,5554,1,66,0
3174,198,4,5533,1,70,0
3175,198,4,5230,1,128,0
3176,198,4,5431,1,101,0
3177,198,4,5525,1,77,0
3178,198,4,5594,1,58,0
3179,198,4,5446,1,88,0
3180,198,4,5593,1,56,0
3181,198,4,5530,1,79,0
3182,198,4,5495,1,88,0
3183,198,4,5455,1,92,0
3184,198,4,5516,1,79,0
3185,198,4,5576,1,58,0
3186,198,4,5413,1,92,0
3187,198,4,5402,1,101,0
3188,198,4,5473,1,84,0
3189,198,4,5452,1,91,0
3190,198,4,5378,1,119,0
3191,198,4,5440,1,97,0
3192,198,4,5537,1,68,0
3193,198,4,5497,1,78,0
3194,198,4,5437,1,98,0
3195,198,4,5485,1,113,0
3196,198,4,5528,1,73,0
3197,199,4,5329,1,130,0
3198,199,4,5527,1,73,0
3199,199,4,5538,1,78,0
3200,199,2,2361,0,1001,1
3201,199,4,5435,1,96,0
3202,199,4,5464,1,94,0
3203,199,4,5449,1,96,0
3204,199,4,5432,1,103,0
3205,199,4,5456,1,95,0
3206,199,4,5078,1,175,0
3207,199,4,5477,1,89,0
3208,199,4,5490,1,82,0
3209,199,4,5574,1,60,0
3210,199,4,5360,1,127,0
3211,199,4,5597,1,55,0
3212,199,4,5545,1,68,0
3213,199,4,5528,1,74,0
3214,199,4,5283,1,148,0
3215,199,4,5337,1,120,0
3216,199,4,5492,1,80,0
3217,199,4,5565,1,66,0
3218,199,4,5461,1,82,0
3219,199,4,5512,1,82,0
3220,199,4,5448,1,90,0
3221,199,4,5477,1,85,0
3222,200,4,5508,1,79,0
3223,200,4,5482,1,77,0
3224,200,4,5505,1,81,0
3225,200,4,5478,1,88,0
3226,200,4,5630,1,74,0
3227,200,4,5387,1,116,0
3228,200,4,5469,1,76,0
3229,200,4,4840,1,249,0
3230,200,4,5412,1,99,0
3231,200,4,5357,1,113,0
3232,200,4,5433,1,92,0
3233,200,4,5381,1,107,0
3234,200,4,4645,1,244,0
3235,200,4,4861,1,250,0
3236,200,4,5511,1,74,0
3237,200,4,5360,1,105,0
3238,200,4,5207,1,131,0
3239,200,4,5244,1,135,0
3240,200,4,5240,1,134,0
3241,200,4,4985,1,212,0
3242,200,4,5081,1,223,0
3243,200,4,5080,1,162,0
3244,200,4,5131,1,159,0
3245,201,4,4258,1,349,0
3246,201,4,4330,1,340,0
3247,201,4,4411,1,344,0
3248,201,4,5018,1,180,0
3249,201,2,2325,0,1001,0
3250,201,4,5160,1,146,0
3251,201,4,5480,1,91,0
3252,201,4,5362,1,132,0
3253,201,4,4764,1,260,0
3254,201,4,4279,1,426,0
3255,202,4,4393,1,313,0
3256,202,4,5583,1,62,0
3257,202,4,5457,1,101,0
3258,202,4,4398,1,328,0
3259,202,4,4377,1,328,0
3260,202,4,4755,1,254,0
3261,202,4,5315,1,115,0
3262,202,4,4029,1,405,0
3263,202,4,5604,1,56,0
3264,202,4,5590,1,59,0
3265,202,4,5406,1,112,0
3266,202,4,3739,1,503,0
3267,202,4,4868,1,214,0
3268,202,4,5362,1,102,0
3269,202,4,5460,1,98,0
3270,202,4,5597,1,55,0
3271,203,4,5262,1,146,0
3272,203,4,5449,1,86,0
3273,203,4,5278,1,124,0
3274,203,4,5436,1,105,0
3275,203,4,5281,1,134,0
3276,203,4,5158,1,141,0
3277,203,4,5314,1,109,0
3278,203,4,5438,1,103,0
3279,203,4,4288,1,322,0
3280,203,4,5517,1,81,0
3281,203,4,5220,1,125,0
3282,203,4,5173,1,154,0
3283,203,4,4749,1,239,0
3284,203,3,3014,0,1001,0
3285,204,3,2617,0,1001,0
3286,204,4,4808,1,260,0
3287,204,4,5354,1,118,0
3288,204,4,5316,1,113,0
3289,204,4,3572,1,577,0
3290,204,4,5539,1,68,0
3291,204,4,5414,1,116,0
3292,204,4,5516,1,79,0
3293,204,4,3255,1,939,0
3294,205,2,2141,0,1001,0
3295,205,4,5431,1,96,0
3296,205,4,5467,1,96,0
3297,205,4,5504,1,70,0
3298,205,4,5413,1,107,0
3299,205,4,5449,1,93,0
3300,205,2,2352,0,1001,1
3301,205,4,5359,1,131,0
3302,205,4,5564,1,60,0
3303,205,4,5575,1,62,0
3304,205,4,5388,1,116,0
3305,205,4,5323,1,115,0
3306,205,4,5443,1,96,0
3307,205,4,5398,1,91,0
3308,205,4,5471,1,91,0
3309,205,4,5179,1,177,0
3310,206,4,4851,1,243,0
3311,206,4,5432,1,102,0
3312,206,4,5447,1,93,0
3313,206,4,5340,1,167,0
3314,206,4,5338,1,117,0
3315,206,4,5430,1,133,0
3316,206,4,5089,1,180,0
3317,206,4,4169,1,445,0
3318,206,4,5532,1,74,0
3319,206,4,5461,1,97,0
3320,206,4,5259,1,123,0
3321,206,4,5368,1,121,0
3322,206,4,5415,1,110,0
3323,206,4,5509,1,78,0
3324,206,4,5208,1,197,0
3325,206,4,5270,1,192,0
3326,206,4,5492,1,83,0
3327,206,4,5391,1,110,0
3328,206,4,5457,1,94,0
3329,206,4,5465,1,85,0
3330,206,4,5517,1,74,0
3331,206,4,4708,1,258,0
3332,206,4,5513,1,80,0
3333,207,4,5504,1,83,0
3334,207,4,5558,1,59,0
3335,207,4,5489,1,89,0
3336,207,4,5395,1,115,0
3337,207,4,5471,1,79,0
3338,207,4,5271,1,146,0
3339,207,4,5438,1,109,0
3340,207,4,5443,1,145,0
3341,207,4,5452,1,157,0
3342,207,4,5398,1,128,0
3343,207,4,5487,1,101,0
3344,207,4,5156,1,172,0
3345,207,4,5479,1,103,0
3346,207,4,5436,1,108,0
3347,207,4,5506,1,94,0
3348,207,4,5437,1,111,0
3349,207,4,5222,1,185,0
3350,207,4,5496,1,89,0
3351,207,4,5433,1,104,0
3352,207,4,5359,1,130,0
3353,207,4,5438,1,114,0
3354,207,4,4613,1,293,0
3355,207,4,5639,1,65,0
3356,208,2,2323,0,1001,0
3357,208,4,5349,1,133,0
3358,208,4,5345,1,125,0
3359,208,4,5507,1,73,0
3360,208,4,5259,1,145,0
3361,208,4,5598,1,76,0
3362,208,4,5554,1,90,0
3363,208,4,5468,1,89,0
3364,208,4,5401,1,136,0
3365,208,4,5485,1,130,0
3366,208,4,5250,1,155,0
3367,208,4,5404,1,131,0
3368,208,4,5516,1,98,0
3369,208,4,5244,1,179,0
3370,208,4,5356,1,122,0
3371,208,4,5528,1,105,0
3372,208,4,5100,1,172,0
3373,208,4,5215,1,185,0
3374,208,4,5492,1,77,0
3375,209,3,3360,0,1001,0
3376,209,4,5546,1,121,0
3377,209,4,4652,1,362,0
3378,209,4,5098,1,208,0
3379,209,4,5041,1,214,0
3380,209,4,5040,1,209,0
3381,209,4,5417,1,125,0
3382,209,4,5235,1,170,0
3383,209,3,2923,0,1001,0
3384,210,4,4989,1,264,0
3385,210,4,5110,1,187,0
3386,210,4,5051,1,231,0
3387,210,4,3544,1,646,0
3388,210,4,3969,1,450,0
3389,210,4,4685,1,319,0
3390,210,4,5214,1,170,0
3391,210,2,2352,0,1001,0
3392,211,4,5565,1,87,0
3393,211,4,5019,1,228,0
3394,211,4,5226,1,151,0
3395,211,4,5438,1,122,0
3396,211,4,5407,1,145,0
3397,211,4,5511,1,97,0
3398,211,4,5454,1,100,0
3399,211,4,5551,1,81,0
3400,211,0,198,0,1001,1
3401,211,4,4952,1,249,0
3402,211,4,5044,1,211,0
3403,211,4,5519,1,96,0
3404,211,4,5446,1,128,0
3405,211,4,5244,1,152,0
3406,211,4,5376,1,120,0
3407,211,4,5325,1,157,0
3408,212,4,5534,1,98,0
3409,212,4,5396,1,127,0
3410,212,4,5304,1,140,0
3411,212,4,5317,1,131,0
3412,212,4,5288,1,141,0
3413,212,4,5456,1,134,0
3414,212,4,5286,1,158,0
3415,212,3,3125,0,1001,0
3416,212,4,5481,1,129,0
3417,212,4,5248,1,174,0
3418,212,4,5555,1,90,0
3419,212,4,5297,1,149,0
3420,212,4,5654,1,78,0
3421,212,4,5110,1,167,0
3422,212,4,4861,1,258,0
3423,212,4,5448,1,99,0
3424,212,4,5272,1,117,0
3425,213,4,5130,1,184,0
3426,213,4,5148,1,166,0
3427,213,4,5135,1,144,0
3428,213,4,5002,1,215,0
3429,213,4,5288,1,123,0
3430,213,4,5196,1,158,0
3431,213,4,5051,1,217,0
3432,213,4,5338,1,123,0
3433,213,4,3633,1,543,0
3434,213,4,5280,1,144,0
3435,213,4,4993,1,204,0
3436,213,4,4672,1,278,0
3437,213,4,4879,1,231,0
3438,213,4,4697,1,252,0
3439,214,4,4761,1,273,0
3440,214,4,3833,1,467,0
3441,214,3,2903,0,1001,0
3442,214,4,5149,1,161,0
3443,214,4,5004,1,193,0
3444,214,4,5358,1,111,0
3445,214,4,5138,1,148,0
3446,214,4,4220,1,627,0
3447,214,4,5259,1,146,0
3448,214,4,4757,1,255,0
3449,215,4,5216,1,159,0
3450,215,4,5235,1,159,0
3451,215,4,5171,1,156,0
3452,215,4,4685,1,262,0
3453,215,4,4615,1,259,0
3454,215,4,5325,1,125,0
3455,215,4,5299,1,115,0
3456,215,4,4951,1,189,0
3457,215,4,5281,1,125,0
3458,215,4,5209,1,130,0
3459,215,3,3195,0,1001,0
3460,215,4,5408,1,107,0
3461,216,4,4247,1,510,0
3462,216,4,5511,1,99,0
3463,216,4,4828,1,283,0
3464,216,4,5258,1,137,0
3465,216,4,5213,1,187,0
3466,216,4,5251,1,160,0
3467,216,4,5449,1,100,0
3468,216,4,5229,1,139,0
3469,216,2,2098,0,1001,0
3470,216,4,5246,1,138,0
3471,216,4,5106,1,179,0
3472,216,4,5238,1,145,0
3473,216,4,4940,1,222,0
3474,216,4,5195,1,156,0
3475,217,4,5301,1,145,0
3476,217,4,4314,1,491,0
3477,217,2,2220,0,1001,0
3478,217,4,4901,1,283,0
3479,217,2,2341,0,1001,0
3480,217,4,4785,1,267,0
3481,218,4,5169,1,161,0
3482,218,2,1597,0,1001,0
3483,218,4,4698,1,259,0
3484,218,4,4864,1,212,0
3485,218,4,5364,1,109,0
3486,218,4,4839,1,208,0
3487,218,4,4926,1,193,0
3488,218,4,4419,1,487,0
3489,218,4,4410,1,333,0
3490,218,4,5055,1,178,0
3491,219,3,2725,0,1001,0
3492,219,4,5453,1,94,0
3493,219,4,5025,1,179,0
3494,219,4,5095,1,165,0
3495,219,4,4845,1,272,0
3496,219,4,4515,1,325,0
3497,219,4,4856,1,249,0
3498,219,4,3889,1,451,0
3499,219,4,5347,1,116,0
3500,220,0,99,0,1001,1
3501,220,4,5391,1,106,0
3502,220,4,4392,1,447,0
3503,220,4,5343,1,135,0
3504,220,4,4861,1,272,0
3505,220,4,5121,1,155,0
3506,220,2,1964,0,1001,0
3507,220,4,5373,1,99,0
3508,220,4,5133,1,195,0
3509,221,4,5114,1,180,0
3510,221,4,5253,1,135,0
3511,221,4,4387,1,374,0
3512,221,4,4798,1,259,0
3513,221,4,4491,1,378,0
3514,221,4,5207,1,142,0
3515,221,4,5204,1,152,0
3516,221,4,5076,1,160,0
3517,221,4,5020,1,235,0
3518,221,4,4827,1,310,0
3519,221,4,5403,1,94,0
3520,221,4,5364,1,99,0
3521,221,4,5176,1,137,0
3522,221,4,5079,1,175,0
3523,221,4,5230,1,125,0
3524,221,4,5245,1,130,0
3525,222,4,4767,1,227,0
3526,222,4,4944,1,211,0
3527,222,2,2329,0,1001,0
3528,222,4,4251,1,344,0
3529,222,4,5281,1,121,0
3530,222,4,5405,1,92,0
3531,222,4,4049,1,492,0
3532,222,4,4938,1,246,0
3533,222,4,5177,1,147,0
3534,222,4,5470,1,80,0
3535,222,4,5219,1,149,0
3536,222,4,5304,1,126,0
3537,222,4,5454,1,86,0
3538,223,4,5247,1,142,0
3539,223,4,5464,1,87,0
3540,223,4,4925,1,225,0
3541,223,4,5359,1,109,0
3542,223,4,5562,1,58,0
3543,223,4,5212,1,145,0
3544,223,4,5258,1,117,0
3545,223,4,5575,1,74,0
3546,223,4,5591,1,74,0
3547,223,4,5296,1,118,0
3548,223,4,4467,1,357,0
3549,223,4,5151,1,166,0
3550,223,4,4917,1,197,0
3551,223,4,4916,1,189,0
3552,223,4,5541,1,65,0
3553,223,4,5540,1,71,0
3554,223,4,5510,1,69,0
3555,223,4,5600,1,51,0
3556,223,4,5431,1,89,0
3557,223,4,5533,1,63,0
3558,223,4,5588,1,63,0
3559,223,4,5436,1,94,0
3560,223,4,5110,1,150,0
3561,223,4,5232,1,119,0
3562,223,4,5261,1,116,0
3563,224,4,4676,1,234,0
3564,224,4,5243,1,129,0
3565,224,4,5336,1,101,0
3566,224,4,5522,1,66,0
3567,224,4,5021,1,164,0
3568,224,4,4915,1,188,0
3569,224,4,3846,1,435,0
3570,224,4,4736,1,223,0
3571,224,4,4852,1,195,0
3572,224,4,4856,1,199,0
3573,224,4,5304,1,119,0
3574,224,4,4445,1,309,0
3575,224,4,5357,1,108,0
3576,224,4,4666,1,237,0
3577,224,4,5059,1,168,0
3578,224,4,5306,1,107,0
3579,224,4,5282,1,118,0
3580,224,4,5238,1,124,0
3581,224,4,5091,1,159,0
3582,225,4,4622,1,271,0
3583,225,4,3968,1,429,0
3584,225,4,5445,1,105,0
3585,225,4,5283,1,128,0
3586,225,4,5243,1,138,0
3587,225,4,4309,1,364,0
3588,225,4,5239,1,130,0
3589,225,4,5302,1,140,0
3590,225,4,4815,1,210,0
3591,225,4,5000,1,187,0
3592,225,4,4677,1,252,0
3593,225,4,5426,1,89,0
3594,225,4,5391,1,110,0
3595,225,4,5514,1,72,0
3596,225,4,5239,1,129,0
3597,225,4,4956,1,179,0
3598,225,4,5467,1,86,0
3599,225,4,5487,1,84,0
3600,226,0,0,0,1001,1
3601,226,2,2286,0,1001,0
3602,226,4,5336,1,113,0
3603,226,4,5409,1,98,0
3604,226,4,5264,1,121,0
3605,226,4,5270,1,124,0
3606,226,4,4226,1,344,0
3607,227,2,2328,0,1001,0
3608,227,4,5402,1,90,0
3609,227,4,4438,1,332,0
3610,227,4,5390,1,103,0
3611,227,4,2567,1,880,0
3612,227,4,4136,1,365,0
3613,227,4,5318,1,175,0
3614,227,4,5533,1,73,0
3615,227,4,5177,1,142,0
3616,227,4,5480,1,81,0
3617,227,4,4913,1,187,0
3618,227,4,5514,1,73,0
3619,228,4,4546,1,269,0
3620,228,4,5528,1,77,0
3621,228,4,4294,1,382,0
3622,228,4,5560,1,66,0
3623,228,4,5466,1,104,0
3624,228,4,5527,1,71,0
3625,228,4,5417,1,142,0
3626,228,4,5305,1,186,0
3627,228,4,5513,1,75,0
3628,228,4,5556,1,72,0
3629,228,4,5516,1,90,0
3630,228,4,5533,1,75,0
3631,228,4,5428,1,90,0
3632,228,4,4682,1,273,0
3633,228,4,5546,1,69,0
3634,228,4,4089,1,391,0
3635,228,4,5563,1,68,0
3636,228,4,5477,1,90,0
3637,228,4,5548,1,79,0
3638,229,1,1188,0,1001,0
3639,229,4,5476,1,80,0
3640,229,4,5504,1,82,0
3641,229,1,1187,0,1001,0
3642,229,4,5440,1,119,0
3643,229,4,5499,1,86,0
3644,229,4,5470,1,103,0
3645,229,4,5334,1,123,0
3646,229,4,5563,1,66,0
3647,229,4,5525,1,78,0
3648,229,4,5560,1,70,0
3649,229,4,5427,1,122,0
3650,229,4,4944,1,187,0
3651,230,1,1126,0,1001,0
3652,230,4,5461,1,98,0
3653,230,2,2361,0,1001,0
3654,230,4,5111,1,224,0
3655,230,2,2357,0,1001,0
3656,230,4,5447,1,103,0
3657,230,4,5555,1,71,0
3658,230,4,5464,1,98,0
3659,230,4,5339,1,131,0
3660,231,4,5411,1,115,0
3661,231,4,5500,1,88,0
3662,231,4,5381,1,118,0
3663,231,4,5430,1,102,0
3664,231,4,5530,1,71,0
3665,231,4,5503,1,89,0
3666,231,4,5502,1,84,0
3667,231,4,5530,1,72,0
3668,231,4,5569,1,63,0
3669,231,4,5407,1,113,0
3670,231,4,5557,1,66,0
3671,231,4,5134,1,205,0
3672,231,4,5523,1,79,0
3673,231,4,5399,1,129,0
3674,231,4,5108,1,228,0
3675,231,4,5498,1,82,0
3676,231,4,5470,1,97,0
3677,231,4,5345,1,124,0
3678,231,4,5580,1,90,0
3679,231,4,5599,1,56,0
3680,231,4,5533,1,77,0
3681,231,4,5474,1,87,0
3682,231,4,5110,1,199,0
3683,231,4,5507,1,76,0
3684,231,4,5532,1,105,0
3685,232,2,2336,0,1001,0
3686,232,4,5542,1,68,0
3687,232,4,5621,1,76,0
3688,232,4,5479,1,98,0
3689,232,4,5519,1,75,0
3690,232,4,5024,1,215,0
3691,232,4,5518,1,93,0
3692,232,4,5591,1,83,0
3693,232,4,5531,1,97,0
3694,232,4,5634,1,75,0
3695,232,2,2435,0,1001,0
3696,232,4,5526,1,78,0
3697,232,4,5640,1,70,0
3698,232,4,5612,1,75,0
3699,232,4,5195,1,159,0
3700,233,0,0,0,1001,1
3701,233,4,5199,1,148,0
3702,233,4,5564,1,62,0
3703,233,4,5309,1,126,0
3704,233,4,5414,1,100,0
3705,233,4,5462,1,92,0
3706,233,4,5379,1,100,0
3707,233,4,5487,1,82,0
3708,233,4,5464,1,88,0
3709,233,4,5039,1,208,0
3710,233,4,5201,1,130,0
3711,233,4,5461,1,93,0
3712,233,4,5301,1,121,0
3713,233,4,4793,1,253,0
3714,233,4,5283,1,149,0
3715,233,4,5193,1,145,0
3716,233,4,5461,1,93,0
3717,233,4,5350,1,111,0
3718,233,4,5467,1,112,0
3719,233,4,5368,1,101,0
3720,233,4,5531,1,71,0
3721,233,4,5451,1,94,0
3722,233,4,4997,1,186,0
3723,234,4,5238,1,140,0
3724,234,4,4995,1,173,0
3725,234,4,5312,1,109,0
3726,234,4,5366,1,109,0
3727,234,4,5089,1,163,0
3728,234,4,5420,1,88,0
3729,234,4,5478,1,93,0
3730,234,4,5280,1,128,0
3731,234,4,5276,1,130,0
3732,234,4,5487,1,92,0
3733,234,4,5464,1,83,0
3734,234,4,5563,1,65,0
3735,234,4,5412,1,105,0
3736,234,4,5199,1,139,0
3737,234,4,5355,1,116,0
3738,234,4,5428,1,87,0
3739,234,4,5486,1,83,0
3740,234,4,5470,1,97,0
3741,234,4,5399,1,120,0
3742,234,4,5063,1,181,0
3743,234,4,5582,1,80,0
3744,234,4,5369,1,130,0
3745,234,4,5447,1,95,0
3746,234,4,5356,1,117,0
3747,234,4,5419,1,116,0
3748,234,4,5068,1,168,0
3749,235,4,4396,1,352,0
3750,235,4,4582,1,376,0
3751,235,4,5125,1,207,0
3752,235,4,4751,1,270,0
3753,235,2,2333,0,1001,0
3754,235,4,5357,1,109,0
3755,235,4,5376,1,119,0
3756,235,4,5415,1,99,0
3757,236,2,2276,0,1001,0
3758,236,4,5440,1,101,0
3759,236,4,5062,1,185,0
3760,236,4,5252,1,140,0
3761,236,4,5220,1,171,0
3762,236,4,5418,1,121,0
3763,236,4,5455,1,120,0
3764,236,4,5139,1,188,0
3765,236,3,3075,0,1001,0
3766,236,4,5278,1,155,0
3767,236,4,5445,1,88,0
3768,236,4,5294,1,123,0
3769,236,4,5392,1,108,0
3770,236,4,5254,1,143,0
3771,236,4,5377,1,153,0
3772,236,4,5500,1,86,0
3773,236,4,5456,1,98,0
3774,237,4,5461,1,104,0
3775,237,4,5343,1,133,0
3776,237,4,4895,1,255,0
3777,237,4,5338,1,132,0
3778,237,4,5370,1,120,0
3779,237,2,2321,0,1001,0
3780,237,4,4329,1,453,0
3781,237,4,5412,1,99,0
3782,237,4,4520,1,453,0
3783,237,4,4685,1,261,0
3784,237,4,5391,1,129,0
3785,238,4,5512,1,86,0
3786,238,4,5471,1,88,0
3787,238,4,5352,1,144,0
3788,238,4,5414,1,104,0
3789,238,4,5457,1,95,0
3790,238,4,5459,1,98,0
3791,238,4,5470,1,90,0
3792,238,4,5196,1,206,0
3793,238,4,5407,1,114,0
3794,238,4,5480,1,90,0
3795,238,4,5528,1,84,0
3796,238,4,5470,1,92,0
3797,238,4,5322,1,148,0
3798,238,4,5460,1,100,0
3799,238,4,5266,1,173,0
3800,238,2,2461,0,1001,1
3801,238,4,5473,1,118,0
3802,238,4,5540,1,72,0
3803,238,4,5585,1,58,0
3804,238,4,5522,1,77,0
3805,239,4,5139,1,217,0
3806,239,4,5490,1,96,0
3807,239,4,5390,1,124,0
3808,239,4,5385,1,121,0
3809,239,4,5510,1,77,0
3810,239,4,4866,1,229,0
3811,239,4,5185,1,138,0
3812,239,4,5342,1,133,0
3813,239,4,5377,1,130,0
3814,239,4,5272,1,168,0
3815,239,4,5335,1,131,0
3816,239,4,5429,1,115,0
3817,239,4,5393,1,130,0
3818,239,4,4999,1,268,0
3819,239,4,5478,1,97,0
3820,239,4,5345,1,159,0
3821,239,4,5235,1,214,0
3822,240,1,1174,0,1001,0
3823,240,4,5458,1,92,0
3824,240,4,5456,1,100,0
3825,240,4,5569,1,62,0
3826,240,4,5431,1,113,0
3827,240,4,5549,1,73,0
3828,240,4,5375,1,115,0
3829,240,4,5466,1,105,0
3830,240,4,5398,1,124,0
3831,240,4,5370,1,123,0
3832,240,4,5028,1,252,0
3833,240,4,4911,1,227,0
3834,240,4,5467,1,111,0
3835,240,4,5421,1,109,0
3836,240,4,5379,1,111,0
3837,240,4,5469,1,89,0
3838,240,4,5441,1,105,0
3839,240,4,5542,1,72,0
3840,240,4,5500,1,84,0
3841,240,4,5217,1,176,0
3842,240,4,5381,1,117,0
3843,240,4,5534,1,73,0
3844,241,2,2315,0,1001,0
3845,241,4,5371,1,122,0
3846,241,4,5471,1,96,0
3847,241,4,5438,1,97,0
3848,241,4,5521,1,78,0
3849,241,4,5524,1,76,0
3850,241,4,5462,1,108,0
3851,241,4,5446,1,93,0
3852,241,4,5533,1,74,0
3853,241,4,5555,1,70,0
3854,241,4,5424,1,103,0
3855,241,4,5528,1,80,0
3856,241,4,5520,1,100,0
3857,241,4,5591,1,63,0
3858,241,4,5487,1,94,0
3859,241,4,5444,1,104,0
3860,241,4,5420,1,110,0
3861,241,4,5544,1,72,0
3862,241,4,5275,1,188,0
3863,242,4,5287,1,140,0
3864,242,4,5523,1,83,0
3865,242,4,5362,1,137,0
3866,242,4,5395,1,146,0
3867,242,4,5309,1,120,0
3868,242,4,5424,1,104,0
3869,242,4,5468,1,101,0
3870,242,4,5400,1,101,0
3871,242,4,5419,1,125,0
3872,242,4,5452,1,103,0
3873,242,4,5496,1,77,0
3874,242,4,5380,1,135,0
3875,242,4,5218,1,161,0
3876,242,4,5488,1,89,0
3877,242,4,5347,1,137,0
3878,242,4,5514,1,74,0
3879,242,4,5221,1,191,0
3880,242,4,5390,1,125,0
3881,243,2,2343,0,1001,0
3882,243,4,5485,1,86,0
3883,243,4,5531,1,85,0
3884,243,4,5402,1,118,0
3885,243,4,5559,1,68,0
3886,243,4,5484,1,96,0
3887,243,4,5441,1,108,0
3888,243,4,5452,1,100,0
3889,243,4,5567,1,66,0
3890,243,2,2312,0,1001,0
3891,243,4,5558,1,70,0
3892,243,4,5436,1,128,0
3893,243,4,5422,1,113,0
3894,243,4,5487,1,86,0
3895,243,4,5508,1,86,0
3896,243,4,5492,1,84,0
3897,243,4,5529,1,75,0
3898,243,4,5476,1,103,0
3899,243,4,5523,1,79,0
3900,244,2,2364,0,1001,1
3901,244,4,5474,1,95,0
3902,244,4,5345,1,143,0
3903,244,2,2277,0,1001,0
3904,244,4,5126,1,199,0
3905,244,4,5113,1,174,0
3906,244,4,5370,1,113,0
3907,244,4,5460,1,92,0
3908,244,4,4995,1,219,0
3909,244,4,5368,1,137,0
3910,245,2,2376,0,1001,0
3911,245,4,5012,1,211,0
3912,245,4,5436,1,105,0
3913,245,2,2230,0,1001,0
3914,245,4,5449,1,89,0
3915,245,4,5029,1,220,0
3916,245,4,4827,1,284,0
3917,245,4,5395,1,124,0
3918,245,4,5477,1,87,0
3919,245,4,5472,1,92,0
3920,245,4,5591,1,58,0
3921,245,4,5480,1,93,0
3922,245,4,5516,1,85,0
3923,246,4,5486,1,92,0
3924,246,4,5417,1,106,0
3925,246,4,5378,1,132,0
3926,246,4,5448,1,104,0
3927,246,4,5387,1,123,0
3928,246,4,5553,1,66,0
3929,246,4,5419,1,108,0
3930,246,4,4790,1,241,0
3931,246,4,5297,1,137,0
3932,246,4,5247,1,160,0
3933,246,4,5359,1,116,0
3934,246,2,2366,0,1001,0
3935,246,4,5312,1,152,0
3936,246,4,5124,1,219,0
3937,246,4,4905,1,265,0
3938,247,2,2344,0,1001,0
3939,247,2,2362,0,1001,0
3940,247,2,2361,0,1001,0
3941,247,4,5300,1,158,0
3942,248,4,5284,1,155,0
3943,248,4,5483,1,95,0
3944,248,2,2350,0,1001,0
3945,248,4,5364,1,129,0
3946,248,4,5433,1,110,0
3947,248,4,5500,1,87,0
3948,248,4,5389,1,123,0
3949,248,4,5563,1,65,0
3950,248,4,5373,1,142,0
3951,248,4,5268,1,188,0
3952,248,4,5370,1,125,0
3953,248,4,5490,1,102,0
3954,248,4,5313,1,146,0
3955,248,4,5180,1,178,0
3956,248,4,5230,1,185,0
3957,248,4,5127,1,213,0
3958,249,4,4274,1,352,0
3959,249,4,5034,1,233,0
3960,249,4,5526,1,83,0
3961,249,4,5401,1,117,0
3962,249,4,5300,1,144,0
3963,249,4,5392,1,117,0
3964,249,4,5302,1,137,0
3965,249,4,5380,1,128,0
3966,249,4,5309,1,157,0
3967,249,4,5027,1,222,0
3968,249,4,5279,1,147,0
3969,249,4,5211,1,158,0
3970,249,4,4596,1,368,0
3971,249,4,4955,1,257,0
3972,249,4,5273,1,146,0
3973,249,4,5344,1,147,0
3974,249,4,5113,1,203,0
3975,250,4,4976,1,210,0
3976,250,4,5009,1,242,0
3977,250,4,5143,1,193,0
3978,250,4,4970,1,248,0
3979,250,4,4776,1,261,0
3980,250,4,5331,1,124,0
3981,250,4,5495,1,90,0
3982,250,4,5522,1,106,0
3983,250,4,5543,1,73,0
3984,250,4,5483,1,89,0
3985,250,4,5454,1,97,0
3986,250,4,5542,1,76,0
3987,250,4,5418,1,95,0
3988,250,4,5496,1,85,0
3989,250,4,5507,1,79,0
3990,250,4,5403,1,116,0
3991,250,4,5387,1,120,0
3992,250,4,5548,1,69,0
3993,250,4,5549,1,71,0
3994,250,4,5526,1,83,0
3995,250,4,5367,1,109,0
3996,250,4,5523,1,81,0
3997,250,4,5451,1,105,0
3998,250,4,5565,1,65,0
3999,250,4,5051,1,197,0
4000,251,2,2364,0,1001,1
4001,251,1,1187,0,1001,0
