1,0,1,849,0,1001,0
2,1,1,943,0,1001,0
3,1,1,1139,0,1001,0
4,1,2,2035,0,1001,0
5,2,1,1140,0,1001,0
6,2,4,4738,1,627,0
7,2,3,3297,0,1001,0
8,3,4,2650,1,972,0
9,3,3,3414,0,1001,0
10,3,3,3113,0,1001,0
11,4,4,3977,1,660,0
12,4,3,2905,0,1001,0
13,4,4,4019,1,555,0
14,4,3,2742,0,1001,0
15,5,4,3653,1,773,0
16,5,3,2179,0,1001,0
17,5,4,2971,1,993,0
18,6,3,2689,0,1001,0
19,6,4,4991,1,263,0
20,6,4,4445,1,474,0
21,6,2,1754,0,1001,0
22,6,4,4771,1,247,0
23,7,4,3607,1,938,0
24,7,4,4742,1,246,0
25,7,3,3198,0,1001,0
26,7,4,4635,1,289,0
27,7,4,5171,1,198,0
28,7,4,5206,1,165,0
29,7,3,3141,0,1001,0
30,8,3,2860,0,1001,0
31,8,2,1903,0,1001,0
32,8,2,1918,0,1001,0
33,9,4,3177,1,878,0
34,9,2,2083,0,1001,0
35,9,3,2862,0,1001,0
36,10,3,2971,0,1001,0
37,10,4,4092,1,838,0
38,10,3,3011,0,1001,0
39,11,3,3075,0,1001,0
40,11,3,3235,0,1001,0
41,11,3,2672,0,1001,0
42,11,4,4677,1,399,0
43,12,3,2559,0,1001,0
44,12,3,3202,0,1001,0
45,12,4,4437,1,365,0
46,12,3,2492,0,1001,0
47,13,3,2189,0,1001,0
48,13,2,1583,0,1001,0
49,13,3,2862,0,1001,0
50,14,4,4110,1,886,0
51,14,4,4109,1,465,0
52,14,4,3993,1,597,0
53,14,2,1681,0,1001,0
54,14,4,4061,1,577,0
55,15,4,4848,1,244,0
56,15,4,4789,1,272,0
57,15,4,3258,1,973,0
58,15,4,4023,1,477,0
59,15,3,2993,0,1001,0
60,16,2,2027,0,1001,0
61,16,2,1955,0,1001,0
62,16,2,2098,0,1001,0
63,17,3,2998,0,1001,0
64,17,4,3495,1,562,0
65,17,4,5127,1,217,0
66,17,4,4275,1,410,0
67,17,4,4994,1,200,0
68,17,4,4859,1,302,0
69,17,4,4552,1,389,0
70,17,4,4112,1,552,0
71,18,4,3815,1,596,0
72,18,4,4645,1,378,0
73,18,4,4287,1,469,0
74,18,3,2986,0,1001,0
75,18,4,4579,1,346,0
76,18,4,4503,1,350,0
77,19,3,3308,0,1001,0
78,19,4,3538,1,896,0
79,19,3,2683,0,1001,0
80,20,3,2532,0,1001,0
81,20,4,4677,1,329,0
82,20,4,3915,1,641,0
83,20,4,4437,1,397,0
84,20,4,4047,1,609,0
85,20,4,4755,1,272,0
86,20,4,5013,1,201,0
87,21,4,3904,1,549,0
88,21,4,4028,1,557,0
89,21,4,4883,1,244,0
90,21,4,4883,1,274,0
91,21,4,4655,1,330,0
92,21,2,2097,0,1001,0
93,22,2,2221,0,1001,0
94,22,4,5240,1,160,0
95,22,4,4234,1,447,0
96,22,4,4941,1,248,0
97,22,4,4625,1,404,0
98,22,4,5208,1,187,0
99,22,4,4827,1,285,0
100,23,0,0,0,1001,1
101,23,3,3089,0,1001,0
102,23,4,4421,1,529,0
103,23,3,2798,0,1001,0
104,24,3,2726,0,1001,0
105,24,4,5026,1,222,0
106,24,4,3995,1,707,0
107,24,2,2263,0,1001,0
108,24,4,4710,1,305,0
109,24,4,5171,1,165,0
110,25,4,4538,1,435,0
111,25,4,4948,1,281,0
112,25,4,4611,1,329,0
113,25,3,2827,0,1001,0
114,25,4,5212,1,145,0
115,25,4,4884,1,298,0
116,25,4,5400,1,97,0
117,26,4,2925,1,864,0
118,26,4,4709,1,300,0
119,26,4,4700,1,291,0
120,26,4,4986,1,381,0
121,26,4,5222,1,195,0
122,26,4,5433,1,133,0
123,26,4,5549,1,68,0
124,26,4,5326,1,193,0
125,26,4,4286,1,416,0
126,26,4,5440,1,115,0
127,26,4,5435,1,108,0
128,26,4,5420,1,131,0
129,27,2,2196,0,1001,0
130,27,4,5604,1,60,0
131,27,4,5500,1,105,0
132,27,2,2278,0,1001,0
133,27,4,5208,1,165,0
134,27,4,4196,1,424,0
135,27,3,3511,0,1001,0
136,28,4,5496,1,108,0
137,28,4,5265,1,176,0
138,28,4,5399,1,125,0
139,28,4,5468,1,95,0
140,28,4,4966,1,299,0
141,28,4,5374,1,136,0
142,28,4,5307,1,112,0
143,28,4,5404,1,122,0
144,28,4,5273,1,184,0
145,28,4,5166,1,228,0
146,28,4,5345,1,122,0
147,28,4,5401,1,99,0
148,28,4,5105,1,209,0
149,28,4,5169,1,159,0
150,28,4,5502,1,80,0
151,28,4,5309,1,189,0
152,28,4,5060,1,238,0
153,29,2,1987,0,1001,0
154,29,4,5003,1,204,0
155,29,1,1190,0,1001,0
156,29,4,5184,1,206,0
157,29,4,4916,1,223,0
158,29,2,2190,0,1001,0
159,30,4,5074,1,240,0
160,30,4,5168,1,178,0
161,30,4,5329,1,124,0
162,30,4,5182,1,182,0
163,30,4,5358,1,121,0
164,30,4,5387,1,107,0
165,30,4,5419,1,100,0
166,30,4,5025,1,208,0
167,30,3,2602,0,1001,0
168,30,4,5228,1,171,0
169,30,4,5322,1,138,0
170,30,4,4584,1,402,0
171,30,4,5042,1,199,0
172,31,4,5125,1,173,0
173,31,4,5383,1,113,0
174,31,4,5386,1,112,0
175,31,4,5303,1,124,0
176,31,4,5478,1,84,0
177,31,4,5054,1,205,0
178,31,4,4449,1,382,0
179,31,4,3899,1,677,0
180,31,4,4726,1,280,0
181,31,3,3275,0,1001,0
182,32,4,4979,1,244,0
183,32,4,4918,1,245,0
184,32,2,2193,0,1001,0
185,32,4,3454,1,668,0
186,32,4,5110,1,171,0
187,32,4,4804,1,280,0
188,32,4,5445,1,97,0
189,32,4,5251,1,165,0
190,32,4,5488,1,83,0
191,32,4,5247,1,141,0
192,32,4,5381,1,122,0
193,32,4,5492,1,96,0
194,33,4,5247,1,168,0
195,33,4,5114,1,154,0
196,33,4,5354,1,123,0
197,33,4,5268,1,165,0
198,33,4,5117,1,220,0
199,33,4,5394,1,124,0
200,33,1,1190,0,1001,1
201,33,4,5437,1,124,0
202,33,3,3403,0,1001,0
203,34,3,2997,0,1001,0
204,34,4,5483,1,89,0
205,34,4,5467,1,94,0
206,34,4,5194,1,175,0
207,34,4,5254,1,142,0
208,34,4,5324,1,141,0
209,34,4,5449,1,102,0
210,34,4,5483,1,94,0
211,34,3,3436,0,1001,0
212,34,4,5441,1,108,0
213,34,4,5460,1,104,0
214,34,4,5273,1,200,0
215,35,4,5135,1,183,0
216,35,3,3486,0,1001,0
217,35,4,4615,1,311,0
218,35,4,4712,1,541,0
219,35,4,5303,1,129,0
220,35,4,5272,1,193,0
221,35,4,5044,1,213,0
222,35,4,5440,1,115,0
223,36,3,3502,0,1001,0
224,36,4,5413,1,107,0
225,36,4,5229,1,172,0
226,36,4,5451,1,103,0
227,36,4,3758,1,586,0
228,36,3,3427,0,1001,0
229,36,4,4407,1,413,0
230,37,2,2107,0,1001,0
231,37,4,5172,1,176,0
232,37,4,5378,1,122,0
233,37,4,5379,1,114,0
234,37,4,4805,1,352,0
235,37,4,5350,1,132,0
236,37,4,4419,1,347,0
237,37,4,5521,1,85,0
238,37,4,5068,1,211,0
239,37,4,5402,1,130,0
240,37,4,5379,1,130,0
241,37,4,5542,1,81,0
242,37,4,5087,1,171,0
243,37,4,5406,1,145,0
244,37,4,5363,1,143,0
245,37,4,5364,1,131,0
246,38,3,3487,0,1001,0
247,38,4,5505,1,89,0
248,38,4,5525,1,92,0
249,38,1,1188,0,1001,0
250,38,3,2640,0,1001,0
251,39,4,3325,1,744,0
252,39,4,5502,1,77,0
253,39,4,5429,1,103,0
254,39,3,2226,0,1001,0
255,39,4,5167,1,167,0
256,39,4,5308,1,195,0
257,39,4,5427,1,106,0
258,39,4,5227,1,191,0
259,39,4,5364,1,150,0
260,40,1,1190,0,1001,0
261,40,4,5131,1,174,0
262,40,4,5504,1,82,0
263,40,4,5279,1,194,0
264,40,4,5420,1,123,0
265,40,4,5314,1,160,0
266,40,4,5455,1,101,0
267,40,4,5145,1,192,0
268,40,4,5471,1,107,0
269,40,4,5326,1,175,0
270,40,4,5058,1,170,0
271,40,4,5389,1,165,0
272,40,3,3453,0,1001,0
273,41,3,3530,0,1001,0
274,41,3,3501,0,1001,0
275,41,4,5549,1,77,0
276,41,3,3175,0,1001,0
277,42,4,5422,1,135,0
278,42,4,5583,1,61,0
279,42,4,3770,1,633,0
280,42,4,5055,1,180,0
281,42,4,4862,1,401,0
282,42,4,5393,1,127,0
283,42,4,5308,1,162,0
284,42,4,5209,1,198,0
285,42,3,3498,0,1001,0
286,43,4,4780,1,402,0
287,43,4,5213,1,200,0
288,43,4,5512,1,88,0
289,43,4,5413,1,129,0
290,43,4,5510,1,70,0
291,43,3,3523,0,1001,0
292,43,4,5396,1,111,0
293,43,4,5486,1,105,0
294,43,4,5554,1,77,0
295,43,4,5301,1,161,0
296,43,4,5462,1,109,0
297,43,4,5576,1,71,0
298,43,4,5547,1,74,0
299,43,4,5415,1,149,0
300,44,3,3537,0,1001,1
301,44,4,5590,1,64,0
302,44,4,5562,1,72,0
303,44,4,5511,1,98,0
304,44,4,5514,1,74,0
305,44,3,2566,0,1001,0
306,44,4,5611,1,50,0
307,44,4,5565,1,81,0
308,44,4,5426,1,113,0
309,44,4,5455,1,116,0
310,44,4,5434,1,118,0
311,44,4,5397,1,114,0
312,44,4,5232,1,179,0
313,44,4,5565,1,79,0
314,44,4,5160,1,300,0
315,44,4,5554,1,62,0
316,44,4,5131,1,295,0
317,44,4,5457,1,116,0
318,44,4,5522,1,90,0
319,45,4,5103,1,175,0
320,45,4,5553,1,77,0
321,45,4,4863,1,265,0
322,45,4,5635,1,45,0
323,45,4,5477,1,100,0
324,45,4,5565,1,79,0
325,45,4,5035,1,272,0
326,45,4,5592,1,66,0
327,45,4,5479,1,81,0
328,45,4,5489,1,84,0
329,45,4,5476,1,103,0
330,45,4,5421,1,108,0
331,45,4,5536,1,87,0
332,45,4,5531,1,84,0
333,45,4,5519,1,96,0
334,45,4,5542,1,79,0
335,45,4,5541,1,76,0
336,45,4,3708,1,666,0
337,45,4,5420,1,118,0
338,45,4,5547,1,75,0
339,45,4,5593,1,55,0
340,45,4,5604,1,61,0
341,45,4,5476,1,95,0
342,45,4,5542,1,85,0
343,45,4,5533,1,78,0
344,46,4,5380,1,117,0
345,46,4,5504,1,87,0
346,46,4,5620,1,53,0
347,46,4,4272,1,559,0
348,46,4,5567,1,65,0
349,46,4,5623,1,49,0
350,46,4,4615,1,328,0
351,46,4,4650,1,336,0
352,46,4,5500,1,107,0
353,46,4,5429,1,120,0
354,46,4,5523,1,102,0
355,46,4,5543,1,75,0
356,46,4,5473,1,94,0
357,46,4,5338,1,140,0
358,46,4,5432,1,115,0
359,46,4,5563,1,65,0
360,46,4,5569,1,69,0
361,46,4,5479,1,91,0
362,46,4,5447,1,83,0
363,46,4,5568,1,76,0
364,46,4,5560,1,70,0
365,46,4,5589,1,68,0
366,46,4,5225,1,167,0
367,46,4,5546,1,66,0
368,47,4,4241,1,497,0
369,47,4,5526,1,71,0
370,47,4,5432,1,94,0
371,47,4,5315,1,154,0
372,47,4,5594,1,56,0
373,47,4,5598,1,54,0
374,47,4,5599,1,58,0
375,47,4,5566,1,67,0
376,47,4,5451,1,85,0
377,47,4,5611,1,55,0
378,47,4,5596,1,56,0
379,47,4,5427,1,84,0
380,47,4,5638,1,45,0
381,47,4,5639,1,44,0
382,47,4,5021,1,179,0
383,47,4,5576,1,63,0
384,47,4,5419,1,136,0
385,47,4,5549,1,68,0
386,47,4,5590,1,55,0
387,47,4,5605,1,59,0
388,47,4,5545,1,64,0
389,47,4,5592,1,59,0
390,47,4,5602,1,57,0
391,47,4,5637,1,48,0
392,47,4,5633,1,46,0
393,47,4,5611,1,49,0
394,47,4,5634,1,47,0
395,47,4,5563,1,63,0
396,47,4,5400,1,111,0
397,47,4,5639,1,46,0
398,47,4,5566,1,63,0
399,47,4,5489,1,87,0
400,47,4,5651,1,41,1
401,47,4,5450,1,85,0
402,47,4,5481,1,83,0
403,47,4,5411,1,124,0
404,47,4,5525,1,75,0
405,47,4,5550,1,68,0
406,47,4,5625,1,47,0
407,47,4,5556,1,60,0
408,47,4,5598,1,57,0
409,47,4,5592,1,58,0
410,48,4,5373,1,101,0
411,48,4,5596,1,56,0
412,48,4,4747,1,238,0
413,48,4,4484,1,369,0
414,48,4,5440,1,97,0
415,48,4,5429,1,99,0
416,48,4,5577,1,61,0
417,48,4,5607,1,53,0
418,48,4,5481,1,113,0
419,48,4,5590,1,58,0
420,48,4,5548,1,74,0
421,48,4,3836,1,775,0
422,48,4,5513,1,72,0
423,48,4,5599,1,55,0
424,48,4,5585,1,56,0
425,48,4,5479,1,93,0
426,48,4,5607,1,54,0
427,48,4,5620,1,50,0
428,48,4,5617,1,47,0
429,48,4,5573,1,66,0
430,48,4,5628,1,48,0
431,48,4,5592,1,55,0
432,49,3,3502,0,1001,0
433,49,4,3862,1,551,0
434,49,4,5565,1,62,0
435,49,4,5625,1,49,0
436,49,4,5272,1,165,0
437,49,4,5615,1,53,0
438,49,4,5489,1,85,0
439,49,4,5248,1,148,0
440,49,4,5228,1,142,0
441,49,4,5558,1,60,0
442,49,4,5554,1,69,0
443,49,4,5597,1,56,0
444,49,4,5602,1,56,0
445,49,4,5589,1,59,0
446,49,4,5591,1,57,0
447,49,4,5601,1,52,0
448,49,4,5559,1,62,0
449,49,4,5537,1,80,0
450,49,4,5577,1,71,0
451,49,4,5478,1,79,0
452,49,4,5562,1,79,0
453,49,4,5569,1,58,0
454,49,4,5593,1,65,0
455,49,4,5617,1,48,0
456,49,4,5520,1,72,0
457,49,4,5572,1,61,0
458,49,4,5603,1,58,0
459,49,4,5597,1,65,0
460,49,4,5617,1,48,0
461,49,4,5505,1,73,0
462,49,4,5603,1,59,0
463,49,4,5592,1,58,0
464,50,4,5575,1,67,0
465,50,4,5572,1,61,0
466,50,4,5373,1,108,0
467,50,4,5543,1,67,0
468,50,4,5579,1,62,0
469,50,4,5592,1,54,0
470,50,4,5459,1,98,0
471,50,4,5586,1,58,0
472,50,4,5566,1,70,0
473,50,4,5542,1,71,0
474,50,4,5566,1,64,0
475,50,4,5435,1,117,0
476,50,4,3716,1,788,0
477,50,4,5602,1,52,0
478,50,4,5542,1,85,0
479,50,4,5651,1,41,0
480,50,4,5506,1,87,0
481,50,4,5336,1,104,0
482,50,4,5540,1,75,0
483,50,4,5571,1,63,0
484,50,4,5535,1,65,0
485,50,4,5489,1,88,0
486,50,4,5598,1,54,0
487,50,4,5609,1,61,0
488,50,4,5565,1,72,0
489,50,4,5609,1,54,0
490,50,4,4813,1,281,0
491,50,4,5487,1,101,0
492,50,4,5617,1,51,0
493,50,4,5631,1,46,0
494,50,4,5570,1,66,0
495,50,4,5584,1,57,0
496,51,4,5599,1,53,0
497,51,4,5616,1,53,0
498,51,4,5045,1,186,0
499,51,4,5624,1,48,0
500,51,4,5651,1,41,1
501,51,4,5583,1,57,0
502,51,4,5589,1,63,0
503,51,4,5268,1,179,0
504,51,4,5507,1,74,0
505,51,4,5618,1,51,0
506,51,4,5626,1,48,0
507,51,4,5077,1,153,0
508,51,4,5414,1,93,0
509,51,4,5591,1,55,0
510,51,4,5440,1,83,0
511,51,4,5571,1,57,0
512,51,4,5632,1,47,0
513,51,4,5640,1,44,0
514,51,4,5610,1,53,0
515,51,4,5476,1,81,0
516,51,4,5579,1,60,0
517,51,4,5605,1,53,0
518,51,4,5632,1,45,0
519,51,4,5568,1,64,0
520,51,4,5613,1,53,0
521,51,4,5603,1,53,0
522,51,4,5620,1,49,0
523,51,4,5563,1,68,0
524,51,4,5612,1,57,0
525,51,4,5588,1,57,0
526,51,4,5486,1,84,0
527,51,4,5628,1,46,0
528,51,4,4894,1,194,0
529,51,4,5609,1,51,0
530,51,4,5489,1,106,0
531,51,4,5561,1,66,0
532,51,4,5597,1,54,0
533,51,4,5441,1,104,0
534,51,4,5622,1,53,0
535,52,4,4335,1,450,0
536,52,4,5551,1,60,0
537,52,4,5632,1,47,0
538,52,4,5608,1,53,0
539,52,4,5599,1,59,0
540,52,4,5549,1,62,0
541,52,4,4521,1,334,0
542,52,4,5592,1,62,0
543,52,4,5011,1,186,0
544,52,4,5568,1,59,0
545,52,4,5552,1,69,0
546,52,4,5541,1,74,0
547,52,4,5496,1,82,0
548,52,4,5590,1,56,0
549,52,4,5601,1,54,0
550,52,4,5599,1,52,0
551,52,4,4648,1,401,0
552,52,4,5549,1,60,0
553,52,4,5640,1,46,0
554,52,4,5564,1,62,0
555,52,4,5503,1,110,0
556,52,3,3096,0,1001,0
557,52,4,5625,1,47,0
558,52,4,5446,1,79,0
559,53,4,5620,1,55,0
560,53,4,5498,1,76,0
561,53,4,5406,1,103,0
562,53,4,5469,1,89,0
563,53,4,5643,1,44,0
564,53,4,5494,1,79,0
565,53,4,5590,1,66,0
566,53,4,5586,1,57,0
567,53,4,5600,1,53,0
568,53,3,3262,0,1001,0
569,53,4,5173,1,225,0
570,53,4,5597,1,53,0
571,53,4,5627,1,47,0
572,53,4,5527,1,73,0
573,53,4,5631,1,45,0
574,53,3,3288,0,1001,0
575,53,4,5534,1,68,0
576,53,4,5586,1,59,0
577,54,4,5651,1,41,0
578,54,4,5596,1,64,0
579,54,4,5576,1,62,0
580,54,4,5084,1,216,0
581,54,4,5607,1,54,0
582,54,4,5595,1,57,0
583,54,3,3276,0,1001,0
584,54,4,5416,1,94,0
585,54,4,4490,1,274,0
586,54,4,5496,1,76,0
587,54,4,5432,1,113,0
588,54,4,5540,1,69,0
589,54,4,5327,1,132,0
590,54,4,5566,1,66,0
591,54,4,5596,1,57,0
592,54,4,4503,1,459,0
593,54,4,5597,1,53,0
594,54,4,5524,1,71,0
595,54,4,5556,1,63,0
596,54,4,5627,1,47,0
597,54,4,5567,1,60,0
598,54,4,5591,1,63,0
599,55,4,5601,1,53,0
600,55,0,99,0,1001,1
601,55,4,5099,1,150,0
602,55,4,5433,1,87,0
603,55,4,4670,1,236,0
604,55,4,5412,1,96,0
605,55,4,5001,1,188,0
606,55,4,5320,1,105,0
607,55,4,4905,1,193,0
608,55,4,5226,1,132,0
609,55,4,4586,1,279,0
610,55,4,5533,1,72,0
611,55,4,5557,1,61,0
612,55,4,5428,1,83,0
613,55,4,5545,1,90,0
614,55,4,5605,1,55,0
615,55,4,5510,1,78,0
616,55,4,5098,1,185,0
617,56,4,5217,1,172,0
618,56,4,5597,1,55,0
619,56,4,5576,1,66,0
620,56,4,5582,1,58,0
621,56,4,5521,1,73,0
622,56,4,5567,1,63,0
623,56,4,5627,1,48,0
624,56,4,5574,1,59,0
625,56,4,5535,1,66,0
626,56,4,5396,1,93,0
627,56,4,5469,1,85,0
628,56,4,5553,1,59,0
629,56,4,5478,1,96,0
630,56,4,5533,1,80,0
631,56,4,3995,1,704,0
632,56,4,5582,1,62,0
633,56,4,5283,1,168,0
634,56,4,5600,1,54,0
635,56,4,5549,1,71,0
636,56,4,4202,1,364,0
637,56,4,5626,1,50,0
638,56,4,5354,1,98,0
639,56,4,5546,1,87,0
640,56,4,5499,1,77,0
641,56,4,5615,1,55,0
642,56,4,5316,1,107,0
643,56,4,5615,1,51,0
644,56,4,5574,1,72,0
645,56,4,5595,1,57,0
646,56,4,5603,1,54,0
647,56,4,5290,1,132,0
648,57,4,5571,1,58,0
649,57,4,5264,1,130,0
650,57,4,5608,1,53,0
651,57,4,5592,1,53,0
652,57,4,5578,1,62,0
653,57,4,5334,1,164,0
654,57,4,5566,1,68,0
655,57,4,5490,1,110,0
656,57,4,5346,1,119,0
657,57,4,5575,1,64,0
658,57,4,5633,1,46,0
659,57,4,5392,1,167,0
660,57,4,5509,1,73,0
661,57,4,5541,1,84,0
662,57,4,5559,1,74,0
663,57,4,5348,1,135,0
664,57,4,4987,1,228,0
665,57,4,5437,1,114,0
666,57,4,5389,1,126,0
667,57,4,5302,1,149,0
668,57,4,5466,1,105,0
669,57,4,5613,1,49,0
670,57,4,5186,1,131,0
671,57,4,5595,1,59,0
672,57,4,5561,1,65,0
673,57,4,5610,1,59,0
674,57,4,4929,1,285,0
675,57,4,5566,1,64,0
676,57,4,5587,1,58,0
677,57,4,5552,1,65,0
678,57,4,5322,1,153,0
679,58,4,5520,1,94,0
680,58,4,5442,1,110,0
681,58,4,5452,1,111,0
682,58,4,5457,1,107,0
683,58,4,5566,1,64,0
684,58,4,3900,1,481,0
685,58,4,5273,1,133,0
686,58,4,5348,1,120,0
687,58,4,5557,1,68,0
688,58,4,5432,1,111,0
689,58,4,5110,1,199,0
690,58,4,5260,1,146,0
691,58,4,5307,1,116,0
692,58,4,5466,1,88,0
693,58,4,5399,1,132,0
694,58,4,5618,1,52,0
695,58,4,5306,1,199,0
696,58,4,5506,1,85,0
697,58,4,4924,1,264,0
698,58,4,5428,1,104,0
699,58,4,5214,1,148,0
700,59,1,1289,0,1001,1
701,59,4,5179,1,167,0
702,59,3,2970,0,1001,0
703,59,4,5568,1,62,0
704,59,4,4597,1,258,0
705,59,4,5379,1,115,0
706,59,4,5472,1,88,0
707,59,4,5434,1,108,0
708,59,4,5541,1,86,0
709,59,4,5532,1,74,0
710,59,4,5301,1,160,0
711,59,4,5499,1,86,0
712,59,4,5337,1,124,0
713,59,4,5414,1,99,0
714,59,4,5533,1,71,0
715,60,4,5302,1,132,0
716,60,4,5522,1,78,0
717,60,4,5510,1,73,0
718,60,4,5597,1,58,0
719,60,4,5541,1,67,0
720,60,4,5568,1,70,0
721,60,4,5590,1,87,0
722,60,4,5383,1,99,0
723,60,4,5306,1,129,0
724,60,4,5513,1,80,0
725,60,4,5379,1,102,0
726,60,4,5308,1,166,0
727,60,4,5154,1,170,0
728,60,4,5393,1,107,0
729,60,4,5395,1,104,0
730,60,4,4873,1,244,0
731,60,4,5542,1,77,0
732,60,4,5001,1,197,0
733,60,4,4316,1,458,0
734,60,4,4735,1,247,0
735,60,4,5077,1,160,0
736,60,4,4925,1,213,0
737,60,4,5436,1,95,0
738,61,4,5125,1,177,0
739,61,4,5073,1,186,0
740,61,4,5513,1,78,0
741,61,4,4711,1,261,0
742,61,4,5299,1,127,0
743,61,4,5021,1,189,0
744,61,4,5321,1,124,0
745,61,4,5223,1,144,0
746,61,4,5529,1,72,0
747,61,4,5378,1,109,0
748,61,4,4924,1,199,0
749,61,4,5215,1,145,0
750,61,4,5586,1,57,0
751,61,4,4406,1,507,0
752,61,4,5336,1,140,0
753,61,4,5574,1,64,0
754,61,4,5430,1,111,0
755,61,4,5330,1,122,0
756,61,4,4925,1,235,0
757,61,4,5144,1,146,0
758,62,4,5104,1,149,0
759,62,4,4903,1,236,0
760,62,4,5163,1,160,0
761,62,4,4901,1,256,0
762,62,4,5313,1,157,0
763,62,4,4836,1,265,0
764,62,1,1180,0,1001,0
765,62,4,5384,1,119,0
766,62,4,4578,1,338,0
767,62,4,5071,1,187,0
768,62,4,5129,1,195,0
769,63,4,4644,1,336,0
770,63,4,5011,1,193,0
771,63,4,5068,1,196,0
772,63,4,5200,1,142,0
773,63,4,5197,1,169,0
774,63,4,4719,1,321,0
775,63,4,4221,1,441,0
776,63,4,5080,1,189,0
777,63,3,3237,0,1001,0
778,63,4,4705,1,345,0
779,64,4,5060,1,219,0
780,64,4,4936,1,217,0
781,64,4,4875,1,243,0
782,64,4,5192,1,177,0
783,64,4,4725,1,305,0
784,64,4,5370,1,108,0
785,64,4,4951,1,206,0
786,64,4,4456,1,353,0
787,64,4,5071,1,192,0
788,64,4,4906,1,197,0
789,64,4,4621,1,320,0
790,64,4,5065,1,194,0
791,64,4,4989,1,211,0
792,65,4,4690,1,281,0
793,65,4,5063,1,172,0
794,65,4,4952,1,221,0
795,65,4,4383,1,409,0
796,65,4,4877,1,221,0
797,65,4,5315,1,119,0
798,65,4,5092,1,167,0
799,65,4,5445,1,94,0
800,65,0,0,0,1001,1
801,65,4,4789,1,248,0
802,65,4,5359,1,101,0
803,65,4,4892,1,193,0
804,66,4,4743,1,471,0
805,66,4,5289,1,117,0
806,66,4,5375,1,109,0
807,66,4,5244,1,210,0
808,66,4,4955,1,235,0
809,66,4,5506,1,79,0
810,66,4,4991,1,174,0
811,66,4,5549,1,74,0
812,66,4,5194,1,156,0
813,66,4,5467,1,83,0
814,66,4,4915,1,205,0
815,66,4,4313,1,391,0
816,66,4,5443,1,99,0
817,66,4,4911,1,210,0
818,66,4,4497,1,340,0
819,66,4,4566,1,312,0
820,66,4,5018,1,173,0
821,67,4,5160,1,152,0
822,67,4,5126,1,165,0
823,67,4,5480,1,85,0
824,67,4,4131,1,398,0
825,67,4,5596,1,58,0
826,67,4,5533,1,81,0
827,67,4,5395,1,116,0
828,67,4,5501,1,70,0
829,67,4,5618,1,53,0
830,67,4,5554,1,73,0
831,67,4,5125,1,173,0
832,67,4,5483,1,76,0
833,67,4,5556,1,73,0
834,67,4,5501,1,93,0
835,67,4,5260,1,134,0
836,67,4,5505,1,78,0
837,67,4,5558,1,64,0
838,67,4,5391,1,109,0
839,67,4,5363,1,116,0
840,67,4,5105,1,172,0
841,67,4,5506,1,84,0
842,67,4,5439,1,91,0
843,67,4,5562,1,71,0
844,67,4,5457,1,95,0
845,67,4,5501,1,74,0
846,67,4,5373,1,107,0
847,67,4,5432,1,104,0
848,67,4,5589,1,63,0
849,67,4,5609,1,55,0
850,67,4,5247,1,148,0
851,68,4,5272,1,146,0
852,68,4,5527,1,84,0
853,68,4,5472,1,81,0
854,68,4,5505,1,81,0
855,68,4,5446,1,94,0
856,68,4,5462,1,95,0
857,68,4,5491,1,84,0
858,68,4,5531,1,74,0
859,68,4,5471,1,91,0
860,68,4,5521,1,76,0
861,68,4,5497,1,90,0
862,68,4,5556,1,69,0
863,68,4,5515,1,71,0
864,68,4,5344,1,122,0
865,68,4,5513,1,74,0
866,68,4,5045,1,282,0
867,68,4,5000,1,216,0
868,68,4,5419,1,103,0
869,68,4,5433,1,109,0
870,68,4,5497,1,84,0
871,68,4,5328,1,170,0
872,68,4,5376,1,120,0
873,68,4,5215,1,155,0
874,68,4,5450,1,95,0
875,68,4,5263,1,136,0
876,68,4,4989,1,198,0
877,68,4,5367,1,125,0
878,68,4,5469,1,89,0
879,69,4,5049,1,205,0
880,69,4,5242,1,180,0
881,69,4,5562,1,70,0
882,69,4,5560,1,65,0
883,69,4,5465,1,92,0
884,69,4,5453,1,110,0
885,69,4,5567,1,69,0
886,69,4,5535,1,77,0
887,69,4,5531,1,77,0
888,69,4,5181,1,154,0
889,69,4,5369,1,120,0
890,69,4,5081,1,190,0
891,69,4,5170,1,217,0
892,69,4,5497,1,109,0
893,69,4,5111,1,261,0
894,69,4,5345,1,116,0
895,69,4,5533,1,70,0
896,69,4,5540,1,77,0
897,69,4,5303,1,138,0
898,69,4,5563,1,68,0
899,69,4,5393,1,104,0
900,70,1,1289,0,1001,1
901,70,4,5470,1,94,0
902,70,4,5386,1,112,0
903,70,4,5240,1,156,0
904,70,4,5494,1,87,0
905,70,4,5291,1,128,0
906,70,4,5209,1,172,0
907,70,4,5308,1,110,0
908,70,4,5286,1,133,0
909,70,4,5040,1,211,0
910,70,4,4983,1,184,0
911,70,4,5560,1,69,0
912,70,4,5352,1,127,0
913,70,4,5530,1,79,0
914,70,4,5024,1,263,0
915,70,4,5245,1,153,0
916,70,4,5337,1,127,0
917,70,4,5129,1,163,0
918,70,4,5213,1,178,0
919,70,4,5511,1,80,0
920,70,4,5434,1,110,0
921,70,4,5546,1,73,0
922,71,3,3350,0,1001,0
923,71,4,5155,1,165,0
924,71,4,5373,1,102,0
925,71,4,4832,1,268,0
926,71,4,5349,1,128,0
927,71,4,5345,1,127,0
928,71,4,5284,1,149,0
929,71,4,5217,1,167,0
930,71,4,5421,1,103,0
931,71,4,5600,1,57,0
932,71,4,5238,1,134,0
933,71,4,5137,1,172,0
934,71,4,4814,1,235,0
935,71,4,4412,1,304,0
936,72,4,4862,1,245,0
937,72,4,5265,1,123,0
938,72,4,5446,1,88,0
939,72,4,5089,1,185,0
940,72,4,4814,1,230,0
941,72,2,2331,0,1001,0
942,72,4,4070,1,400,0
943,72,4,5141,1,153,0
944,72,4,4134,1,360,0
945,72,4,5545,1,71,0
946,72,4,5370,1,110,0
947,72,4,5195,1,168,0
948,72,4,5367,1,111,0
949,72,4,5595,1,55,0
950,73,4,5345,1,116,0
951,73,4,5445,1,92,0
952,73,4,5375,1,120,0
953,73,4,5383,1,121,0
954,73,4,5215,1,181,0
955,73,4,4852,1,262,0
956,73,4,5330,1,120,0
957,73,4,5287,1,130,0
958,73,4,5472,1,85,0
959,73,4,5100,1,165,0
960,73,4,5360,1,112,0
961,73,4,5116,1,179,0
962,73,4,5218,1,148,0
963,73,4,5242,1,141,0
964,73,4,5274,1,133,0
965,73,4,5548,1,70,0
966,73,2,2362,0,1001,0
967,74,4,5271,1,116,0
968,74,4,5507,1,78,0
969,74,4,4993,1,337,0
970,74,4,5514,1,82,0
971,74,4,5213,1,137,0
972,74,4,5556,1,77,0
973,74,2,2321,0,1001,0
974,74,4,5435,1,85,0
975,74,4,5409,1,106,0
976,74,4,5431,1,99,0
977,74,4,5543,1,72,0
978,74,4,5313,1,120,0
979,74,4,5197,1,183,0
980,74,4,5339,1,132,0
981,74,4,5324,1,148,0
982,74,4,5633,1,45,0
983,74,4,5488,1,82,0
984,74,4,5231,1,227,0
985,74,4,5476,1,78,0
986,74,4,5468,1,85,0
987,75,4,5547,1,69,0
988,75,4,5457,1,90,0
989,75,4,5530,1,81,0
990,75,4,5522,1,76,0
991,75,4,5569,1,63,0
992,75,4,5523,1,76,0
993,75,4,5099,1,153,0
994,75,4,5555,1,61,0
995,75,4,5443,1,91,0
996,75,4,5376,1,116,0
997,75,4,5517,1,78,0
998,75,4,5576,1,60,0
999,75,4,5090,1,152,0
1000,75,1,1289,0,1001,1
1001,75,4,5478,1,84,0
1002,75,4,5575,1,71,0
1003,75,4,4984,1,205,0
1004,75,4,5507,1,77,0
1005,76,2,2288,0,1001,0
1006,76,4,5466,1,92,0
1007,76,4,5058,1,190,0
1008,76,3,3512,0,1001,0
1009,76,4,5440,1,91,0
1010,76,4,5404,1,101,0
1011,76,4,5326,1,120,0
1012,76,4,5108,1,167,0
1013,76,4,5563,1,65,0
1014,76,4,4550,1,296,0
1015,76,4,5522,1,72,0
1016,76,4,5603,1,57,0
1017,76,4,5075,1,157,0
1018,76,4,5382,1,114,0
1019,76,4,5562,1,62,0
1020,76,4,5300,1,131,0
1021,76,4,5518,1,73,0
1022,77,4,5358,1,118,0
1023,77,4,5512,1,75,0
1024,77,4,5365,1,112,0
1025,77,4,5384,1,104,0
1026,77,4,5533,1,72,0
1027,77,4,5186,1,160,0
1028,77,4,5093,1,182,0
1029,77,4,5546,1,67,0
1030,77,4,5294,1,114,0
1031,77,4,5590,1,54,0
1032,77,4,5331,1,113,0
1033,77,2,2345,0,1001,0
1034,77,4,5526,1,75,0
1035,77,4,5606,1,53,0
1036,77,4,5184,1,191,0
1037,77,4,5537,1,74,0
1038,77,4,5566,1,66,0
1039,77,4,5349,1,100,0
1040,77,4,4777,1,240,0
1041,77,4,5619,1,49,0
1042,77,4,5572,1,65,0
1043,77,4,5586,1,55,0
1044,78,4,4937,1,208,0
1045,78,4,5487,1,80,0
1046,78,4,5321,1,130,0
1047,78,4,5091,1,179,0
1048,78,4,5412,1,95,0
1049,78,4,5625,1,48,0
1050,78,4,5232,1,132,0
1051,78,4,5396,1,94,0
1052,78,4,5587,1,59,0
1053,78,4,5568,1,61,0
1054,78,4,5422,1,99,0
1055,78,4,5625,1,49,0
1056,78,4,5588,1,56,0
1057,78,4,5472,1,78,0
1058,78,4,5411,1,145,0
1059,78,4,5378,1,106,0
1060,78,4,5577,1,64,0
1061,78,4,5600,1,58,0
1062,78,4,5534,1,74,0
1063,78,4,5516,1,83,0
1064,78,3,3511,0,1001,0
1065,78,4,5492,1,79,0
1066,78,4,5444,1,99,0
1067,78,4,5426,1,126,0
1068,78,4,5635,1,45,0
1069,79,4,5389,1,133,0
1070,79,4,5495,1,87,0
1071,79,4,5472,1,74,0
1072,79,4,5459,1,79,0
1073,79,4,5525,1,88,0
1074,79,4,5574,1,61,0
1075,79,4,5569,1,63,0
1076,79,4,5379,1,132,0
1077,79,4,5527,1,81,0
1078,79,4,5511,1,94,0
1079,79,4,5520,1,83,0
1080,79,4,5606,1,76,0
1081,79,4,4801,1,225,0
1082,79,4,5571,1,98,0
1083,79,4,5487,1,101,0
1084,79,4,5500,1,83,0
1085,79,4,5421,1,101,0
1086,79,4,4966,1,178,0
1087,79,4,5476,1,118,0
1088,79,4,5623,1,47,0
1089,79,4,5551,1,81,0
1090,79,4,5456,1,99,0
1091,79,4,5586,1,59,0
1092,79,4,5378,1,119,0
1093,79,4,5592,1,64,0
1094,79,4,5375,1,118,0
1095,79,4,5551,1,75,0
1096,79,4,4639,1,253,0
1097,79,4,5474,1,93,0
1098,79,4,5542,1,69,0
1099,79,4,4952,1,197,0
1100,80,0,99,0,1001,1
1101,80,4,5441,1,118,0
1102,80,4,5218,1,171,0
1103,80,4,5113,1,221,0
1104,80,4,5053,1,172,0
1105,80,4,4656,1,268,0
1106,80,4,5126,1,151,0
1107,80,4,4763,1,255,0
1108,80,4,5517,1,71,0
1109,80,4,5424,1,84,0
1110,80,4,4894,1,219,0
1111,80,4,4929,1,230,0
1112,80,4,5436,1,109,0
1113,80,4,5138,1,160,0
1114,81,4,4884,1,216,0
1115,81,4,5380,1,117,0
1116,81,4,4936,1,212,0
1117,81,4,5179,1,148,0
1118,81,4,5048,1,178,0
1119,81,4,5370,1,102,0
1120,81,4,5472,1,81,0
1121,81,4,4575,1,263,0
1122,81,4,4789,1,228,0
1123,81,4,4631,1,250,0
1124,81,4,5071,1,179,0
1125,81,4,4929,1,188,0
1126,81,4,5574,1,62,0
1127,81,4,5415,1,115,0
1128,81,4,5570,1,64,0
1129,81,4,5442,1,92,0
1130,81,4,5453,1,96,0
1131,81,4,5409,1,103,0
1132,81,4,5467,1,85,0
1133,81,4,5324,1,109,0
1134,81,4,5199,1,147,0
1135,82,3,3143,0,1001,0
1136,82,4,5617,1,52,0
1137,82,4,5439,1,94,0
1138,82,4,5611,1,49,0
1139,82,4,5614,1,49,0
1140,82,4,5592,1,55,0
1141,82,4,5309,1,117,0
1142,82,4,5398,1,109,0
1143,82,4,5539,1,73,0
1144,82,4,5324,1,132,0
1145,82,4,5602,1,53,0
1146,82,4,5617,1,50,0
1147,82,4,5405,1,111,0
1148,82,4,5542,1,68,0
1149,82,4,5564,1,70,0
1150,82,4,5597,1,56,0
1151,82,4,5541,1,78,0
1152,82,4,5593,1,57,0
1153,82,4,5539,1,70,0
1154,82,4,5555,1,68,0
1155,82,4,5535,1,71,0
1156,82,4,5532,1,78,0
1157,82,4,5493,1,83,0
1158,82,4,5576,1,60,0
1159,82,4,5589,1,57,0
1160,82,4,5435,1,102,0
1161,82,4,5517,1,74,0
1162,82,4,5663,1,63,0
1163,82,4,5487,1,88,0
1164,82,4,5519,1,71,0
1165,82,4,5394,1,117,0
1166,82,4,5160,1,162,0
1167,82,4,5594,1,57,0
1168,83,4,5498,1,80,0
1169,83,4,5602,1,58,0
1170,83,4,5579,1,58,0
1171,83,4,5511,1,72,0
1172,83,4,5118,1,156,0
1173,83,4,5537,1,68,0
1174,83,4,5525,1,71,0
1175,83,4,5430,1,90,0
1176,83,4,5606,1,53,0
1177,83,4,5582,1,62,0
1178,83,4,5486,1,89,0
1179,83,4,5577,1,59,0
1180,83,4,5621,1,50,0
1181,83,4,5602,1,56,0
1182,83,4,5619,1,52,0
1183,83,4,5494,1,95,0
1184,83,4,5460,1,89,0
1185,83,4,5356,1,115,0
1186,83,4,5591,1,58,0
1187,83,4,5597,1,58,0
1188,83,4,5464,1,91,0
1189,83,4,5581,1,63,0
1190,83,4,5630,1,47,0
1191,83,4,5515,1,75,0
1192,83,4,5481,1,89,0
1193,83,4,5678,1,58,0
1194,83,4,5617,1,50,0
1195,83,4,5262,1,138,0
1196,83,4,5437,1,92,0
1197,83,4,5606,1,52,0
1198,83,4,5523,1,75,0
1199,84,3,3495,0,1001,0
1200,84,1,1289,0,1001,1
1201,84,4,4879,1,268,0
1202,84,4,5404,1,114,0
1203,84,4,5443,1,99,0
1204,84,4,5535,1,75,0
1205,84,4,5456,1,102,0
1206,84,2,2325,0,1001,0
1207,84,4,5448,1,96,0
1208,84,4,5487,1,101,0
1209,84,4,5573,1,63,0
1210,84,4,5571,1,64,0
1211,84,4,5469,1,96,0
1212,85,4,5318,1,141,0
1213,85,4,5213,1,164,0
1214,85,4,5414,1,117,0
1215,85,4,5572,1,60,0
1216,85,4,5375,1,106,0
1217,85,4,5591,1,60,0
1218,85,4,5618,1,51,0
1219,85,4,5622,1,77,0
1220,85,4,5495,1,82,0
1221,85,4,5585,1,61,0
1222,85,4,5572,1,67,0
1223,85,4,5564,1,63,0
1224,85,4,5613,1,50,0
1225,85,4,5691,1,54,0
1226,85,4,5589,1,60,0
1227,85,4,5577,1,63,0
1228,85,4,5449,1,98,0
1229,85,4,5371,1,122,0
1230,85,4,5145,1,230,0
1231,85,4,5494,1,89,0
1232,85,4,5559,1,68,0
1233,85,4,5652,1,66,0
1234,85,4,5444,1,104,0
1235,85,4,5016,1,194,0
1236,85,4,5522,1,83,0
1237,85,4,5504,1,75,0
1238,85,4,5583,1,64,0
1239,85,4,5414,1,123,0
1240,85,4,5382,1,119,0
1241,85,4,4775,1,313,0
1242,85,4,5311,1,156,0
1243,86,4,5435,1,127,0
1244,86,4,5079,1,229,0
1245,86,4,5378,1,110,0
1246,86,4,5200,1,199,0
1247,86,3,3400,0,1001,0
1248,86,4,5433,1,92,0
1249,86,4,5102,1,198,0
1250,86,4,4859,1,280,0
1251,86,4,5409,1,107,0
1252,86,4,5174,1,193,0
1253,86,4,4845,1,256,0
1254,86,4,5454,1,106,0
1255,86,4,5175,1,168,0
1256,87,4,4584,1,316,0
1257,87,4,5076,1,197,0
1258,87,4,5526,1,75,0
1259,87,4,5542,1,69,0
1260,87,4,5574,1,82,0
1261,87,4,5246,1,173,0
1262,87,4,5486,1,100,0
1263,87,4,4922,1,261,0
1264,87,4,5507,1,75,0
1265,87,4,5560,1,71,0
1266,87,4,5266,1,146,0
1267,87,4,5429,1,104,0
1268,87,4,5563,1,69,0
1269,87,4,5279,1,135,0
1270,87,4,5547,1,69,0
1271,87,4,5153,1,170,0
1272,87,4,5463,1,99,0
1273,87,4,5431,1,96,0
1274,87,4,5267,1,151,0
1275,87,4,5410,1,103,0
1276,87,4,5430,1,110,0
1277,87,4,5041,1,220,0
1278,87,4,5254,1,154,0
1279,87,4,5275,1,140,0
1280,87,4,5369,1,112,0
1281,88,4,5349,1,118,0
1282,88,4,5226,1,158,0
1283,88,4,5477,1,85,0
1284,88,4,5436,1,111,0
1285,88,4,5299,1,136,0
1286,88,4,5602,1,60,0
1287,88,4,5409,1,100,0
1288,88,4,5531,1,72,0
1289,88,4,5095,1,170,0
1290,88,4,5527,1,72,0
1291,88,4,5507,1,80,0
1292,88,4,5508,1,83,0
1293,88,4,5609,1,52,0
1294,88,4,5503,1,94,0
1295,88,4,5319,1,147,0
1296,88,4,5537,1,103,0
1297,88,4,5385,1,112,0
1298,88,4,5604,1,50,0
1299,88,4,5561,1,67,0
1300,88,2,2461,0,1001,1
1301,88,4,5387,1,110,0
1302,88,4,5534,1,74,0
1303,88,4,5330,1,135,0
1304,89,4,5098,1,207,0
1305,89,4,5376,1,129,0
1306,89,4,5449,1,94,0
1307,89,4,5512,1,77,0
1308,89,4,5074,1,192,0
1309,89,4,4661,1,314,0
1310,89,4,5511,1,75,0
1311,89,4,5522,1,77,0
1312,89,4,5431,1,101,0
1313,89,4,5335,1,114,0
1314,89,4,5519,1,83,0
1315,89,4,5379,1,123,0
1316,89,4,5131,1,207,0
1317,89,4,5486,1,90,0
1318,89,4,5335,1,135,0
1319,89,4,5518,1,78,0
1320,89,4,5485,1,86,0
1321,89,4,5402,1,102,0
1322,89,4,5392,1,104,0
1323,89,4,5306,1,130,0
1324,89,4,5469,1,86,0
1325,89,4,5365,1,120,0
1326,89,4,5215,1,158,0
1327,89,4,5367,1,110,0
1328,89,4,5466,1,96,0
1329,89,4,5591,1,55,0
1330,89,4,5499,1,80,0
1331,89,4,5453,1,86,0
1332,90,4,5591,1,57,0
1333,90,4,5445,1,101,0
1334,90,4,5482,1,89,0
1335,90,4,5435,1,103,0
1336,90,4,5473,1,111,0
1337,90,4,5361,1,132,0
1338,90,4,5457,1,98,0
1339,90,4,5406,1,106,0
1340,90,4,5250,1,124,0
1341,90,4,5561,1,70,0
1342,90,4,5475,1,93,0
1343,90,4,5529,1,94,0
1344,90,4,5570,1,63,0
1345,90,4,4927,1,187,0
1346,90,4,5533,1,74,0
1347,90,4,5540,1,78,0
1348,90,4,5559,1,67,0
1349,90,4,5526,1,78,0
1350,90,4,5443,1,93,0
1351,90,4,5553,1,70,0
1352,90,4,5542,1,77,0
1353,90,4,5526,1,78,0
1354,90,4,5475,1,95,0
1355,90,4,5416,1,108,0
1356,90,4,5511,1,79,0
1357,90,4,5486,1,86,0
1358,90,4,5296,1,156,0
1359,90,4,5476,1,83,0
1360,90,4,4972,1,270,0
1361,90,4,4795,1,226,0
1362,91,4,5347,1,133,0
1363,91,4,5371,1,116,0
1364,91,4,4987,1,231,0
1365,91,1,1179,0,1001,0
1366,91,4,5455,1,94,0
1367,91,4,5329,1,126,0
1368,91,4,5397,1,115,0
1369,91,4,5448,1,82,0
1370,91,4,5550,1,65,0
1371,91,4,5448,1,91,0
1372,91,4,5527,1,104,0
1373,91,4,5529,1,77,0
1374,91,4,5450,1,97,0
1375,91,4,5422,1,108,0
1376,91,4,5591,1,56,0
1377,91,4,5183,1,198,0
1378,91,4,5485,1,87,0
1379,91,4,5540,1,88,0
1380,91,4,5518,1,78,0
1381,91,4,5314,1,133,0
1382,91,4,5124,1,162,0
1383,92,4,4945,1,216,0
1384,92,4,5229,1,147,0
1385,92,4,5344,1,130,0
1386,92,4,5287,1,127,0
1387,92,4,5171,1,140,0
1388,92,4,5050,1,191,0
1389,92,4,5281,1,160,0
1390,92,4,5175,1,139,0
1391,92,3,3282,0,1001,0
1392,92,3,3124,0,1001,0
1393,93,4,5354,1,102,0
1394,93,4,5036,1,173,0
1395,93,4,5180,1,170,0
1396,93,4,5530,1,69,0
1397,93,4,4881,1,205,0
1398,93,4,5479,1,84,0
1399,93,4,4872,1,222,0
1400,93,0,99,0,1001,1
1401,93,4,4940,1,184,0
1402,93,4,5438,1,100,0
1403,93,4,4732,1,233,0
1404,93,4,5445,1,112,0
1405,93,4,5437,1,89,0
1406,93,4,3981,1,427,0
1407,94,4,4657,1,260,0
1408,94,4,5195,1,140,0
1409,94,4,5178,1,157,0
1410,94,4,5389,1,94,0
1411,94,4,5310,1,115,0
1412,94,4,5348,1,133,0
1413,94,4,4821,1,240,0
1414,94,4,5551,1,72,0
1415,94,4,4723,1,273,0
1416,94,4,5095,1,161,0
1417,94,4,5400,1,93,0
1418,94,4,4864,1,219,0
1419,94,4,5047,1,170,0
1420,94,3,3400,0,1001,0
1421,95,4,5225,1,148,0
1422,95,4,5305,1,140,0
1423,95,4,4869,1,251,0
1424,95,4,5271,1,121,0
1425,95,4,4913,1,200,0
1426,95,4,5232,1,138,0
1427,95,4,5511,1,79,0
1428,95,4,5331,1,115,0
1429,95,4,5332,1,110,0
1430,95,4,5312,1,123,0
1431,95,4,5265,1,152,0
1432,95,3,3258,0,1001,0
1433,95,4,5053,1,207,0
1434,95,4,4722,1,304,0
1435,96,3,3324,0,1001,0
1436,96,4,4885,1,233,0
1437,96,4,4904,1,222,0
1438,96,4,5287,1,130,0
1439,96,4,5072,1,205,0
1440,96,4,4790,1,290,0
1441,96,4,5108,1,160,0
1442,96,4,4522,1,312,0
1443,96,4,5423,1,117,0
1444,96,4,5156,1,150,0
1445,96,4,4438,1,304,0
1446,97,4,4437,1,305,0
1447,97,4,5284,1,118,0
1448,97,4,5145,1,166,0
1449,97,4,5304,1,112,0
1450,97,4,5350,1,112,0
1451,97,4,4818,1,217,0
1452,97,4,4529,1,296,0
1453,97,4,5202,1,150,0
1454,97,4,5081,1,162,0
1455,97,4,4368,1,312,0
1456,97,4,5467,1,85,0
1457,97,4,5378,1,103,0
1458,97,4,4930,1,199,0
1459,97,4,5264,1,123,0
1460,97,4,5426,1,88,0
1461,97,4,5315,1,114,0
1462,97,4,5261,1,132,0
1463,97,4,5254,1,125,0
1464,97,4,5092,1,155,0
1465,97,4,5519,1,79,0
1466,97,4,5610,1,79,0
1467,97,4,5482,1,82,0
1468,98,4,5184,1,142,0
1469,98,4,5289,1,126,0
1470,98,4,5316,1,119,0
1471,98,4,5137,1,162,0
1472,98,4,5585,1,58,0
1473,98,4,5440,1,91,0
1474,98,4,5472,1,87,0
1475,98,4,5502,1,99,0
1476,98,4,5388,1,103,0
1477,98,4,5284,1,162,0
1478,98,4,5444,1,91,0
1479,98,4,5505,1,77,0
1480,98,4,5587,1,85,0
1481,98,4,5588,1,58,0
1482,98,4,5065,1,174,0
1483,98,4,5423,1,102,0
1484,98,4,5379,1,105,0
1485,98,4,5239,1,143,0
1486,98,3,3502,0,1001,0
1487,99,4,4465,1,298,0
1488,99,4,5457,1,88,0
1489,99,4,5584,1,67,0
1490,99,4,5187,1,156,0
1491,99,4,5369,1,112,0
1492,99,4,5375,1,121,0
1493,99,4,5139,1,219,0
1494,99,4,5434,1,99,0
1495,99,4,5129,1,178,0
1496,99,4,5443,1,92,0
1497,99,4,4877,1,255,0
1498,99,4,5448,1,102,0
1499,99,4,5015,1,262,0
1500,99,1,1289,0,1001,1
1501,99,4,5352,1,126,0
1502,99,4,5227,1,175,0
1503,100,4,5040,1,206,0
1504,100,4,4979,1,216,0
1505,100,4,5381,1,119,0
1506,100,4,5477,1,91,0
1507,100,4,5454,1,99,0
1508,100,4,5575,1,74,0
1509,100,4,5586,1,60,0
1510,100,3,3469,0,1001,0
1511,100,4,5143,1,222,0
1512,100,4,5342,1,145,0
1513,100,4,5234,1,171,0
1514,100,4,5395,1,117,0
1515,100,4,4564,1,379,0
1516,100,4,4948,1,178,0
1517,100,4,5368,1,117,0
1518,101,4,4735,1,272,0
1519,101,4,4792,1,231,0
1520,101,4,5030,1,226,0
1521,101,4,4777,1,224,0
1522,101,4,4938,1,201,0
1523,101,4,5359,1,106,0
1524,101,4,4614,1,296,0
1525,101,4,5067,1,218,0
1526,101,4,5038,1,190,0
1527,101,4,5017,1,179,0
1528,101,4,4026,1,407,0
1529,101,4,5507,1,93,0
1530,101,4,5225,1,162,0
1531,101,4,5189,1,184,0
1532,101,4,5610,1,68,0
1533,101,4,5558,1,66,0
1534,101,4,5447,1,92,0
1535,101,4,5466,1,81,0
1536,102,4,5479,1,93,0
1537,102,4,5404,1,128,0
1538,102,4,5440,1,108,0
1539,102,4,5493,1,100,0
1540,102,4,5340,1,142,0
1541,102,4,5346,1,139,0
1542,102,4,5380,1,109,0
1543,102,4,5345,1,116,0
1544,102,4,5426,1,93,0
1545,102,4,5470,1,82,0
1546,102,4,5448,1,95,0
1547,102,4,5078,1,256,0
1548,102,4,5396,1,121,0
1549,102,4,5084,1,220,0
1550,102,4,4855,1,277,0
1551,102,4,5433,1,98,0
1552,102,4,5536,1,67,0
1553,102,4,5192,1,220,0
1554,102,4,5459,1,96,0
1555,102,4,5033,1,283,0
1556,102,4,5529,1,72,0
1557,102,4,5395,1,97,0
1558,102,4,5507,1,91,0
1559,102,4,5352,1,126,0
1560,103,4,5423,1,104,0
1561,103,4,5482,1,83,0
1562,103,4,5505,1,78,0
1563,103,4,5487,1,96,0
1564,103,4,5396,1,103,0
1565,103,4,4534,1,300,0
1566,103,4,5345,1,104,0
1567,103,4,5312,1,133,0
1568,103,1,1186,0,1001,0
1569,103,4,5457,1,82,0
1570,103,4,5490,1,78,0
1571,103,4,5235,1,159,0
1572,103,4,5341,1,129,0
1573,103,4,5035,1,182,0
1574,103,4,5186,1,154,0
1575,103,4,4626,1,276,0
1576,103,4,5625,1,71,0
1577,103,4,5513,1,79,0
1578,104,4,5117,1,244,0
1579,104,4,5575,1,62,0
1580,104,4,5262,1,135,0
1581,104,4,5451,1,113,0
1582,104,4,5261,1,142,0
1583,104,4,5389,1,105,0
1584,104,4,5358,1,123,0
1585,104,4,4966,1,233,0
1586,104,4,4984,1,217,0
1587,104,4,5540,1,74,0
1588,104,4,5452,1,98,0
1589,104,4,5288,1,133,0
1590,104,4,5265,1,142,0
1591,104,4,5523,1,76,0
1592,104,4,5482,1,89,0
1593,104,4,5313,1,154,0
1594,104,4,4493,1,375,0
1595,104,4,4947,1,260,0
1596,104,4,5281,1,208,0
1597,105,2,2282,0,1001,0
1598,105,4,5323,1,119,0
1599,105,4,5090,1,280,0
1600,105,1,1188,0,1001,1
1601,105,4,5319,1,124,0
1602,105,4,5490,1,81,0
1603,105,4,5411,1,112,0
1604,105,4,5201,1,159,0
1605,105,4,4842,1,316,0
1606,106,4,4874,1,309,0
1607,106,4,5353,1,111,0
1608,106,4,5428,1,100,0
1609,106,4,5441,1,96,0
1610,106,4,5185,1,160,0
1611,106,4,5292,1,131,0
1612,106,4,5387,1,110,0
1613,106,4,5412,1,108,0
1614,106,3,3483,0,1001,0
1615,106,4,5336,1,117,0
1616,106,4,5503,1,78,0
1617,106,1,1279,0,1001,0
1618,107,2,2187,0,1001,0
1619,107,4,5520,1,78,0
1620,107,4,5505,1,93,0
1621,107,4,5545,1,68,0
1622,107,4,5511,1,76,0
1623,107,4,5578,1,66,0
1624,107,4,5570,1,63,0
1625,107,4,5533,1,71,0
1626,107,4,5515,1,78,0
1627,107,4,5584,1,61,0
1628,107,4,5517,1,78,0
1629,107,4,5462,1,92,0
1630,107,4,5453,1,104,0
1631,107,4,5497,1,84,0
1632,107,4,5038,1,161,0
1633,107,4,5489,1,83,0
1634,107,4,5583,1,62,0
1635,107,4,5613,1,77,0
1636,107,4,5561,1,63,0
1637,107,4,5515,1,85,0
1638,107,4,5476,1,84,0
1639,107,4,5476,1,96,0
1640,107,4,5626,1,74,0
1641,107,4,5533,1,74,0
1642,107,4,5525,1,94,0
1643,107,4,5489,1,84,0
1644,107,4,5295,1,134,0
1645,107,4,5464,1,87,0
1646,108,4,5474,1,86,0
1647,108,4,5438,1,99,0
1648,108,4,5522,1,77,0
1649,108,4,5541,1,69,0
1650,108,4,5542,1,66,0
1651,108,4,5537,1,71,0
1652,108,4,5287,1,153,0
1653,108,4,5523,1,78,0
1654,108,4,5506,1,76,0
1655,108,4,4922,1,199,0
1656,108,4,5325,1,119,0
1657,108,4,5591,1,57,0
1658,108,4,5419,1,113,0
1659,108,4,5485,1,92,0
1660,108,4,5417,1,113,0
1661,108,4,5346,1,110,0
1662,108,4,5484,1,99,0
1663,108,4,4819,1,395,0
1664,108,4,5541,1,69,0
1665,108,4,5240,1,191,0
1666,109,2,2388,0,1001,0
1667,109,4,5533,1,76,0
1668,109,4,4792,1,296,0
1669,109,4,5499,1,83,0
1670,109,4,5492,1,89,0
1671,109,3,3488,0,1001,0
1672,109,4,5463,1,108,0
1673,109,4,5404,1,95,0
1674,109,4,5208,1,164,0
1675,109,4,5575,1,62,0
1676,109,4,5580,1,81,0
1677,109,4,5327,1,112,0
1678,109,4,5319,1,121,0
1679,109,4,5292,1,121,0
1680,109,4,5417,1,100,0
1681,109,4,5447,1,84,0
1682,109,4,5015,1,193,0
1683,109,4,4854,1,225,0
1684,109,4,5597,1,55,0
1685,110,4,5544,1,69,0
1686,110,4,5385,1,110,0
1687,110,4,5519,1,82,0
1688,110,4,5387,1,138,0
1689,110,4,5384,1,104,0
1690,110,4,5630,1,70,0
1691,110,4,4957,1,212,0
1692,110,4,5283,1,124,0
1693,110,4,5487,1,78,0
1694,110,4,5424,1,91,0
1695,110,4,5550,1,64,0
1696,110,4,5179,1,151,0
1697,110,4,5548,1,70,0
1698,110,4,5525,1,73,0
1699,110,4,5514,1,79,0
1700,110,0,0,0,1001,1
1701,110,4,5548,1,72,0
1702,110,4,5515,1,80,0
1703,110,4,5493,1,97,0
1704,110,4,5497,1,74,0
1705,110,4,5514,1,80,0
1706,110,4,5535,1,79,0
1707,110,4,5500,1,80,0
1708,110,4,5100,1,148,0
1709,111,4,4965,1,193,0
1710,111,2,2376,0,1001,0
1711,111,4,5370,1,104,0
1712,111,4,4460,1,329,0
1713,111,4,5562,1,69,0
1714,111,4,5403,1,109,0
1715,111,4,5196,1,134,0
1716,111,4,4766,1,248,0
1717,111,4,5552,1,85,0
1718,111,4,5524,1,74,0
1719,111,4,5576,1,82,0
1720,111,4,5009,1,274,0
1721,111,4,5419,1,104,0
1722,111,4,5257,1,160,0
1723,111,4,5491,1,84,0
1724,111,4,5504,1,97,0
1725,112,4,5405,1,120,0
1726,112,4,5512,1,84,0
1727,112,4,5584,1,58,0
1728,112,4,5480,1,92,0
1729,112,4,5270,1,151,0
1730,112,4,5371,1,159,0
1731,112,4,5166,1,200,0
1732,112,4,5377,1,114,0
1733,112,4,5220,1,153,0
1734,112,1,1188,0,1001,0
1735,112,4,5316,1,138,0
1736,112,4,5408,1,111,0
1737,112,4,5310,1,134,0
1738,112,4,5284,1,157,0
1739,112,4,5308,1,123,0
1740,112,4,5060,1,225,0
1741,112,4,5398,1,113,0
1742,112,4,5536,1,74,0
1743,113,4,5557,1,73,0
1744,113,4,5414,1,132,0
1745,113,4,5507,1,105,0
1746,113,4,5370,1,146,0
1747,113,4,5374,1,126,0
1748,113,4,5409,1,93,0
1749,113,2,2401,0,1001,0
1750,113,4,5485,1,88,0
1751,113,4,5591,1,83,0
1752,113,4,5374,1,120,0
1753,113,4,5540,1,94,0
1754,113,4,5267,1,138,0
1755,113,4,5355,1,113,0
1756,113,4,5469,1,87,0
1757,113,4,5345,1,114,0
1758,114,3,3417,0,1001,0
1759,114,4,5543,1,92,0
1760,114,4,5253,1,128,0
1761,114,4,5565,1,86,0
1762,114,4,5532,1,79,0
1763,114,4,5369,1,105,0
1764,114,4,5579,1,81,0
1765,114,4,5476,1,91,0
1766,114,4,5419,1,108,0
1767,114,4,5395,1,125,0
1768,114,4,5077,1,178,0
1769,114,4,5462,1,90,0
1770,114,4,5465,1,89,0
1771,114,4,5440,1,118,0
1772,114,4,5440,1,95,0
1773,114,4,5305,1,122,0
1774,114,4,5496,1,79,0
1775,114,4,5535,1,70,0
1776,114,4,5573,1,92,0
1777,114,4,5452,1,96,0
1778,114,4,5485,1,103,0
1779,114,4,5558,1,68,0
1780,114,4,5458,1,111,0
1781,114,4,5440,1,91,0
1782,114,4,5531,1,76,0
1783,114,4,4952,1,215,0
1784,114,4,5387,1,107,0
1785,114,4,5446,1,108,0
1786,114,4,5498,1,87,0
1787,115,4,5449,1,84,0
1788,115,4,5383,1,111,0
1789,115,4,5242,1,166,0
1790,115,4,5572,1,85,0
1791,115,4,5044,1,197,0
1792,115,4,5183,1,168,0
1793,115,4,5450,1,98,0
1794,115,4,5329,1,135,0
1795,115,4,5435,1,108,0
1796,115,4,5425,1,96,0
1797,115,4,5551,1,70,0
1798,115,4,5476,1,91,0
1799,115,4,5458,1,90,0
1800,115,0,0,0,1001,1
1801,115,4,5468,1,84,0
1802,115,4,5508,1,74,0
1803,115,4,5258,1,124,0
1804,115,4,5279,1,121,0
1805,115,4,5250,1,202,0
1806,115,4,5247,1,169,0
1807,116,4,5443,1,89,0
1808,116,4,5168,1,152,0
1809,116,4,5593,1,84,0
1810,116,4,5208,1,181,0
1811,116,4,5143,1,159,0
1812,116,4,5205,1,168,0
1813,116,4,5220,1,175,0
1814,116,4,5032,1,191,0
1815,116,4,4898,1,206,0
1816,116,4,5447,1,92,0
1817,116,4,5465,1,93,0
1818,116,4,5234,1,149,0
1819,116,4,5408,1,98,0
1820,116,4,4286,1,362,0
1821,116,4,5265,1,132,0
1822,116,4,5180,1,176,0
1823,116,4,5096,1,173,0
1824,116,4,5511,1,111,0
1825,116,4,5515,1,76,0
1826,116,4,5158,1,228,0
1827,116,4,5527,1,77,0
1828,117,4,5425,1,137,0
1829,117,4,4843,1,215,0
1830,117,4,5228,1,184,0
1831,117,4,4613,1,298,0
1832,117,4,4690,1,278,0
1833,117,4,5514,1,107,0
1834,117,4,5102,1,179,0
1835,117,4,5462,1,99,0
1836,117,4,5399,1,115,0
1837,117,4,5494,1,89,0
1838,117,4,5345,1,132,0
1839,117,4,5302,1,149,0
1840,117,4,5531,1,80,0
1841,117,4,5245,1,172,0
1842,117,4,5487,1,79,0
1843,117,4,5508,1,78,0
1844,117,4,5509,1,83,0
1845,117,4,5425,1,102,0
1846,117,4,5550,1,69,0
1847,117,4,5551,1,70,0
1848,117,4,5447,1,88,0
1849,117,4,5543,1,75,0
1850,117,4,5557,1,68,0
1851,117,4,4974,1,253,0
1852,118,4,5245,1,129,0
1853,118,4,5458,1,98,0
1854,118,4,5188,1,144,0
1855,118,4,5513,1,80,0
1856,118,4,5324,1,122,0
1857,118,4,5276,1,122,0
1858,118,4,5555,1,68,0
1859,118,4,5548,1,68,0
1860,118,4,5572,1,62,0
1861,118,4,5627,1,47,0
1862,118,4,5440,1,89,0
1863,118,4,5565,1,65,0
1864,118,4,5465,1,92,0
1865,118,4,5489,1,112,0
1866,118,4,5539,1,72,0
1867,118,4,5505,1,87,0
1868,118,4,5603,1,79,0
1869,118,4,5413,1,114,0
1870,118,4,5238,1,163,0
1871,118,4,5246,1,173,0
1872,118,4,5234,1,183,0
1873,118,2,2237,0,1001,0
1874,119,4,5012,1,175,0
1875,119,4,5416,1,118,0
1876,119,4,5365,1,119,0
1877,119,4,5284,1,163,0
1878,119,4,5508,1,74,0
1879,119,4,5522,1,79,0
1880,119,4,5384,1,125,0
1881,119,4,5508,1,83,0
1882,119,4,5523,1,78,0
1883,119,4,5469,1,88,0
1884,119,4,5513,1,83,0
1885,119,4,5575,1,64,0
1886,119,4,5588,1,59,0
1887,119,4,5543,1,102,0
1888,119,4,5599,1,54,0
1889,119,4,5432,1,111,0
1890,119,4,5497,1,87,0
1891,119,4,5518,1,84,0
1892,119,4,5542,1,70,0
1893,119,4,5507,1,84,0
1894,119,4,5171,1,206,0
1895,119,4,5217,1,175,0
1896,119,4,5540,1,70,0
1897,119,4,5529,1,85,0
1898,119,4,5564,1,65,0
1899,119,4,5537,1,81,0
1900,120,2,2366,0,1001,1
1901,120,4,5513,1,82,0
1902,120,4,5293,1,157,0
1903,120,4,5567,1,62,0
1904,120,4,5538,1,79,0
1905,120,4,5581,1,58,0
1906,120,4,5526,1,72,0
1907,120,4,5586,1,59,0
1908,120,4,5666,1,62,0
1909,120,4,5553,1,68,0
1910,120,4,5564,1,66,0
1911,120,4,5608,1,53,0
1912,120,4,5571,1,65,0
1913,120,4,5462,1,85,0
1914,120,4,5161,1,160,0
1915,120,4,5547,1,70,0
1916,120,4,5534,1,67,0
1917,120,4,5520,1,77,0
1918,120,4,5576,1,61,0
1919,120,4,5487,1,101,0
1920,120,4,5581,1,63,0
1921,120,4,5552,1,71,0
1922,120,4,5515,1,72,0
1923,120,4,5592,1,54,0
1924,120,4,5551,1,64,0
1925,120,4,5501,1,119,0
1926,120,4,5547,1,72,0
1927,120,4,5517,1,76,0
1928,120,4,4668,1,296,0
1929,120,4,5577,1,78,0
1930,120,4,5508,1,76,0
1931,120,4,5498,1,75,0
1932,120,4,5507,1,77,0
1933,120,4,5536,1,75,0
1934,120,4,5569,1,67,0
1935,120,4,5573,1,65,0
1936,121,4,5502,1,85,0
1937,121,4,5393,1,111,0
1938,121,4,5504,1,79,0
1939,121,4,5526,1,74,0
1940,121,4,5595,1,60,0
1941,121,4,5460,1,104,0
1942,121,4,5575,1,63,0
1943,121,4,5524,1,81,0
1944,121,4,5593,1,58,0
1945,121,4,5581,1,64,0
1946,121,4,5495,1,87,0
1947,121,4,5558,1,65,0
1948,121,4,5595,1,59,0
1949,121,4,5434,1,89,0
1950,121,4,5589,1,59,0
1951,121,4,5568,1,61,0
1952,121,4,5564,1,65,0
1953,121,4,4840,1,321,0
1954,121,4,5502,1,88,0
1955,121,4,5508,1,84,0
1956,121,4,5284,1,160,0
1957,121,4,5245,1,149,0
1958,121,4,5408,1,110,0
1959,121,4,5236,1,155,0
1960,121,4,4900,1,255,0
1961,121,4,5178,1,162,0
1962,121,4,5282,1,146,0
1963,121,4,5365,1,109,0
1964,121,4,5240,1,169,0
1965,122,4,5154,1,197,0
1966,122,4,4736,1,320,0
1967,122,4,5505,1,75,0
1968,122,4,5495,1,79,0
1969,122,4,5603,1,54,0
1970,122,4,4948,1,250,0
1971,122,4,5382,1,138,0
1972,122,4,5455,1,115,0
1973,122,4,5478,1,91,0
1974,122,4,5537,1,64,0
1975,122,4,5416,1,122,0
1976,122,4,5552,1,70,0
1977,122,4,5555,1,72,0
1978,122,4,5505,1,97,0
1979,122,4,5235,1,171,0
1980,122,4,5414,1,103,0
1981,122,4,4893,1,222,0
1982,122,4,5368,1,147,0
1983,122,4,5595,1,99,0
1984,122,4,5600,1,58,0
1985,122,4,5521,1,74,0
1986,122,4,5438,1,112,0
1987,122,4,5507,1,89,0
1988,122,4,5581,1,64,0
1989,122,4,5532,1,88,0
1990,122,4,5549,1,73,0
1991,122,4,5531,1,77,0
1992,122,4,5580,1,57,0
1993,122,4,5537,1,86,0
1994,123,4,5546,1,69,0
1995,123,4,5582,1,64,0
1996,123,4,5486,1,89,0
1997,123,4,5578,1,68,0
1998,123,4,5320,1,132,0
1999,123,4,5532,1,83,0
2000,123,2,2463,0,1001,1
2001,123,4,5510,1,90,0
2002,123,4,5569,1,69,0
2003,123,4,5470,1,102,0
2004,123,4,5562,1,76,0
2005,123,4,5491,1,89,0
2006,123,4,5545,1,74,0
2007,123,4,5460,1,119,0
2008,123,4,5310,1,122,0
2009,123,4,5522,1,79,0
2010,123,4,5155,1,159,0
2011,123,4,5540,1,83,0
2012,123,4,4961,1,194,0
2013,123,4,5443,1,106,0
2014,123,4,5530,1,81,0
2015,123,4,5476,1,97,0
2016,123,4,5507,1,86,0
2017,123,4,5363,1,106,0
2018,124,4,5383,1,139,0
2019,124,4,5537,1,83,0
2020,124,4,5545,1,74,0
2021,124,4,5291,1,169,0
2022,124,4,5468,1,99,0
2023,124,4,5287,1,164,0
2024,124,4,5338,1,123,0
2025,124,4,5148,1,211,0
2026,124,4,5151,1,212,0
2027,124,4,4951,1,285,0
2028,124,4,5467,1,97,0
2029,124,4,5436,1,84,0
2030,124,4,5506,1,113,0
2031,124,4,5532,1,81,0
2032,124,4,4289,1,393,0
2033,124,4,5255,1,156,0
2034,124,4,4964,1,250,0
2035,124,4,5000,1,289,0
2036,124,4,5596,1,77,0
2037,125,4,4713,1,261,0
2038,125,4,4961,1,217,0
2039,125,4,5292,1,121,0
2040,125,4,5207,1,144,0
2041,125,4,5011,1,215,0
2042,125,4,5275,1,159,0
2043,125,4,5055,1,209,0
2044,125,4,4903,1,229,0
2045,125,4,5149,1,185,0
2046,125,4,5447,1,107,0
2047,125,4,2701,1,818,0
2048,125,4,4759,1,279,0
2049,125,4,5117,1,186,0
2050,125,4,5337,1,127,0
2051,126,4,5312,1,145,0
2052,126,4,5092,1,216,0
2053,126,4,5229,1,168,0
2054,126,4,5285,1,172,0
2055,126,4,4990,1,253,0
2056,126,4,5326,1,113,0
2057,126,4,5251,1,153,0
2058,126,4,5166,1,203,0
2059,126,4,4966,1,220,0
2060,126,4,5221,1,189,0
2061,126,4,5258,1,153,0
2062,126,4,5483,1,93,0
2063,126,4,5203,1,160,0
2064,126,4,5518,1,87,0
2065,126,4,5590,1,58,0
2066,126,4,5411,1,148,0
2067,126,4,5535,1,78,0
2068,126,4,5202,1,192,0
2069,126,4,4975,1,190,0
2070,126,4,5401,1,124,0
2071,127,4,4292,1,540,0
2072,127,4,4698,1,360,0
2073,127,4,5441,1,89,0
2074,127,4,5536,1,74,0
2075,127,4,5188,1,226,0
2076,127,2,2326,0,1001,0
2077,127,4,5242,1,161,0
2078,128,1,1190,0,1001,0
2079,128,4,5500,1,92,0
2080,128,4,5096,1,201,0
2081,128,4,5576,1,59,0
2082,128,4,5528,1,77,0
2083,128,4,5474,1,116,0
2084,128,4,5088,1,232,0
2085,128,4,5505,1,86,0
2086,128,4,5508,1,76,0
2087,128,4,5312,1,128,0
2088,128,4,4686,1,382,0
2089,128,4,5290,1,149,0
2090,128,4,5333,1,152,0
2091,128,4,5558,1,67,0
2092,128,4,5478,1,105,0
2093,128,4,5566,1,66,0
2094,128,4,5522,1,78,0
2095,128,4,5600,1,59,0
2096,128,4,5509,1,92,0
2097,128,4,5456,1,95,0
2098,128,4,5481,1,97,0
2099,128,4,5520,1,72,0
2100,129,3,3622,0,1001,1
2101,129,4,5501,1,92,0
2102,129,4,5438,1,109,0
2103,129,4,5482,1,97,0
2104,129,4,5546,1,68,0
2105,129,4,5431,1,85,0
2106,129,4,5431,1,98,0
2107,129,4,5516,1,81,0
2108,129,4,5554,1,68,0
2109,129,4,5470,1,90,0
2110,129,4,5461,1,97,0
2111,129,4,5346,1,153,0
2112,129,4,5136,1,221,0
2113,129,4,5446,1,138,0
2114,129,4,5232,1,223,0
2115,129,4,5533,1,88,0
2116,129,4,5188,1,188,0
2117,129,4,5475,1,89,0
2118,129,4,5327,1,141,0
2119,129,4,5308,1,164,0
2120,129,4,5577,1,66,0
2121,129,4,5542,1,73,0
2122,129,4,5529,1,85,0
2123,129,4,5465,1,90,0
2124,129,4,5081,1,157,0
2125,130,4,5592,1,56,0
2126,130,4,5443,1,94,0
2127,130,4,5461,1,106,0
2128,130,4,5461,1,88,0
2129,130,4,5489,1,106,0
2130,130,4,5471,1,100,0
2131,130,4,5574,1,67,0
2132,130,4,5585,1,59,0
2133,130,4,5507,1,93,0
2134,130,4,5391,1,128,0
2135,130,4,5241,1,133,0
2136,130,4,5497,1,73,0
2137,130,4,5466,1,101,0
2138,130,4,5472,1,105,0
2139,130,2,2355,0,1001,0
2140,130,4,5468,1,102,0
2141,130,4,5519,1,76,0
2142,130,4,5388,1,157,0
2143,130,4,5567,1,64,0
2144,130,4,5463,1,94,0
2145,130,4,5478,1,91,0
2146,130,4,5489,1,87,0
2147,130,4,5553,1,71,0
2148,130,4,5620,1,51,0
2149,130,4,5556,1,65,0
2150,130,4,5550,1,73,0
2151,131,4,5574,1,74,0
2152,131,4,5613,1,49,0
2153,131,4,5545,1,69,0
2154,131,4,5602,1,52,0
2155,131,4,5397,1,101,0
2156,131,4,5408,1,127,0
2157,131,4,4809,1,288,0
2158,131,4,5521,1,85,0
2159,131,4,5357,1,122,0
2160,131,4,4543,1,331,0
2161,131,4,5406,1,109,0
2162,131,4,5264,1,155,0
2163,131,4,5176,1,185,0
2164,131,4,5521,1,78,0
2165,131,4,5546,1,76,0
2166,131,4,5541,1,73,0
2167,131,4,5589,1,60,0
2168,131,4,5501,1,95,0
2169,131,4,5402,1,117,0
2170,131,4,5452,1,97,0
2171,131,4,5396,1,132,0
2172,131,4,5397,1,119,0
2173,131,4,5167,1,199,0
2174,131,4,5396,1,120,0
2175,131,4,5543,1,82,0
2176,131,4,5365,1,142,0
2177,132,4,5246,1,201,0
2178,132,4,5347,1,134,0
2179,132,4,5407,1,120,0
2180,132,4,5539,1,68,0
2181,132,4,5170,1,214,0
2182,132,4,5322,1,125,0
2183,132,4,5185,1,179,0
2184,132,4,5001,1,289,0
2185,132,4,4981,1,278,0
2186,132,4,4872,1,300,0
2187,132,4,5417,1,112,0
2188,132,4,5457,1,95,0
2189,132,4,4913,1,221,0
2190,133,2,2325,0,1001,0
2191,133,4,5437,1,94,0
2192,133,4,5278,1,156,0
2193,133,4,5474,1,101,0
2194,133,4,5550,1,75,0
2195,133,4,5527,1,82,0
2196,133,4,5319,1,136,0
2197,133,4,4923,1,252,0
2198,133,4,5170,1,159,0
2199,133,4,5152,1,157,0
2200,133,1,1289,0,1001,1
2201,133,4,5539,1,78,0
2202,133,4,5315,1,161,0
2203,133,4,5486,1,80,0
2204,133,4,4420,1,346,0
2205,133,4,5523,1,74,0
2206,133,4,5431,1,111,0
2207,134,4,5333,1,134,0
2208,134,4,5492,1,82,0
2209,134,4,5548,1,64,0
2210,134,4,5189,1,169,0
2211,134,4,5472,1,95,0
2212,134,4,5533,1,75,0
2213,134,4,5538,1,75,0
2214,134,4,5522,1,78,0
2215,134,4,5464,1,91,0
2216,134,4,5490,1,91,0
2217,134,4,5359,1,148,0
2218,134,4,5611,1,53,0
2219,134,4,5408,1,110,0
2220,134,4,5523,1,71,0
2221,134,4,5568,1,66,0
2222,134,4,5486,1,93,0
2223,134,4,5368,1,114,0
2224,134,4,5346,1,124,0
2225,134,4,5580,1,61,0
2226,134,4,5465,1,94,0
2227,134,4,5480,1,98,0
2228,134,4,5313,1,129,0
2229,134,4,5140,1,210,0
2230,134,4,5480,1,91,0
2231,134,4,5526,1,84,0
2232,134,4,5387,1,115,0
2233,134,4,5332,1,171,0
2234,134,4,5528,1,97,0
2235,134,4,5323,1,136,0
2236,134,4,5456,1,80,0
2237,135,4,5024,1,318,0
2238,135,4,5470,1,104,0
2239,135,4,5187,1,171,0
2240,135,4,5307,1,149,0
2241,135,4,4994,1,270,0
2242,135,4,4760,1,301,0
2243,135,4,5128,1,211,0
2244,135,4,5462,1,95,0
2245,135,4,5249,1,151,0
2246,135,4,5392,1,130,0
2247,135,4,5074,1,180,0
2248,135,4,5021,1,216,0
2249,135,4,5087,1,199,0
2250,135,4,5270,1,173,0
2251,135,4,5552,1,68,0
2252,135,4,5555,1,66,0
2253,135,4,5440,1,101,0
2254,135,4,5333,1,156,0
2255,135,4,5335,1,131,0
2256,135,4,5450,1,102,0
2257,136,4,5341,1,172,0
2258,136,4,4898,1,283,0
2259,136,4,5246,1,183,0
2260,136,4,5426,1,134,0
2261,136,4,5163,1,162,0
2262,136,4,4798,1,285,0
2263,136,4,5038,1,191,0
2264,136,4,5324,1,118,0
2265,136,4,5316,1,163,0
2266,136,4,4972,1,234,0
2267,136,4,5344,1,128,0
2268,136,4,5153,1,196,0
2269,136,4,4790,1,304,0
2270,136,4,4299,1,426,0
2271,136,4,5120,1,183,0
2272,136,4,5471,1,101,0
2273,137,4,5199,1,157,0
2274,137,4,5069,1,201,0
2275,137,4,5367,1,136,0
2276,137,4,5480,1,103,0
2277,137,4,4973,1,216,0
2278,137,4,4729,1,293,0
2279,137,4,5151,1,210,0
2280,137,4,5390,1,119,0
2281,137,4,5104,1,214,0
2282,137,4,5450,1,97,0
2283,137,4,4829,1,273,0
2284,137,4,5352,1,153,0
2285,137,4,5270,1,141,0
2286,137,4,5481,1,91,0
2287,137,4,5383,1,128,0
2288,137,4,5328,1,155,0
2289,137,4,4715,1,266,0
2290,137,4,5483,1,106,0
2291,138,4,5139,1,184,0
2292,138,4,5323,1,146,0
2293,138,4,5550,1,73,0
2294,138,4,5369,1,130,0
2295,138,4,5381,1,133,0
2296,138,4,5340,1,139,0
2297,138,4,5438,1,95,0
2298,138,4,5559,1,73,0
2299,138,4,5499,1,84,0
2300,138,1,1289,0,1001,1
2301,138,4,5286,1,137,0
2302,138,4,5244,1,153,0
2303,138,4,5542,1,83,0
2304,138,4,5126,1,179,0
2305,138,4,5452,1,101,0
2306,138,4,5454,1,108,0
2307,138,4,5396,1,107,0
2308,138,4,5391,1,129,0
2309,138,4,5547,1,65,0
2310,139,4,4576,1,287,0
2311,139,4,5163,1,198,0
2312,139,4,4749,1,300,0
2313,139,4,5511,1,84,0
2314,139,4,5266,1,177,0
2315,139,4,5432,1,124,0
2316,139,4,5424,1,116,0
2317,139,4,5399,1,136,0
2318,139,4,5614,1,52,0
2319,139,4,5421,1,128,0
2320,139,4,5461,1,108,0
2321,139,4,5464,1,120,0
2322,139,4,5468,1,104,0
2323,139,4,5351,1,139,0
2324,139,4,5432,1,113,0
2325,139,4,5340,1,166,0
2326,139,4,5388,1,136,0
2327,139,4,5290,1,161,0
2328,139,4,5386,1,140,0
2329,139,4,5450,1,81,0
2330,139,4,5189,1,160,0
2331,139,4,5425,1,132,0
2332,139,4,5452,1,103,0
2333,139,4,5514,1,86,0
2334,140,4,5268,1,165,0
2335,140,4,5389,1,127,0
2336,140,4,5319,1,151,0
2337,140,4,5346,1,119,0
2338,140,4,5264,1,163,0
2339,140,4,5321,1,139,0
2340,140,4,5057,1,192,0
2341,140,4,5458,1,99,0
2342,140,4,5110,1,224,0
2343,140,4,5482,1,94,0
2344,140,4,5060,1,248,0
2345,140,4,5410,1,122,0
2346,140,4,5205,1,152,0
2347,140,4,5344,1,137,0
2348,140,4,5257,1,212,0
2349,140,4,5366,1,128,0
2350,140,4,5334,1,143,0
2351,140,4,4293,1,521,0
2352,141,1,1190,0,1001,0
2353,141,4,5382,1,126,0
2354,141,4,5149,1,230,0
2355,141,4,5146,1,202,0
2356,141,4,5255,1,170,0
2357,141,4,5165,1,185,0
2358,141,4,4668,1,362,0
2359,141,4,5459,1,98,0
2360,141,4,5242,1,198,0
2361,141,4,5442,1,96,0
2362,141,4,5342,1,137,0
2363,141,4,5046,1,222,0
2364,141,4,5386,1,110,0
2365,141,4,5355,1,117,0
2366,141,4,5584,1,57,0
2367,142,4,5348,1,137,0
2368,142,4,4661,1,386,0
2369,142,4,5120,1,209,0
2370,142,4,5212,1,175,0
2371,142,4,5410,1,103,0
2372,142,4,5280,1,149,0
2373,142,4,5433,1,121,0
2374,142,4,5493,1,88,0
2375,142,4,4898,1,242,0
2376,142,4,5209,1,190,0
2377,142,4,4991,1,229,0
2378,142,4,5018,1,265,0
2379,142,4,5524,1,75,0
2380,142,4,4867,1,262,0
2381,142,4,5127,1,232,0
2382,142,4,4978,1,228,0
2383,142,4,5573,1,61,0
2384,142,4,5050,1,222,0
2385,143,4,5040,1,219,0
2386,143,4,5170,1,192,0
2387,143,4,4917,1,262,0
2388,143,4,4857,1,265,0
2389,143,4,5572,1,61,0
2390,143,4,5043,1,175,0
2391,143,4,4953,1,261,0
2392,143,4,5341,1,140,0
2393,143,4,5507,1,80,0
2394,143,4,5438,1,111,0
2395,143,4,5495,1,89,0
2396,143,4,5046,1,175,0
2397,143,4,5214,1,182,0
2398,143,4,5155,1,250,0
2399,143,4,5574,1,60,0
2400,144,1,1289,0,1001,1
2401,144,4,5072,1,247,0
2402,144,4,5252,1,134,0
2403,144,4,5289,1,184,0
2404,144,4,4467,1,330,0
2405,144,4,4980,1,212,0
2406,144,4,4995,1,204,0
2407,144,4,5476,1,87,0
2408,144,4,5245,1,184,0
2409,144,3,3371,0,1001,0
2410,144,4,5310,1,159,0
2411,145,4,4522,1,471,0
2412,145,4,5223,1,126,0
2413,145,4,5290,1,128,0
2414,145,4,5207,1,194,0
2415,145,4,4539,1,405,0
2416,145,4,4691,1,387,0
2417,145,4,5425,1,127,0
2418,145,4,4480,1,506,0
2419,145,4,5334,1,192,0
2420,145,4,5304,1,133,0
2421,145,4,5177,1,209,0
2422,145,4,4309,1,364,0
2423,145,4,5364,1,150,0
2424,145,4,5452,1,105,0
2425,146,4,5260,1,158,0
2426,146,4,5248,1,143,0
2427,146,4,5116,1,203,0
2428,146,4,5339,1,129,0
2429,146,4,5384,1,122,0
2430,146,4,4667,1,257,0
2431,146,4,5315,1,157,0
2432,146,4,5392,1,102,0
2433,146,4,5041,1,234,0
2434,146,4,5503,1,80,0
2435,146,4,4939,1,214,0
2436,146,4,5290,1,123,0
2437,146,4,4344,1,384,0
2438,146,4,5041,1,187,0
2439,146,4,5172,1,146,0
2440,146,4,5536,1,69,0
2441,146,4,5105,1,176,0
2442,146,4,5368,1,101,0
2443,146,4,5378,1,105,0
2444,147,4,4776,1,244,0
2445,147,4,5238,1,141,0
2446,147,4,4661,1,266,0
2447,147,4,5368,1,141,0
2448,147,4,5490,1,82,0
2449,147,4,5464,1,88,0
2450,147,4,5167,1,156,0
2451,147,4,5350,1,119,0
2452,147,4,5134,1,157,0
2453,147,4,5292,1,114,0
2454,147,4,5521,1,70,0
2455,147,4,5323,1,119,0
2456,147,4,5572,1,63,0
2457,147,4,5496,1,83,0
2458,147,4,5416,1,108,0
2459,147,4,5382,1,114,0
2460,147,4,4752,1,251,0
2461,147,4,5217,1,142,0
2462,147,4,4631,1,295,0
2463,147,4,5270,1,131,0
2464,147,4,5370,1,108,0
2465,147,4,5182,1,170,0
2466,148,4,4643,1,290,0
2467,148,4,5366,1,125,0
2468,148,4,4955,1,226,0
2469,148,4,5392,1,116,0
2470,148,4,4984,1,255,0
2471,148,4,5423,1,105,0
2472,148,2,2101,0,1001,0
2473,148,4,5171,1,171,0
2474,148,4,5047,1,214,0
2475,148,4,5257,1,127,0
2476,148,4,5407,1,110,0
2477,148,4,4961,1,228,0
2478,148,4,5198,1,153,0
2479,148,4,5287,1,119,0
2480,149,4,5212,1,143,0
2481,149,4,5267,1,125,0
2482,149,4,5356,1,128,0
2483,149,1,1038,0,1001,0
2484,149,4,5213,1,153,0
2485,149,4,5527,1,76,0
2486,149,4,5342,1,122,0
2487,149,4,5560,1,69,0
2488,149,4,5022,1,186,0
2489,149,4,5220,1,150,0
2490,149,4,5437,1,110,0
2491,149,4,5147,1,188,0
2492,149,4,5399,1,116,0
2493,149,4,5326,1,128,0
2494,149,4,5245,1,147,0
2495,149,4,5360,1,126,0
2496,149,4,5177,1,159,0
2497,150,4,5439,1,104,0
2498,150,4,5323,1,126,0
2499,150,4,5054,1,194,0
2500,150,1,1190,0,1001,1
2501,150,4,5313,1,140,0
2502,150,4,5535,1,72,0
2503,150,4,5396,1,103,0
2504,150,4,5291,1,126,0
2505,150,4,5267,1,167,0
2506,150,4,5497,1,82,0
2507,150,4,5553,1,77,0
2508,150,4,5412,1,104,0
2509,150,4,5086,1,176,0
2510,150,4,5391,1,109,0
2511,150,4,5532,1,72,0
2512,150,4,4812,1,335,0
2513,150,4,5481,1,87,0
2514,150,4,5353,1,116,0
2515,150,4,5575,1,65,0
2516,150,4,5534,1,75,0
2517,151,4,5414,1,98,0
2518,151,4,5518,1,79,0
2519,151,4,5596,1,59,0
2520,151,4,5515,1,85,0
2521,151,4,5568,1,65,0
2522,151,4,5452,1,88,0
2523,151,4,5579,1,65,0
2524,151,4,5239,1,160,0
2525,151,4,5082,1,215,0
2526,151,4,5546,1,70,0
2527,151,4,5506,1,82,0
2528,151,4,5462,1,116,0
2529,151,4,5544,1,69,0
2530,151,4,5454,1,95,0
2531,151,4,5495,1,89,0
2532,151,4,5587,1,56,0
2533,151,4,5548,1,74,0
2534,151,4,5521,1,82,0
2535,151,4,5523,1,73,0
2536,151,4,5370,1,110,0
2537,151,4,5480,1,86,0
2538,151,4,5324,1,129,0
2539,151,4,5332,1,157,0
2540,151,4,5545,1,75,0
2541,151,4,4950,1,188,0
2542,151,4,5541,1,72,0
2543,151,4,5163,1,196,0
2544,151,4,5483,1,84,0
2545,151,4,5497,1,84,0
2546,151,4,5523,1,80,0
2547,151,4,5456,1,94,0
2548,151,4,5574,1,69,0
2549,151,4,5432,1,85,0
2550,152,4,5079,1,168,0
2551,152,4,5532,1,85,0
2552,152,4,5552,1,76,0
2553,152,4,5519,1,82,0
2554,152,4,5098,1,211,0
2555,152,4,5549,1,72,0
2556,152,4,5514,1,83,0
2557,152,1,1188,0,1001,0
2558,152,4,5513,1,89,0
2559,152,4,5590,1,65,0
2560,152,4,5585,1,63,0
2561,152,1,1179,0,1001,0
2562,152,4,5504,1,76,0
2563,152,4,5493,1,81,0
2564,153,4,5568,1,67,0
2565,153,4,5507,1,79,0
2566,153,4,5575,1,66,0
2567,153,4,5440,1,100,0
2568,153,4,5556,1,68,0
2569,153,4,5563,1,67,0
2570,153,4,5560,1,65,0
2571,153,4,5483,1,85,0
2572,153,4,5555,1,65,0
2573,153,4,4893,1,234,0
2574,153,4,5469,1,112,0
2575,153,2,2135,0,1001,0
2576,153,4,5312,1,128,0
2577,153,4,4945,1,182,0
2578,153,4,4811,1,272,0
2579,153,4,5089,1,178,0
2580,153,4,4415,1,326,0
2581,154,4,4379,1,381,0
2582,154,4,4970,1,223,0
2583,154,4,5139,1,169,0
2584,154,1,1182,0,1001,0
2585,154,4,5567,1,67,0
2586,154,4,5481,1,89,0
2587,154,4,5192,1,151,0
2588,154,4,5281,1,158,0
2589,155,1,1184,0,1001,0
2590,155,4,5451,1,99,0
2591,155,4,5058,1,190,0
2592,155,4,5447,1,100,0
2593,155,4,5310,1,140,0
2594,155,4,5253,1,146,0
2595,155,4,5355,1,111,0
2596,155,4,5247,1,140,0
2597,155,4,5239,1,138,0
2598,155,4,4241,1,428,0
2599,155,4,5565,1,69,0
2600,155,4,5613,1,53,1
2601,155,4,5380,1,108,0
2602,155,4,5364,1,103,0
2603,155,4,5366,1,109,0
2604,155,4,5549,1,73,0
2605,155,4,4692,1,308,0
2606,155,4,4665,1,356,0
2607,155,4,5286,1,116,0
2608,155,4,5447,1,85,0
2609,155,4,5324,1,115,0
2610,156,4,4930,1,272,0
2611,156,4,5358,1,118,0
2612,156,4,4940,1,211,0
2613,156,4,5260,1,123,0
2614,156,4,5376,1,104,0
2615,156,3,3190,0,1001,0
2616,156,4,5488,1,90,0
2617,156,3,3053,0,1001,0
2618,157,3,3467,0,1001,0
2619,157,4,4946,1,191,0
2620,157,4,5489,1,79,0
2621,157,4,5344,1,110,0
2622,157,4,5355,1,107,0
2623,157,4,4450,1,372,0
2624,157,4,5428,1,92,0
2625,157,4,4840,1,243,0
2626,157,4,5588,1,57,0
2627,157,4,5579,1,56,0
2628,157,4,5395,1,117,0
2629,157,4,4600,1,356,0
2630,157,4,5264,1,158,0
2631,158,1,1131,0,1001,0
2632,158,4,4647,1,262,0
2633,158,4,5394,1,105,0
2634,158,4,5174,1,174,0
2635,158,4,5373,1,100,0
2636,158,4,5297,1,120,0
2637,158,4,5217,1,126,0
2638,158,4,5046,1,208,0
2639,158,4,4817,1,206,0
2640,158,4,5310,1,118,0
2641,158,4,4950,1,200,0
2642,158,4,5263,1,142,0
2643,158,4,4416,1,425,0
2644,158,4,3700,1,657,0
2645,159,4,5216,1,155,0
2646,159,4,4515,1,385,0
2647,159,4,5391,1,104,0
2648,159,4,5286,1,183,0
2649,159,4,4746,1,235,0
2650,159,4,5495,1,80,0
2651,159,4,4734,1,275,0
2652,159,4,5362,1,119,0
2653,159,4,5329,1,142,0
2654,159,4,5309,1,125,0
2655,159,4,5031,1,250,0
2656,159,4,4870,1,318,0
2657,159,4,5204,1,186,0
2658,159,4,5405,1,114,0
2659,159,4,5353,1,107,0
2660,159,4,4868,1,199,0
2661,160,4,4379,1,384,0
2662,160,4,5049,1,173,0
2663,160,4,5060,1,161,0
2664,160,4,5458,1,96,0
2665,160,4,5367,1,105,0
2666,160,1,1190,0,1001,0
2667,160,4,5460,1,103,0
2668,160,4,5487,1,90,0
2669,160,4,5435,1,105,0
2670,160,4,5391,1,131,0
2671,160,4,4831,1,276,0
2672,160,4,5561,1,60,0
2673,161,1,1188,0,1001,0
2674,161,4,5283,1,144,0
2675,161,4,5129,1,214,0
2676,161,4,5292,1,139,0
2677,161,4,5422,1,114,0
2678,161,4,5341,1,127,0
2679,161,4,5626,1,47,0
2680,161,4,5535,1,74,0
2681,161,1,1155,0,1001,0
2682,161,4,5380,1,128,0
2683,162,1,1190,0,1001,0
2684,162,4,5560,1,72,0
2685,162,4,5269,1,127,0
2686,162,4,5588,1,62,0
2687,162,1,1175,0,1001,0
2688,162,4,5480,1,85,0
2689,162,4,5529,1,78,0
2690,162,4,5556,1,72,0
2691,162,4,5246,1,129,0
2692,162,4,5369,1,122,0
2693,162,4,5546,1,65,0
2694,162,4,5604,1,55,0
2695,162,4,5579,1,68,0
2696,162,4,5330,1,126,0
2697,162,4,5387,1,136,0
2698,162,4,5526,1,74,0
2699,162,4,4623,1,279,0
2700,163,1,1289,0,1001,1
2701,163,4,5113,1,177,0
2702,163,4,5463,1,106,0
2703,163,4,5049,1,195,0
2704,163,4,5350,1,126,0
2705,163,4,5406,1,130,0
2706,163,4,5104,1,205,0
2707,163,4,3652,1,577,0
2708,163,4,5448,1,90,0
2709,163,4,5259,1,144,0
2710,163,4,5471,1,92,0
2711,163,4,5250,1,151,0
2712,163,4,5320,1,160,0
2713,163,4,5359,1,135,0
2714,163,4,5359,1,115,0
2715,163,4,5400,1,106,0
2716,164,2,2319,0,1001,0
2717,164,4,5313,1,130,0
2718,164,1,1171,0,1001,0
2719,164,4,5525,1,78,0
2720,164,4,5438,1,106,0
2721,164,4,5208,1,158,0
2722,164,4,5558,1,60,0
2723,164,4,5353,1,132,0
2724,164,4,5475,1,96,0
2725,164,4,5477,1,87,0
2726,164,4,5444,1,94,0
2727,164,4,5222,1,132,0
2728,164,4,5392,1,104,0
2729,164,4,5454,1,103,0
2730,164,4,5225,1,145,0
2731,165,1,1190,0,1001,0
2732,165,4,5369,1,112,0
2733,165,4,5339,1,134,0
2734,165,4,5459,1,93,0
2735,165,1,1175,0,1001,0
2736,165,4,4579,1,316,0
2737,165,4,5353,1,134,0
2738,166,1,1187,0,1001,0
2739,166,4,5297,1,130,0
2740,166,4,4523,1,345,0
2741,166,4,5067,1,186,0
2742,166,4,5295,1,112,0
2743,166,4,5538,1,73,0
2744,166,1,1190,0,1001,0
2745,166,4,5509,1,91,0
2746,166,4,5269,1,134,0
2747,166,4,5497,1,77,0
2748,166,4,5279,1,145,0
2749,166,4,5552,1,61,0
2750,166,4,5310,1,152,0
2751,167,1,1177,0,1001,0
2752,167,4,4631,1,273,0
2753,167,4,5312,1,134,0
2754,167,4,5150,1,163,0
2755,167,4,4985,1,213,0
2756,167,4,5514,1,74,0
2757,167,4,4907,1,256,0
2758,167,4,5517,1,77,0
2759,167,4,5492,1,79,0
2760,167,4,5433,1,97,0
2761,167,4,5309,1,124,0
2762,167,4,5479,1,83,0
2763,167,4,5447,1,100,0
2764,167,4,5542,1,73,0
2765,167,4,5252,1,144,0
2766,167,4,5241,1,137,0
2767,168,4,4047,1,380,0
2768,168,4,5086,1,162,0
2769,168,4,4842,1,213,0
2770,168,4,5325,1,131,0
2771,168,4,5443,1,92,0
2772,168,4,5219,1,170,0
2773,168,1,1190,0,1001,0
2774,168,4,5337,1,121,0
2775,168,3,3120,0,1001,0
2776,168,4,5438,1,100,0
2777,168,4,5367,1,110,0
2778,169,4,5234,1,219,0
2779,169,4,4987,1,215,0
2780,169,1,1186,0,1001,0
2781,169,4,5504,1,78,0
2782,169,4,4986,1,206,0
2783,169,1,1183,0,1001,0
2784,169,4,5419,1,98,0
2785,169,4,5244,1,140,0
2786,170,1,1189,0,1001,0
2787,170,4,5440,1,96,0
2788,170,4,5135,1,184,0
2789,170,4,5095,1,196,0
2790,170,4,5594,1,54,0
2791,170,4,5308,1,144,0
2792,170,4,5262,1,142,0
2793,170,4,5265,1,156,0
2794,170,4,5446,1,98,0
2795,170,4,5414,1,115,0
2796,170,4,5504,1,85,0
2797,170,4,5415,1,103,0
2798,170,4,5356,1,121,0
2799,170,4,5425,1,92,0
2800,171,1,1289,0,1001,1
2801,171,4,5366,1,123,0
2802,171,1,1160,0,1001,0
2803,171,4,5263,1,167,0
2804,171,4,5440,1,94,0
2805,171,4,5486,1,88,0
2806,171,4,5537,1,67,0
2807,171,4,5555,1,63,0
2808,171,4,5125,1,172,0
2809,171,4,5530,1,77,0
2810,171,4,5494,1,75,0
2811,171,4,5303,1,151,0
2812,172,3,3441,0,1001,0
2813,172,4,5297,1,132,0
2814,172,4,5508,1,76,0
2815,172,4,5347,1,124,0
2816,172,4,5431,1,101,0
2817,172,4,5322,1,113,0
2818,172,3,3514,0,1001,0
2819,172,4,5410,1,113,0
2820,172,4,5453,1,96,0
2821,172,4,5551,1,63,0
2822,172,4,5466,1,97,0
2823,172,4,5611,1,53,0
2824,172,4,5167,1,135,0
2825,172,4,5497,1,89,0
2826,172,4,5499,1,75,0
2827,172,4,5488,1,75,0
2828,172,4,5002,1,172,0
2829,172,4,5444,1,88,0
2830,172,4,5505,1,86,0
2831,172,4,5373,1,101,0
2832,172,4,5435,1,84,0
2833,172,4,5370,1,118,0
2834,173,4,4843,1,205,0
2835,173,4,5162,1,142,0
2836,173,4,5358,1,102,0
2837,173,4,5218,1,189,0
2838,173,4,5306,1,133,0
2839,173,1,1188,0,1001,0
2840,173,4,5465,1,86,0
2841,173,1,1163,0,1001,0
2842,174,1,1177,0,1001,0
2843,174,1,1084,0,1001,0
2844,174,1,1190,0,1001,0
2845,174,4,5346,1,121,0
2846,174,4,5458,1,85,0
2847,174,4,5431,1,106,0
2848,175,1,1150,0,1001,0
2849,175,4,4778,1,244,0
2850,175,4,4985,1,228,0
2851,175,1,1167,0,1001,0
2852,175,1,1102,0,1001,0
2853,176,1,1180,0,1001,0
2854,176,1,1185,0,1001,0
2855,176,1,1184,0,1001,0
2856,176,4,5347,1,121,0
2857,177,4,5423,1,109,0
2858,177,3,3100,0,1001,0
2859,177,4,5331,1,138,0
2860,177,4,5329,1,115,0
2861,177,4,5237,1,121,0
2862,177,4,4814,1,265,0
2863,177,1,1190,0,1001,0
2864,177,4,4842,1,252,0
2865,177,4,5254,1,133,0
2866,178,1,1140,0,1001,0
2867,178,1,1188,0,1001,0
2868,178,4,5361,1,116,0
2869,178,4,5449,1,93,0
2870,178,4,5467,1,93,0
2871,179,1,1160,0,1001,0
2872,179,4,4912,1,200,0
2873,179,4,5117,1,173,0
2874,179,1,1188,0,1001,0
2875,179,4,4863,1,215,0
2876,179,4,5156,1,233,0
2877,179,4,5434,1,99,0
2878,179,4,5512,1,83,0
2879,179,4,5405,1,97,0
2880,179,4,4683,1,250,0
2881,179,4,3191,1,628,0
2882,179,4,5326,1,120,0
2883,180,4,5387,1,106,0
2884,180,4,5379,1,104,0
2885,180,4,5411,1,95,0
2886,180,4,4660,1,259,0
2887,180,4,4956,1,205,0
2888,180,1,1183,0,1001,0
2889,180,4,4681,1,295,0
2890,180,4,4946,1,209,0
2891,180,4,5564,1,58,0
2892,180,4,4795,1,264,0
2893,180,4,5109,1,172,0
2894,180,4,5212,1,147,0
2895,180,4,5587,1,57,0
2896,180,4,5446,1,95,0
2897,180,4,5361,1,132,0
2898,181,4,5511,1,80,0
2899,181,4,5399,1,92,0
2900,181,1,1190,0,1001,1
2901,181,4,5329,1,111,0
2902,181,4,5412,1,107,0
2903,181,4,4891,1,231,0
2904,181,4,5379,1,103,0
2905,181,4,5587,1,63,0
2906,181,4,5586,1,60,0
2907,181,4,5477,1,90,0
2908,181,4,5470,1,97,0
2909,181,4,5633,1,46,0
2910,181,4,5579,1,56,0
2911,181,4,5603,1,56,0
2912,181,4,5602,1,58,0
2913,181,4,5355,1,107,0
2914,181,4,5341,1,109,0
2915,181,4,5484,1,93,0
2916,181,4,5586,1,60,0
2917,181,4,5564,1,72,0
2918,181,4,4857,1,204,0
2919,181,4,5576,1,65,0
2920,181,4,5406,1,107,0
2921,181,4,5622,1,48,0
2922,181,4,5447,1,93,0
2923,181,4,5609,1,56,0
2924,182,4,5435,1,88,0
2925,182,4,4966,1,180,0
2926,182,4,5541,1,68,0
2927,182,4,5403,1,106,0
2928,182,4,5609,1,56,0
2929,182,4,5592,1,60,0
2930,182,4,5420,1,102,0
2931,182,4,5565,1,63,0
2932,182,4,5590,1,60,0
2933,182,4,5577,1,65,0
2934,182,4,5565,1,69,0
2935,182,4,5583,1,62,0
2936,182,4,5067,1,172,0
2937,182,4,5584,1,58,0
2938,182,4,5589,1,55,0
2939,182,4,5342,1,105,0
2940,182,4,5564,1,71,0
2941,182,4,5453,1,102,0
2942,182,4,5577,1,60,0
2943,182,4,5488,1,102,0
2944,182,4,5588,1,63,0
2945,182,4,5512,1,80,0
2946,182,4,5491,1,77,0
2947,182,4,5342,1,137,0
2948,182,4,5489,1,89,0
2949,182,4,5435,1,89,0
2950,182,4,5574,1,62,0
2951,182,4,5567,1,67,0
2952,182,4,5380,1,104,0
2953,182,4,5578,1,71,0
2954,182,4,5588,1,59,0
2955,182,4,5414,1,101,0
2956,182,4,5519,1,77,0
2957,182,4,4174,1,356,0
2958,183,4,5303,1,123,0
2959,183,4,5204,1,146,0
2960,183,1,1186,0,1001,0
2961,183,4,5554,1,73,0
2962,183,4,5556,1,73,0
2963,183,4,5589,1,58,0
2964,183,4,5581,1,59,0
2965,183,4,5582,1,61,0
2966,183,4,5489,1,85,0
2967,183,4,5599,1,52,0
2968,183,4,5519,1,81,0
2969,183,4,5589,1,60,0
2970,183,4,5538,1,79,0
2971,183,4,5558,1,67,0
2972,183,4,5526,1,74,0
2973,183,4,5481,1,86,0
2974,183,4,5564,1,65,0
2975,183,4,5570,1,63,0
2976,183,4,5486,1,90,0
2977,183,4,5566,1,67,0
2978,183,4,5594,1,55,0
2979,183,4,5421,1,86,0
2980,183,4,5554,1,70,0
2981,183,4,5587,1,63,0
2982,183,4,5466,1,111,0
2983,183,4,5526,1,73,0
2984,183,4,5418,1,91,0
2985,183,4,5362,1,95,0
2986,183,4,5567,1,70,0
2987,183,4,5543,1,74,0
2988,183,4,5580,1,59,0
2989,184,4,5562,1,70,0
2990,184,4,5410,1,103,0
2991,184,4,5475,1,82,0
2992,184,4,5555,1,71,0
2993,184,4,5534,1,76,0
2994,184,4,5515,1,85,0
2995,184,4,5572,1,69,0
2996,184,4,4710,1,247,0
2997,184,4,5623,1,48,0
2998,184,4,5525,1,72,0
2999,184,4,5537,1,77,0
3000,184,4,5615,1,53,1
3001,184,4,5577,1,64,0
3002,184,4,5527,1,82,0
3003,184,4,5554,1,62,0
3004,184,4,5437,1,96,0
3005,184,4,4961,1,189,0
3006,184,4,4983,1,203,0
3007,184,4,5563,1,75,0
3008,184,4,5471,1,97,0
3009,184,4,5304,1,166,0
3010,184,4,5172,1,162,0
3011,184,4,5472,1,84,0
3012,184,4,5475,1,92,0
3013,184,4,4822,1,275,0
3014,184,4,5506,1,102,0
3015,184,4,4889,1,305,0
3016,184,4,5587,1,62,0
3017,185,4,5179,1,153,0
3018,185,4,4899,1,222,0
3019,185,4,5460,1,109,0
3020,185,4,5596,1,57,0
3021,185,4,5590,1,60,0
3022,185,4,5406,1,99,0
3023,185,4,5548,1,73,0
3024,185,4,5309,1,119,0
3025,185,4,5601,1,58,0
3026,185,4,5560,1,62,0
3027,185,4,5611,1,51,0
3028,185,4,5554,1,71,0
3029,185,4,4965,1,181,0
3030,185,4,5542,1,78,0
3031,185,4,5567,1,67,0
3032,185,4,5226,1,150,0
3033,185,4,5569,1,65,0
3034,185,4,5538,1,65,0
3035,185,4,4989,1,176,0
3036,185,4,5592,1,61,0
3037,185,4,5328,1,122,0
3038,185,4,4944,1,186,0
3039,185,4,5340,1,110,0
3040,185,4,5296,1,111,0
3041,185,4,5418,1,96,0
3042,185,4,5548,1,73,0
3043,185,4,5266,1,124,0
3044,185,4,5256,1,125,0
3045,185,4,5507,1,83,0
3046,185,4,5397,1,102,0
3047,185,4,5422,1,96,0
3048,186,4,5016,1,210,0
3049,186,4,4653,1,250,0
3050,186,4,4872,1,256,0
3051,186,4,5366,1,111,0
3052,186,4,5504,1,79,0
3053,186,4,5543,1,70,0
3054,186,4,5527,1,81,0
3055,186,4,5597,1,54,0
3056,186,4,5505,1,75,0
3057,186,4,5549,1,72,0
3058,186,4,5289,1,133,0
3059,186,4,5517,1,78,0
3060,186,4,5547,1,74,0
3061,186,4,5519,1,77,0
3062,186,4,5361,1,113,0
3063,186,4,5470,1,87,0
3064,186,4,5593,1,58,0
3065,186,4,5531,1,74,0
3066,186,4,5598,1,56,0
3067,186,4,5516,1,82,0
3068,186,4,5569,1,59,0
3069,186,4,5551,1,74,0
3070,186,4,5511,1,75,0
3071,186,4,5545,1,65,0
3072,186,4,5553,1,69,0
3073,186,4,5482,1,80,0
3074,187,3,3406,0,1001,0
3075,187,4,5544,1,67,0
3076,187,4,4989,1,177,0
3077,187,4,5549,1,75,0
3078,187,4,4885,1,259,0
3079,187,4,5606,1,51,0
3080,187,4,5506,1,75,0
3081,187,4,5233,1,152,0
3082,187,4,5531,1,76,0
3083,187,4,5347,1,134,0
3084,187,4,5303,1,118,0
3085,187,2,2205,0,1001,0
3086,187,4,5360,1,169,0
3087,187,4,5564,1,66,0
3088,187,4,5568,1,69,0
3089,187,4,5255,1,168,0
3090,187,4,5554,1,69,0
3091,187,4,5492,1,92,0
3092,187,4,5410,1,96,0
3093,188,4,5455,1,86,0
3094,188,4,5564,1,65,0
3095,188,4,5584,1,56,0
3096,188,4,4883,1,198,0
3097,188,2,2265,0,1001,0
3098,188,4,5544,1,73,0
3099,188,3,3485,0,1001,0
3100,189,1,1190,0,1001,1
3101,189,4,5497,1,79,0
3102,189,4,5182,1,158,0
3103,189,4,5188,1,160,0
3104,189,4,5320,1,122,0
3105,189,3,3381,0,1001,0
3106,189,1,1189,0,1001,0
3107,189,4,4783,1,259,0
3108,189,4,5392,1,106,0
3109,190,4,5493,1,78,0
3110,190,4,4655,1,302,0
3111,190,2,2255,0,1001,0
3112,190,4,4925,1,225,0
3113,190,4,4981,1,203,0
3114,190,4,4981,1,194,0
3115,190,4,4714,1,261,0
3116,190,4,4989,1,199,0
3117,190,4,5061,1,216,0
3118,190,4,5160,1,158,0
3119,190,4,5409,1,92,0
3120,190,4,5610,1,52,0
3121,190,4,5597,1,56,0
3122,190,4,5570,1,65,0
3123,190,4,5564,1,67,0
3124,191,4,5542,1,79,0
3125,191,4,5548,1,70,0
3126,191,4,5549,1,66,0
3127,191,4,5439,1,90,0
3128,191,4,4702,1,278,0
3129,191,4,4879,1,238,0
3130,191,4,5448,1,103,0
3131,191,4,5608,1,55,0
3132,191,4,5406,1,108,0
3133,191,4,5508,1,82,0
3134,191,4,4870,1,239,0
3135,191,4,4481,1,353,0
3136,191,4,4962,1,218,0
3137,191,4,5508,1,77,0
3138,191,4,5063,1,188,0
3139,191,4,5096,1,175,0
3140,191,4,5347,1,110,0
3141,191,4,5444,1,95,0
3142,191,4,5471,1,91,0
3143,191,4,5518,1,79,0
3144,191,4,5572,1,67,0
3145,191,4,5615,1,53,0
3146,191,4,5543,1,79,0
3147,191,4,5358,1,146,0
3148,192,4,5167,1,162,0
3149,192,4,4935,1,249,0
3150,192,4,5081,1,221,0
3151,192,4,4939,1,224,0
3152,192,4,5371,1,117,0
3153,192,4,5309,1,153,0
3154,192,4,4855,1,289,0
3155,192,4,5533,1,78,0
3156,192,4,5535,1,79,0
3157,192,4,4979,1,214,0
3158,192,4,4954,1,217,0
3159,192,4,5337,1,119,0
3160,192,4,5191,1,153,0
3161,192,4,5291,1,129,0
3162,192,4,5343,1,137,0
3163,192,4,5551,1,70,0
3164,192,4,5446,1,95,0
3165,192,4,5260,1,139,0
3166,192,4,5570,1,69,0
3167,192,4,4758,1,270,0
3168,192,4,5433,1,99,0
3169,193,4,5075,1,195,0
3170,193,4,5570,1,73,0
3171,193,4,5576,1,63,0
3172,193,4,5582,1,61,0
3173,193,4,5616,1,48,0
3174,193,4,5499,1,83,0
3175,193,4,5394,1,102,0
3176,193,4,5518,1,86,0
3177,193,4,5540,1,77,0
3178,193,4,5535,1,71,0
3179,193,4,5549,1,76,0
3180,193,4,5562,1,67,0
3181,193,4,5554,1,71,0
3182,193,4,5295,1,140,0
3183,193,4,5551,1,66,0
3184,193,4,5514,1,83,0
3185,193,4,5542,1,76,0
3186,193,4,5544,1,67,0
3187,193,4,5221,1,130,0
3188,193,2,2286,0,1001,0
3189,193,4,5484,1,103,0
3190,193,4,5516,1,76,0
3191,193,4,5286,1,116,0
3192,193,4,5317,1,170,0
3193,193,4,5556,1,75,0
3194,193,4,5598,1,64,0
3195,194,4,5589,1,56,0
3196,194,4,4873,1,228,0
3197,194,4,5350,1,117,0
3198,194,4,5523,1,77,0
3199,194,4,5571,1,67,0
3200,194,3,3521,0,1001,1
3201,194,4,5523,1,94,0
3202,194,4,5516,1,82,0
3203,194,4,5467,1,94,0
3204,194,4,5502,1,87,0
3205,194,4,5555,1,68,0
3206,194,4,5509,1,91,0
3207,194,4,5452,1,100,0
3208,194,4,5608,1,54,0
3209,194,4,5501,1,84,0
3210,194,4,5534,1,81,0
3211,194,4,5589,1,57,0
3212,194,4,5598,1,55,0
3213,194,4,5547,1,77,0
3214,194,4,5333,1,137,0
3215,194,4,5449,1,97,0
3216,194,4,5466,1,89,0
3217,194,4,5433,1,96,0
3218,194,4,5399,1,107,0
3219,194,4,5442,1,94,0
3220,195,4,5458,1,101,0
3221,195,4,5443,1,109,0
3222,195,4,5593,1,63,0
3223,195,4,5465,1,98,0
3224,195,4,5481,1,95,0
3225,195,4,5235,1,133,0
3226,195,4,5102,1,195,0
3227,195,4,5362,1,117,0
3228,195,4,5236,1,139,0
3229,195,4,5502,1,78,0
3230,195,4,5311,1,141,0
3231,195,4,5591,1,56,0
3232,195,4,4501,1,357,0
3233,195,4,4771,1,296,0
3234,195,4,5388,1,104,0
3235,195,4,5352,1,123,0
3236,195,4,5348,1,121,0
3237,195,4,5482,1,83,0
3238,195,4,5312,1,129,0
3239,195,4,5367,1,118,0
3240,195,4,4991,1,215,0
3241,195,4,5166,1,188,0
3242,195,4,5258,1,134,0
3243,196,4,5591,1,56,0
3244,196,4,5222,1,152,0
3245,196,4,5582,1,58,0
3246,196,1,1263,0,1001,0
3247,196,4,5393,1,113,0
3248,196,4,5443,1,106,0
3249,196,4,5405,1,115,0
3250,196,4,5279,1,144,0
3251,196,4,5566,1,60,0
3252,196,4,5407,1,103,0
3253,196,4,5539,1,70,0
3254,196,4,5332,1,121,0
3255,196,4,5178,1,156,0
3256,196,4,5576,1,60,0
3257,196,4,5378,1,108,0
3258,196,4,4895,1,227,0
3259,196,4,5301,1,143,0
3260,196,4,4426,1,401,0
3261,197,4,4938,1,223,0
3262,197,4,5229,1,158,0
3263,197,4,5455,1,108,0
3264,197,4,5369,1,110,0
3265,197,4,5439,1,107,0
3266,197,4,5389,1,118,0
3267,197,4,5370,1,120,0
3268,197,4,5121,1,196,0
3269,197,4,5299,1,126,0
3270,197,4,5265,1,147,0
3271,197,4,5054,1,182,0
3272,197,4,4902,1,207,0
3273,197,4,5281,1,129,0
3274,197,4,5423,1,131,0
3275,197,4,5051,1,201,0
3276,197,4,5214,1,162,0
3277,197,4,5526,1,78,0
3278,197,4,5165,1,183,0
3279,197,4,5195,1,185,0
3280,198,2,2312,0,1001,0
3281,198,1,1189,0,1001,0
3282,198,4,5265,1,152,0
3283,198,4,5347,1,129,0
3284,198,4,4875,1,205,0
3285,198,4,5372,1,138,0
3286,198,4,4958,1,291,0
3287,199,3,3328,0,1001,0
3288,199,4,4841,1,213,0
3289,199,4,5079,1,166,0
3290,199,4,5050,1,178,0
3291,199,4,4548,1,323,0
3292,199,4,4870,1,259,0
3293,199,4,5195,1,172,0
3294,199,4,5274,1,157,0
3295,199,4,4723,1,323,0
3296,199,4,4833,1,249,0
3297,199,4,4836,1,263,0
3298,199,4,5376,1,108,0
3299,199,4,4655,1,385,0
3300,200,1,1190,0,1001,1
3301,200,4,4607,1,390,0
3302,200,4,5163,1,259,0
3303,200,4,5264,1,200,0
3304,200,2,2362,0,1001,0
3305,200,4,5532,1,74,0
3306,201,2,2343,0,1001,0
3307,201,4,4397,1,512,0
3308,201,4,4893,1,249,0
3309,201,2,2167,0,1001,0
3310,201,4,4720,1,306,0
3311,201,4,5459,1,81,0
3312,201,4,5276,1,148,0
3313,202,4,5043,1,210,0
3314,202,4,5539,1,62,0
3315,202,4,5324,1,126,0
3316,202,4,5367,1,101,0
3317,202,4,5429,1,108,0
3318,202,1,1177,0,1001,0
3319,202,4,5065,1,223,0
3320,202,4,5100,1,188,0
3321,202,4,4313,1,476,0
3322,202,4,5278,1,151,0
3323,202,4,5251,1,164,0
3324,202,4,5212,1,161,0
3325,202,4,5510,1,80,0
3326,203,4,4389,1,470,0
3327,203,4,3802,1,615,0
3328,203,4,5287,1,183,0
3329,203,4,4921,1,223,0
3330,203,4,5038,1,196,0
3331,203,4,5563,1,62,0
3332,203,4,5391,1,116,0
3333,203,4,3866,1,523,0
3334,203,4,5093,1,222,0
3335,203,4,5118,1,203,0
3336,203,4,5050,1,185,0
3337,203,4,5222,1,144,0
3338,204,1,1179,0,1001,0
3339,204,2,2246,0,1001,0
3340,204,4,5299,1,131,0
3341,204,4,5192,1,185,0
3342,204,4,5122,1,167,0
3343,204,4,5170,1,174,0
3344,204,4,4948,1,239,0
3345,204,4,5158,1,199,0
3346,204,4,4910,1,231,0
3347,205,4,4872,1,287,0
3348,205,4,5262,1,132,0
3349,205,3,2961,0,1001,0
3350,205,3,3391,0,1001,0
3351,205,4,4731,1,254,0
3352,205,4,5133,1,184,0
3353,205,4,4887,1,253,0
3354,206,4,4443,1,392,0
3355,206,4,5181,1,159,0
3356,206,4,5245,1,153,0
3357,206,4,5177,1,142,0
3358,206,4,4990,1,218,0
3359,206,4,4219,1,449,0
3360,206,4,5074,1,193,0
3361,206,4,4956,1,231,0
3362,206,4,4856,1,252,0
3363,206,4,5308,1,129,0
3364,206,1,1006,0,1001,0
3365,207,4,3993,1,484,0
3366,207,4,4969,1,240,0
3367,207,4,5083,1,201,0
3368,207,4,5196,1,145,0
3369,207,4,5005,1,223,0
3370,207,4,5543,1,68,0
3371,207,4,5074,1,206,0
3372,207,4,4410,1,416,0
3373,207,4,5089,1,186,0
3374,207,4,5342,1,113,0
3375,207,4,5257,1,173,0
3376,208,1,1135,0,1001,0
3377,208,4,5313,1,117,0
3378,208,4,5232,1,150,0
3379,208,4,5173,1,174,0
3380,208,4,4856,1,246,0
3381,208,4,5361,1,116,0
3382,208,4,5116,1,179,0
3383,208,4,4757,1,300,0
3384,208,4,4849,1,273,0
3385,208,4,5338,1,128,0
3386,208,4,5055,1,203,0
3387,208,4,5275,1,139,0
3388,208,4,5362,1,115,0
3389,208,4,4944,1,229,0
3390,208,4,4517,1,295,0
3391,208,4,5150,1,200,0
3392,208,4,5421,1,106,0
3393,209,4,4952,1,228,0
3394,209,4,5178,1,144,0
3395,209,1,1156,0,1001,0
3396,209,4,4956,1,205,0
3397,209,4,5299,1,126,0
3398,209,4,5189,1,155,0
3399,209,4,4862,1,253,0
3400,209,0,99,0,1001,1
3401,210,4,5119,1,209,0
3402,210,4,5221,1,177,0
3403,210,4,5201,1,138,0
3404,210,4,5064,1,201,0
3405,210,4,5376,1,122,0
3406,210,4,5029,1,177,0
3407,210,2,2134,0,1001,0
3408,210,4,5069,1,192,0
3409,210,4,5476,1,79,0
3410,210,4,5433,1,93,0
3411,210,4,5484,1,87,0
3412,210,4,5209,1,160,0
3413,211,1,1150,0,1001,0
3414,211,4,5133,1,171,0
3415,211,4,5072,1,210,0
3416,211,4,5175,1,169,0
3417,211,4,5023,1,200,0
3418,211,4,5439,1,114,0
3419,211,4,5073,1,179,0
3420,211,4,5137,1,202,0
3421,211,4,4983,1,216,0
3422,211,4,5504,1,86,0
3423,211,4,5254,1,155,0
3424,211,4,5063,1,181,0
3425,211,3,3413,0,1001,0
3426,212,4,5268,1,179,0
3427,212,4,5275,1,132,0
3428,212,4,4729,1,296,0
3429,212,4,5244,1,195,0
3430,212,4,5219,1,136,0
3431,212,4,5266,1,207,0
3432,212,4,5512,1,83,0
3433,212,4,5242,1,159,0
3434,212,4,5281,1,127,0
3435,212,4,5316,1,154,0
3436,212,4,5160,1,169,0
3437,212,4,4910,1,265,0
3438,212,4,5181,1,136,0
3439,212,4,5137,1,241,0
3440,212,4,5493,1,78,0
3441,212,4,5119,1,182,0
3442,212,4,5006,1,196,0
3443,212,4,5361,1,123,0
3444,212,4,5318,1,129,0
3445,213,4,5420,1,91,0
3446,213,4,5347,1,129,0
3447,213,4,4999,1,209,0
3448,213,4,5235,1,168,0
3449,213,4,5487,1,86,0
3450,213,4,4428,1,363,0
3451,213,4,5172,1,165,0
3452,213,4,4953,1,266,0
3453,213,4,5520,1,110,0
3454,213,4,5181,1,168,0
3455,213,4,5508,1,71,0
3456,213,4,5338,1,131,0
3457,213,4,4954,1,299,0
3458,213,4,3949,1,536,0
3459,213,4,5160,1,158,0
3460,213,4,5243,1,138,0
3461,213,4,5333,1,127,0
3462,214,4,5480,1,91,0
3463,214,4,5151,1,167,0
3464,214,4,5383,1,118,0
3465,214,4,5204,1,172,0
3466,214,4,5153,1,163,0
3467,214,4,5421,1,94,0
3468,214,4,4960,1,237,0
3469,214,4,5349,1,128,0
3470,214,2,2156,0,1001,0
3471,214,4,5497,1,88,0
3472,214,4,4930,1,270,0
3473,214,4,5227,1,159,0
3474,214,4,4768,1,341,0
3475,214,4,5209,1,157,0
3476,215,4,5131,1,162,0
3477,215,4,5375,1,112,0
3478,215,4,4861,1,202,0
3479,215,4,5355,1,125,0
3480,215,4,5110,1,173,0
3481,215,4,5189,1,157,0
3482,215,2,2110,0,1001,0
3483,215,4,5319,1,120,0
3484,215,4,4780,1,265,0
3485,215,4,4600,1,266,0
3486,215,4,5211,1,171,0
3487,215,4,4467,1,365,0
3488,216,4,5153,1,176,0
3489,216,4,4976,1,202,0
3490,216,4,5294,1,151,0
3491,216,4,4651,1,262,0
3492,216,4,5248,1,185,0
3493,216,4,5340,1,114,0
3494,216,4,4887,1,201,0
3495,216,4,5478,1,88,0
3496,216,4,5291,1,115,0
3497,216,4,4861,1,253,0
3498,216,4,4730,1,271,0
3499,216,4,4698,1,254,0
3500,216,0,0,0,1001,1
3501,217,4,5161,1,154,0
3502,217,4,5394,1,99,0
3503,217,4,5458,1,82,0
3504,217,4,5043,1,201,0
3505,217,4,5109,1,180,0
3506,217,4,4596,1,404,0
3507,217,4,5532,1,70,0
3508,217,1,1186,0,1001,0
3509,217,4,5360,1,120,0
3510,218,1,1179,0,1001,0
3511,218,3,3488,0,1001,0
3512,218,4,5423,1,95,0
3513,218,4,5009,1,245,0
3514,218,4,5286,1,135,0
3515,218,4,4994,1,207,0
3516,218,4,5448,1,88,0
3517,218,4,4877,1,262,0
3518,218,4,4361,1,407,0
3519,218,4,5490,1,82,0
3520,218,4,5123,1,195,0
3521,218,4,4761,1,303,0
3522,219,4,5401,1,114,0
3523,219,4,5514,1,79,0
3524,219,4,5160,1,180,0
3525,219,4,4722,1,303,0
3526,219,4,5166,1,228,0
3527,219,4,3730,1,480,0
3528,219,4,5016,1,174,0
3529,219,4,4930,1,178,0
3530,219,4,4599,1,257,0
3531,219,4,5507,1,81,0
3532,219,4,5417,1,103,0
3533,219,4,5015,1,187,0
3534,219,4,5368,1,111,0
3535,219,4,5342,1,117,0
3536,219,4,5384,1,98,0
3537,219,4,5341,1,108,0
3538,219,4,5370,1,110,0
3539,219,4,5035,1,191,0
3540,220,4,5248,1,143,0
3541,220,4,4759,1,224,0
3542,220,4,4920,1,188,0
3543,220,4,4662,1,245,0
3544,220,4,5024,1,167,0
3545,220,4,5312,1,117,0
3546,220,4,5232,1,126,0
3547,220,4,5340,1,108,0
3548,220,4,5384,1,99,0
3549,220,4,5366,1,106,0
3550,220,4,5368,1,106,0
3551,220,4,5182,1,147,0
3552,220,4,5088,1,184,0
3553,220,4,4659,1,250,0
3554,220,4,5315,1,106,0
3555,220,4,5415,1,94,0
3556,220,4,5314,1,119,0
3557,220,4,5367,1,131,0
3558,220,4,5440,1,82,0
3559,220,4,5266,1,128,0
3560,220,4,5012,1,172,0
3561,220,4,5291,1,153,0
3562,220,4,5477,1,79,0
3563,221,4,4720,1,274,0
3564,221,4,5493,1,70,0
3565,221,4,5515,1,79,0
3566,221,4,5170,1,154,0
3567,221,4,5507,1,117,0
3568,221,4,5391,1,127,0
3569,221,4,5335,1,119,0
3570,221,4,5445,1,81,0
3571,221,4,4957,1,210,0
3572,221,4,5487,1,76,0
3573,221,1,1157,0,1001,0
3574,221,4,5297,1,136,0
3575,221,4,5030,1,168,0
3576,221,4,4844,1,222,0
3577,221,4,5340,1,114,0
3578,221,4,5360,1,108,0
3579,221,4,5285,1,121,0
3580,222,4,5304,1,124,0
3581,222,1,1124,0,1001,0
3582,222,4,5100,1,173,0
3583,222,4,5232,1,219,0
3584,222,4,5516,1,72,0
3585,222,4,5277,1,118,0
3586,222,3,3422,0,1001,0
3587,222,4,5510,1,82,0
3588,222,4,5537,1,71,0
3589,223,2,2291,0,1001,0
3590,223,1,1114,0,1001,0
3591,223,4,5259,1,118,0
3592,223,4,4791,1,252,0
3593,223,4,5285,1,130,0
3594,223,4,5458,1,89,0
3595,223,4,5168,1,134,0
3596,223,4,5345,1,114,0
3597,223,4,5488,1,77,0
3598,223,4,5284,1,144,0
3599,223,4,5519,1,80,0
3600,224,0,99,0,1001,1
3601,224,4,5521,1,75,0
3602,224,4,5290,1,119,0
3603,224,4,5022,1,169,0
3604,224,4,5377,1,115,0
3605,224,4,5511,1,79,0
3606,224,4,5519,1,73,0
3607,224,4,5465,1,83,0
3608,224,4,5497,1,79,0
3609,224,4,5325,1,156,0
3610,224,4,5371,1,104,0
3611,224,4,5314,1,106,0
3612,224,4,5413,1,89,0
3613,224,4,5353,1,110,0
3614,224,4,4876,1,197,0
3615,224,4,5538,1,68,0
3616,224,4,5469,1,95,0
3617,224,4,5370,1,102,0
3618,224,4,5366,1,120,0
3619,224,4,5264,1,136,0
3620,224,4,5232,1,125,0
3621,224,4,4407,1,374,0
3622,225,3,3328,0,1001,0
3623,225,4,5431,1,96,0
3624,225,4,5363,1,98,0
3625,225,4,5283,1,119,0
3626,225,4,5338,1,118,0
3627,225,4,5489,1,84,0
3628,225,4,5345,1,116,0
3629,225,4,5430,1,104,0
3630,225,4,5055,1,183,0
3631,225,4,5200,1,138,0
3632,225,4,5486,1,77,0
3633,225,4,4725,1,228,0
3634,225,4,5175,1,136,0
3635,225,4,5513,1,71,0
3636,225,4,4940,1,261,0
3637,225,4,5518,1,69,0
3638,225,4,5286,1,133,0
3639,225,4,5032,1,184,0
3640,226,4,4974,1,183,0
3641,226,4,4444,1,286,0
3642,226,4,5518,1,68,0
3643,226,4,5329,1,107,0
3644,226,4,5231,1,150,0
3645,226,4,4801,1,233,0
3646,226,4,4480,1,321,0
3647,226,4,5210,1,141,0
3648,226,4,5259,1,123,0
3649,226,4,4736,1,250,0
3650,226,4,4702,1,238,0
3651,226,4,5365,1,114,0
3652,226,4,4903,1,235,0
3653,226,4,4779,1,221,0
3654,226,4,5292,1,124,0
3655,226,4,4982,1,209,0
3656,226,4,5543,1,66,0
3657,226,4,5304,1,110,0
3658,227,4,5043,1,208,0
3659,227,4,5379,1,110,0
3660,227,4,5421,1,97,0
3661,227,4,5276,1,127,0
3662,227,4,4613,1,316,0
3663,227,4,5296,1,135,0
3664,227,4,5360,1,104,0
3665,227,4,5386,1,106,0
3666,227,1,1158,0,1001,0
3667,227,4,5504,1,72,0
3668,227,4,5336,1,99,0
3669,227,4,4603,1,326,0
3670,228,1,1132,0,1001,0
3671,228,4,5341,1,110,0
3672,228,4,5103,1,220,0
3673,228,4,5478,1,79,0
3674,228,4,5231,1,153,0
3675,228,4,5449,1,90,0
3676,228,4,5385,1,123,0
3677,228,4,5092,1,173,0
3678,228,4,4832,1,234,0
3679,228,4,5080,1,212,0
3680,228,4,5523,1,69,0
3681,228,4,5369,1,101,0
3682,228,2,2242,0,1001,0
3683,228,4,5297,1,117,0
3684,229,4,5465,1,102,0
3685,229,1,1181,0,1001,0
3686,229,2,2330,0,1001,0
3687,229,4,5428,1,93,0
3688,229,4,5347,1,114,0
3689,229,4,5020,1,178,0
3690,229,4,5359,1,98,0
3691,229,4,4505,1,299,0
3692,229,4,5383,1,101,0
3693,229,4,5251,1,170,0
3694,230,1,1132,0,1001,0
3695,230,4,4883,1,278,0
3696,230,4,5272,1,152,0
3697,230,4,5456,1,114,0
3698,230,4,5451,1,94,0
3699,230,4,5116,1,216,0
3700,230,0,0,0,1001,1
3701,230,4,5348,1,120,0
3702,230,4,4599,1,266,0
3703,231,4,5450,1,86,0
3704,231,4,5472,1,86,0
3705,231,4,5497,1,78,0
3706,231,4,5138,1,142,0
3707,231,4,4860,1,254,0
3708,231,4,5221,1,158,0
3709,231,4,5324,1,117,0
3710,231,4,4399,1,430,0
3711,231,4,5569,1,61,0
3712,231,4,5369,1,106,0
3713,231,1,1164,0,1001,0
3714,231,4,5301,1,132,0
3715,232,1,1109,0,1001,0
3716,232,1,1162,0,1001,0
3717,232,1,1166,0,1001,0
3718,233,1,1065,0,1001,0
3719,233,4,4604,1,286,0
3720,233,4,5171,1,145,0
3721,233,4,5024,1,253,0
3722,233,4,5338,1,114,0
3723,233,4,4629,1,286,0
3724,233,4,5150,1,191,0
3725,233,4,5372,1,106,0
3726,233,4,5477,1,78,0
3727,233,4,5425,1,97,0
3728,233,4,5381,1,88,0
3729,233,4,5333,1,118,0
3730,233,4,5588,1,54,0
3731,233,4,5504,1,72,0
3732,233,4,5552,1,64,0
3733,233,4,4559,1,324,0
3734,233,4,5123,1,151,0
3735,233,4,5436,1,91,0
3736,233,4,5355,1,107,0
3737,233,4,5375,1,104,0
3738,233,4,5414,1,98,0
3739,234,1,1179,0,1001,0
3740,234,4,5209,1,164,0
3741,234,4,5134,1,164,0
3742,234,4,5367,1,117,0
3743,234,4,5465,1,79,0
3744,234,4,5480,1,78,0
3745,234,1,1123,0,1001,0
3746,234,4,5337,1,99,0
3747,234,4,4924,1,269,0
3748,234,4,5492,1,81,0
3749,234,4,5165,1,153,0
3750,235,4,5186,1,137,0
3751,235,4,5032,1,221,0
3752,235,4,5075,1,163,0
3753,235,4,5195,1,177,0
3754,235,1,1169,0,1001,0
3755,235,4,4496,1,287,0
3756,235,4,5355,1,106,0
3757,235,4,5035,1,205,0
3758,235,4,5234,1,156,0
3759,235,4,5258,1,144,0
3760,235,4,5228,1,131,0
3761,235,4,4928,1,260,0
3762,235,4,5114,1,165,0
3763,235,4,5497,1,76,0
3764,236,1,1045,0,1001,0
3765,236,4,5398,1,115,0
3766,236,1,1087,0,1001,0
3767,236,4,4765,1,271,0
3768,237,1,1086,0,1001,0
3769,237,1,1140,0,1001,0
3770,237,4,4849,1,202,0
3771,237,1,1174,0,1001,0
3772,237,4,5620,1,49,0
3773,237,4,5582,1,56,0
3774,238,1,1165,0,1001,0
3775,238,1,1180,0,1001,0
3776,238,4,5512,1,76,0
3777,238,4,5267,1,133,0
3778,238,4,4921,1,213,0
3779,238,4,5600,1,53,0
3780,238,4,5419,1,99,0
3781,238,4,5373,1,108,0
3782,238,4,5316,1,160,0
3783,238,4,5541,1,71,0
3784,238,4,5507,1,74,0
3785,238,4,5401,1,119,0
3786,239,1,1145,0,1001,0
3787,239,4,5007,1,195,0
3788,239,1,1186,0,1001,0
3789,239,1,1158,0,1001,0
3790,240,1,1188,0,1001,0
3791,240,3,3365,0,1001,0
3792,240,1,1190,0,1001,0
3793,240,4,5387,1,141,0
3794,240,4,5293,1,136,0
3795,240,4,5251,1,133,0
3796,240,4,4981,1,268,0
3797,240,4,5294,1,135,0
3798,241,4,5171,1,172,0
3799,241,4,5221,1,134,0
3800,241,1,1182,0,1001,1
3801,241,4,5105,1,187,0
3802,241,4,5481,1,84,0
3803,241,4,5098,1,183,0
3804,241,4,5466,1,89,0
3805,241,4,5437,1,101,0
3806,241,4,5011,1,215,0
3807,241,4,5458,1,102,0
3808,241,4,5519,1,79,0
3809,241,4,5356,1,147,0
3810,241,4,5075,1,165,0
3811,241,4,4983,1,171,0
3812,241,4,4770,1,255,0
3813,241,4,5626,1,44,0
3814,241,4,4942,1,219,0
3815,242,4,5518,1,79,0
3816,242,4,5236,1,236,0
3817,242,4,5465,1,94,0
3818,242,4,5509,1,89,0
3819,242,4,5541,1,65,0
3820,242,4,5456,1,88,0
3821,242,4,5544,1,71,0
3822,242,4,5460,1,106,0
3823,242,4,5480,1,83,0
3824,242,4,5394,1,94,0
3825,242,4,5446,1,108,0
3826,242,4,5501,1,87,0
3827,242,4,5492,1,80,0
3828,242,4,5493,1,90,0
3829,242,4,5351,1,162,0
3830,242,4,5198,1,145,0
3831,242,4,5380,1,122,0
3832,242,4,5515,1,85,0
3833,242,4,5577,1,58,0
3834,242,4,5381,1,103,0
3835,242,4,5457,1,98,0
3836,242,4,5488,1,84,0
3837,242,4,5498,1,75,0
3838,242,4,5579,1,57,0
3839,242,4,5031,1,205,0
3840,242,4,5237,1,150,0
3841,242,4,5073,1,190,0
3842,242,4,5397,1,108,0
3843,243,4,4758,1,257,0
3844,243,4,5419,1,116,0
3845,243,4,5253,1,143,0
3846,243,4,5185,1,252,0
3847,243,4,5365,1,170,0
3848,243,4,5527,1,75,0
3849,243,4,5517,1,78,0
3850,243,4,5525,1,68,0
3851,243,4,5565,1,62,0
3852,243,4,5428,1,82,0
3853,243,4,5318,1,118,0
3854,243,4,5392,1,112,0
3855,243,4,5478,1,82,0
3856,243,4,5486,1,116,0
3857,243,4,5558,1,65,0
3858,243,4,5498,1,80,0
3859,243,4,5444,1,106,0
3860,243,4,5466,1,91,0
3861,243,4,5606,1,50,0
3862,243,4,5524,1,79,0
3863,243,4,5489,1,84,0
3864,243,4,5079,1,158,0
3865,243,4,5419,1,100,0
3866,243,4,5318,1,150,0
3867,243,4,5570,1,68,0
3868,243,4,5384,1,109,0
3869,243,4,5515,1,81,0
3870,243,4,5437,1,105,0
3871,243,4,5541,1,68,0
3872,244,2,2355,0,1001,0
3873,244,4,5066,1,183,0
3874,244,4,5502,1,78,0
3875,244,4,5496,1,81,0
3876,244,4,5462,1,86,0
3877,244,4,5483,1,96,0
3878,244,4,5572,1,68,0
3879,244,4,5352,1,142,0
3880,244,4,5454,1,110,0
3881,244,4,5429,1,91,0
3882,244,4,5490,1,90,0
3883,244,4,5399,1,101,0
3884,244,4,5567,1,58,0
3885,244,4,5581,1,56,0
3886,244,4,5350,1,108,0
3887,244,4,5286,1,138,0
3888,244,4,5494,1,84,0
3889,244,4,5291,1,152,0
3890,244,4,5543,1,64,0
3891,244,4,5562,1,61,0
3892,244,4,5517,1,79,0
3893,244,4,5478,1,87,0
3894,244,4,4988,1,172,0
3895,244,4,4534,1,307,0
3896,245,4,5164,1,202,0
3897,245,4,5346,1,129,0
3898,245,4,5474,1,82,0
3899,245,4,5364,1,124,0
3900,245,2,2350,0,1001,1
3901,245,4,5613,1,50,0
3902,245,4,5372,1,123,0
3903,245,4,5045,1,235,0
3904,245,4,5401,1,121,0
3905,245,4,5444,1,95,0
3906,245,4,5495,1,86,0
3907,245,4,5254,1,160,0
3908,245,4,5387,1,105,0
3909,245,4,5168,1,149,0
3910,245,4,5533,1,64,0
3911,245,4,5213,1,125,0
3912,245,4,5532,1,77,0
3913,245,4,5479,1,78,0
3914,245,4,5426,1,81,0
3915,245,4,5111,1,151,0
3916,245,4,5569,1,60,0
3917,246,4,5065,1,151,0
3918,246,4,5292,1,108,0
3919,246,4,5101,1,147,0
3920,246,4,5497,1,72,0
3921,246,4,5276,1,117,0
3922,246,4,5372,1,113,0
3923,246,4,5392,1,97,0
3924,246,4,5371,1,117,0
3925,246,4,5353,1,127,0
3926,246,4,5365,1,104,0
3927,246,4,5170,1,139,0
3928,246,4,5411,1,86,0
3929,246,4,5492,1,83,0
3930,246,4,5020,1,193,0
3931,246,4,5432,1,91,0
3932,246,4,5254,1,134,0
3933,246,4,5014,1,206,0
3934,246,4,5478,1,90,0
3935,246,4,5463,1,85,0
3936,246,4,5263,1,137,0
3937,246,4,5583,1,56,0
3938,246,4,5331,1,123,0
3939,246,4,5495,1,76,0
3940,246,4,5539,1,72,0
3941,246,4,5207,1,141,0
3942,246,4,5204,1,147,0
3943,246,4,5369,1,109,0
3944,247,4,5329,1,121,0
3945,247,4,5477,1,84,0
3946,247,4,5192,1,166,0
3947,247,4,5472,1,85,0
3948,247,4,5430,1,107,0
3949,247,4,5560,1,69,0
3950,247,4,4902,1,219,0
3951,247,4,4785,1,241,0
3952,247,4,5518,1,78,0
3953,247,4,5541,1,65,0
3954,247,4,5378,1,96,0
3955,247,4,5573,1,59,0
3956,247,4,5527,1,75,0
3957,247,4,5129,1,216,0
3958,247,4,5521,1,68,0
3959,247,4,5443,1,89,0
3960,247,4,5446,1,87,0
3961,247,4,5364,1,127,0
3962,247,4,5456,1,87,0
3963,247,4,5538,1,73,0
3964,247,4,5539,1,77,0
3965,247,4,5115,1,176,0
3966,247,4,5261,1,164,0
3967,247,4,5455,1,86,0
3968,247,4,5422,1,91,0
3969,247,4,5562,1,63,0
3970,247,4,5418,1,101,0
3971,247,4,5242,1,153,0
3972,247,4,5551,1,66,0
3973,247,4,5522,1,77,0
3974,248,4,5575,1,64,0
3975,248,4,5489,1,85,0
3976,248,4,5453,1,79,0
3977,248,4,5566,1,66,0
3978,248,4,5470,1,103,0
3979,248,4,5437,1,109,0
3980,248,4,5509,1,78,0
3981,248,4,5323,1,124,0
3982,248,4,5448,1,86,0
3983,248,4,5468,1,93,0
3984,248,4,5415,1,102,0
3985,248,4,5459,1,95,0
3986,248,4,5220,1,140,0
3987,248,4,4983,1,203,0
3988,248,4,5438,1,103,0
3989,248,4,5441,1,108,0
3990,248,4,5320,1,156,0
3991,248,4,5272,1,174,0
3992,248,4,5197,1,152,0
3993,248,4,4990,1,248,0
3994,248,4,5330,1,125,0
3995,248,4,5233,1,155,0
3996,248,4,5389,1,119,0
3997,248,4,5133,1,184,0
3998,248,4,4740,1,271,0
3999,249,4,4635,1,356,0
4000,249,0,0,0,1001,1
4001,249,4,5425,1,117,0
