1,0,3,2776,0,1001,0
2,1,3,2986,0,1001,0
3,1,3,2312,0,1001,0
4,1,2,2008,0,1001,0
5,2,2,2222,0,1001,0
6,2,3,2827,0,1001,0
7,3,1,944,0,1001,0
8,3,4,3784,1,651,0
9,3,3,2728,0,1001,0
10,3,3,2971,0,1001,0
11,4,0,90,0,1001,0
12,4,4,4798,1,428,0
13,4,4,4643,1,531,0
14,4,3,2922,0,1001,0
15,4,4,5072,1,273,0
16,5,3,3092,0,1001,0
17,5,4,3249,1,856,0
18,5,4,4007,1,590,0
19,6,3,3223,0,1001,0
20,6,4,4994,1,271,0
21,6,2,2232,0,1001,0
22,6,4,4282,1,653,0
23,6,1,1260,0,1001,0
24,7,4,4414,1,538,0
25,7,3,3082,0,1001,0
26,7,3,2912,0,1001,0
27,7,4,5016,1,246,0
28,8,4,2935,1,888,0
29,8,3,3347,0,1001,0
30,8,4,4609,1,268,0
31,8,4,4563,1,380,0
32,8,4,5041,1,231,0
33,8,4,5338,1,152,0
34,8,4,3505,1,676,0
35,9,4,4310,1,413,0
36,9,4,4751,1,316,0
37,9,2,2031,0,1001,0
38,9,3,3057,0,1001,0
39,10,0,90,0,1001,0
40,10,4,4959,1,303,0
41,10,4,5349,1,155,0
42,10,4,5517,1,82,0
43,10,3,3206,0,1001,0
44,10,4,4454,1,437,0
45,10,4,4509,1,422,0
46,11,4,4868,1,311,0
47,11,4,4288,1,564,0
48,11,4,4300,1,411,0
49,11,4,5394,1,104,0
50,11,3,2703,0,1001,0
51,12,1,915,0,1001,0
52,12,4,4020,1,510,0
53,12,4,5210,1,143,0
54,12,2,1792,0,1001,0
55,12,4,5438,1,103,0
56,12,4,5162,1,197,0
57,12,2,2127,0,1001,0
58,13,3,3159,0,1001,0
59,13,4,4852,1,265,0
60,13,2,2255,0,1001,0
61,14,3,3259,0,1001,0
62,14,3,3337,0,1001,0
63,14,3,2910,0,1001,0
64,15,2,1999,0,1001,0
65,15,3,2812,0,1001,0
66,15,4,5178,1,181,0
67,15,4,5092,1,177,0
68,15,4,4302,1,391,0
69,15,4,3357,1,744,0
70,15,4,4505,1,362,0
71,16,4,4696,1,304,0
72,16,4,4925,1,286,0
73,16,4,3780,1,685,0
74,16,4,4489,1,445,0
75,16,2,2453,0,1001,0
76,16,4,4322,1,451,0
77,17,4,4979,1,233,0
78,17,3,3157,0,1001,0
79,17,2,2342,0,1001,0
80,17,3,3292,0,1001,0
81,18,2,2222,0,1001,0
82,18,4,5119,1,231,0
83,18,4,4017,1,973,0
84,18,2,1612,0,1001,0
85,19,2,2006,0,1001,0
86,19,4,4573,1,390,0
87,19,4,3743,1,747,0
88,19,3,3383,0,1001,0
89,20,4,3602,1,988,0
90,20,4,4023,1,828,0
91,20,2,2149,0,1001,0
92,21,4,4531,1,422,0
93,21,3,3326,0,1001,0
94,21,2,2236,0,1001,0
95,21,4,3752,1,589,0
96,21,4,5455,1,105,0
97,21,4,4665,1,291,0
98,22,4,4924,1,273,0
99,22,4,5121,1,188,0
100,22,0,99,0,1001,1
101,22,3,3129,0,1001,0
102,23,3,3316,0,1001,0
103,23,4,4752,1,373,0
104,23,4,4909,1,236,0
105,23,2,2397,0,1001,0
106,23,4,4929,1,337,0
107,23,3,3246,0,1001,0
108,24,4,4360,1,475,0
109,24,4,5117,1,189,0
110,24,4,5150,1,225,0
111,24,4,4763,1,295,0
112,24,4,4553,1,355,0
113,24,4,4173,1,631,0
114,24,2,2348,0,1001,0
115,25,4,4684,1,364,0
116,25,4,4889,1,264,0
117,25,4,4881,1,292,0
118,25,4,5040,1,320,0
119,25,4,4778,1,415,0
120,25,2,2346,0,1001,0
121,26,3,3035,0,1001,0
122,26,4,4222,1,848,0
123,26,4,5461,1,104,0
124,26,4,4922,1,372,0
125,26,4,4429,1,422,0
126,26,4,4923,1,339,0
127,26,4,5158,1,161,0
128,26,4,5295,1,167,0
129,26,4,5311,1,144,0
130,26,4,5081,1,316,0
131,27,4,5008,1,224,0
132,27,4,5335,1,157,0
133,27,4,4741,1,386,0
134,27,4,4673,1,323,0
135,27,4,5074,1,251,0
136,27,4,4634,1,607,0
137,27,4,4919,1,221,0
138,27,4,5393,1,102,0
139,27,4,5134,1,213,0
140,27,4,5317,1,124,0
141,27,4,5006,1,333,0
142,27,4,4998,1,240,0
143,28,4,5147,1,190,0
144,28,4,5137,1,245,0
145,28,4,4962,1,285,0
146,28,4,4292,1,904,0
147,28,4,4978,1,251,0
148,28,4,4989,1,297,0
149,28,4,4869,1,274,0
150,28,4,5394,1,133,0
151,28,4,4046,1,572,0
152,29,4,4846,1,407,0
153,29,4,5255,1,193,0
154,29,4,5225,1,173,0
155,29,3,2931,0,1001,0
156,29,4,4555,1,442,0
157,29,4,5069,1,293,0
158,29,4,5102,1,257,0
159,29,4,5431,1,110,0
160,29,4,4966,1,279,0
161,30,4,5288,1,180,0
162,30,4,5393,1,112,0
163,30,4,5289,1,176,0
164,30,4,5280,1,171,0
165,30,4,4991,1,222,0
166,30,4,4330,1,612,0
167,30,4,5354,1,138,0
168,30,4,5413,1,107,0
169,30,2,2355,0,1001,0
170,30,4,5035,1,226,0
171,30,4,5422,1,111,0
172,30,4,5520,1,76,0
173,31,4,4297,1,828,0
174,31,4,5077,1,235,0
175,31,4,5375,1,113,0
176,31,4,5431,1,126,0
177,31,4,5372,1,128,0
178,31,4,5052,1,246,0
179,31,4,5491,1,92,0
180,31,4,3918,1,831,0
181,31,4,5185,1,197,0
182,31,4,4796,1,256,0
183,31,4,5430,1,121,0
184,32,4,5412,1,104,0
185,32,4,4794,1,311,0
186,32,4,5527,1,82,0
187,32,4,5231,1,152,0
188,32,4,5378,1,133,0
189,32,4,5251,1,172,0
190,32,4,5217,1,145,0
191,32,4,5382,1,120,0
192,32,4,4800,1,237,0
193,32,4,4981,1,249,0
194,32,4,4878,1,255,0
195,32,4,5229,1,204,0
196,32,4,5504,1,78,0
197,32,4,5518,1,83,0
198,32,4,5478,1,99,0
199,32,4,5546,1,77,0
200,33,2,2466,0,1001,1
201,33,4,5555,1,70,0
202,33,4,5320,1,120,0
203,33,4,5476,1,81,0
204,33,4,5532,1,81,0
205,33,4,4999,1,204,0
206,33,4,5453,1,98,0
207,33,4,5477,1,97,0
208,33,4,5459,1,131,0
209,33,4,5399,1,124,0
210,33,2,2338,0,1001,0
211,33,4,5546,1,86,0
212,33,4,5339,1,138,0
213,33,4,4898,1,249,0
214,33,4,5550,1,70,0
215,33,4,5230,1,162,0
216,33,4,5594,1,62,0
217,34,4,5114,1,217,0
218,34,4,5426,1,115,0
219,34,4,5514,1,83,0
220,34,4,5471,1,94,0
221,34,4,5260,1,150,0
222,34,4,5385,1,143,0
223,34,4,5472,1,89,0
224,34,4,5434,1,113,0
225,34,4,5512,1,80,0
226,34,4,5273,1,165,0
227,34,4,5415,1,104,0
228,34,2,2269,0,1001,0
229,34,4,5571,1,68,0
230,34,4,4676,1,460,0
231,34,4,5551,1,69,0
232,34,4,5003,1,229,0
233,34,4,5597,1,58,0
234,34,4,5578,1,66,0
235,34,4,5558,1,71,0
236,35,4,5604,1,61,0
237,35,4,5617,1,54,0
238,35,4,5507,1,86,0
239,35,4,5397,1,126,0
240,35,4,5124,1,239,0
241,35,4,5523,1,71,0
242,35,4,5530,1,93,0
243,35,4,5522,1,81,0
244,35,4,5440,1,121,0
245,35,4,5383,1,126,0
246,35,4,5509,1,98,0
247,35,4,5418,1,121,0
248,35,4,5583,1,60,0
249,35,4,5526,1,81,0
250,35,4,5519,1,84,0
251,35,4,5241,1,161,0
252,35,4,5364,1,131,0
253,35,4,5165,1,159,0
254,35,4,5481,1,95,0
255,35,4,5528,1,77,0
256,35,4,5431,1,106,0
257,35,4,5564,1,63,0
258,35,4,5555,1,68,0
259,35,4,5510,1,87,0
260,35,4,5578,1,64,0
261,36,4,3993,1,898,0
262,36,4,5498,1,108,0
263,36,4,5575,1,63,0
264,36,3,3379,0,1001,0
265,36,4,4610,1,541,0
266,36,4,5303,1,156,0
267,36,4,5096,1,231,0
268,36,4,5500,1,92,0
269,36,4,5229,1,183,0
270,37,3,3006,0,1001,0
271,37,4,5536,1,80,0
272,37,3,3397,0,1001,0
273,37,4,5553,1,74,0
274,37,4,5444,1,106,0
275,37,3,3322,0,1001,0
276,37,4,5474,1,97,0
277,37,4,5196,1,197,0
278,37,4,5386,1,129,0
279,38,4,5302,1,173,0
280,38,4,5248,1,168,0
281,38,4,5294,1,157,0
282,38,4,5087,1,206,0
283,38,4,5466,1,104,0
284,38,4,5405,1,121,0
285,38,4,4119,1,651,0
286,38,4,4657,1,386,0
287,38,4,5104,1,171,0
288,38,4,5250,1,184,0
289,38,4,5227,1,183,0
290,38,4,4954,1,257,0
291,38,4,5582,1,63,0
292,38,4,5533,1,77,0
293,38,4,5585,1,56,0
294,38,4,5532,1,72,0
295,38,4,5624,1,53,0
296,38,4,5498,1,92,0
297,38,4,5555,1,73,0
298,39,4,5632,1,47,0
299,39,4,5624,1,52,0
300,39,4,5635,1,47,1
301,39,4,5458,1,89,0
302,39,3,3520,0,1001,0
303,39,4,5289,1,142,0
304,39,4,5290,1,224,0
305,39,4,5519,1,79,0
306,39,4,4699,1,401,0
307,39,4,4868,1,263,0
308,39,4,5601,1,57,0
309,39,4,5406,1,98,0
310,39,4,5458,1,95,0
311,39,4,4902,1,189,0
312,39,4,5511,1,78,0
313,39,4,5587,1,69,0
314,39,4,5430,1,146,0
315,39,4,5605,1,54,0
316,40,4,5290,1,110,0
317,40,4,5458,1,89,0
318,40,4,5604,1,56,0
319,40,4,5649,1,69,0
320,40,4,5508,1,88,0
321,40,4,4530,1,344,0
322,40,4,5440,1,88,0
323,40,4,5526,1,68,0
324,40,4,5077,1,211,0
325,40,4,5566,1,64,0
326,40,4,5562,1,66,0
327,40,4,5064,1,179,0
328,40,4,5621,1,50,0
329,40,4,4700,1,372,0
330,40,4,5607,1,55,0
331,40,4,5374,1,111,0
332,40,4,5338,1,132,0
333,40,4,5612,1,53,0
334,40,4,5563,1,68,0
335,40,4,5625,1,50,0
336,40,4,5621,1,49,0
337,40,4,5389,1,136,0
338,40,4,5551,1,64,0
339,40,4,5357,1,130,0
340,40,4,4598,1,510,0
341,41,4,5528,1,71,0
342,41,4,5581,1,66,0
343,41,4,5616,1,50,0
344,41,4,5266,1,185,0
345,41,4,5586,1,62,0
346,41,4,5482,1,114,0
347,41,4,5048,1,236,0
348,41,4,4887,1,196,0
349,41,4,5161,1,145,0
350,41,4,5503,1,73,0
351,41,3,2957,0,1001,0
352,41,4,5380,1,95,0
353,41,4,5022,1,364,0
354,41,4,5519,1,74,0
355,41,4,5234,1,156,0
356,41,4,5578,1,64,0
357,41,4,5354,1,110,0
358,41,4,5582,1,68,0
359,42,4,5412,1,114,0
360,42,4,5400,1,95,0
361,42,4,5551,1,76,0
362,42,4,5412,1,121,0
363,42,4,5598,1,57,0
364,42,4,5305,1,113,0
365,42,4,5205,1,162,0
366,42,4,5490,1,73,0
367,42,4,5152,1,154,0
368,42,3,3451,0,1001,0
369,42,4,5136,1,148,0
370,42,4,5373,1,93,0
371,42,4,5224,1,193,0
372,42,4,5574,1,67,0
373,42,4,5577,1,60,0
374,42,4,5612,1,55,0
375,42,4,5612,1,54,0
376,42,4,5620,1,51,0
377,42,4,5616,1,54,0
378,42,4,5577,1,62,0
379,42,4,5374,1,111,0
380,42,4,5416,1,112,0
381,42,4,5122,1,188,0
382,43,4,5603,1,58,0
383,43,4,5542,1,70,0
384,43,4,5604,1,58,0
385,43,4,5221,1,135,0
386,43,3,3187,0,1001,0
387,43,4,5568,1,67,0
388,43,4,5591,1,55,0
389,43,4,5533,1,74,0
390,43,4,5583,1,60,0
391,43,4,5587,1,59,0
392,43,4,5627,1,48,0
393,43,4,5528,1,71,0
394,43,4,5569,1,62,0
395,43,4,5254,1,122,0
396,43,4,5352,1,110,0
397,43,4,5585,1,61,0
398,43,4,5525,1,71,0
399,43,4,5440,1,96,0
400,43,4,5639,1,45,1
401,43,4,5099,1,222,0
402,43,4,4850,1,247,0
403,43,4,5607,1,53,0
404,43,4,5578,1,63,0
405,43,4,5556,1,63,0
406,43,4,5461,1,87,0
407,43,4,5454,1,105,0
408,43,4,5590,1,63,0
409,44,4,5445,1,97,0
410,44,4,5607,1,55,0
411,44,4,5470,1,84,0
412,44,4,5550,1,65,0
413,44,4,5543,1,68,0
414,44,4,5126,1,219,0
415,44,4,5289,1,114,0
416,44,4,5242,1,171,0
417,44,4,5395,1,105,0
418,44,4,5395,1,117,0
419,44,4,5292,1,120,0
420,44,4,5581,1,61,0
421,44,4,5183,1,165,0
422,44,4,5629,1,49,0
423,44,4,5537,1,72,0
424,44,4,5478,1,79,0
425,44,4,5528,1,73,0
426,44,4,5241,1,138,0
427,44,4,5489,1,81,0
428,44,4,5194,1,149,0
429,44,4,5378,1,112,0
430,44,4,5431,1,110,0
431,44,4,5505,1,82,0
432,44,4,5491,1,75,0
433,44,4,5318,1,132,0
434,44,4,5529,1,71,0
435,44,4,5383,1,113,0
436,44,4,5318,1,132,0
437,45,4,4628,1,334,0
438,45,4,5218,1,146,0
439,45,4,5386,1,118,0
440,45,4,5393,1,111,0
441,45,4,5019,1,227,0
442,45,4,5592,1,55,0
443,45,4,5543,1,74,0
444,45,4,4868,1,201,0
445,45,2,2313,0,1001,0
446,45,4,5446,1,93,0
447,45,4,5326,1,115,0
448,45,4,5598,1,57,0
449,45,4,5618,1,50,0
450,46,2,2272,0,1001,0
451,46,4,5301,1,128,0
452,46,4,5508,1,83,0
453,46,4,5529,1,74,0
454,46,4,5423,1,97,0
455,46,4,5500,1,80,0
456,46,4,5598,1,57,0
457,46,4,5586,1,62,0
458,46,4,5580,1,68,0
459,46,4,5273,1,126,0
460,46,4,5548,1,72,0
461,46,4,5474,1,83,0
462,46,4,5344,1,108,0
463,46,4,5429,1,85,0
464,46,4,5585,1,59,0
465,46,4,5596,1,54,0
466,46,4,5631,1,46,0
467,46,4,5564,1,61,0
468,46,4,5529,1,66,0
469,46,4,5597,1,52,0
470,46,4,5456,1,94,0
471,46,4,5481,1,89,0
472,46,4,5517,1,73,0
473,46,4,5597,1,52,0
474,46,4,5607,1,56,0
475,46,4,5616,1,47,0
476,46,4,5637,1,48,0
477,46,4,5487,1,83,0
478,46,4,5082,1,196,0
479,46,4,5562,1,79,0
480,46,4,5514,1,75,0
481,46,4,5616,1,50,0
482,46,4,5188,1,154,0
483,46,4,5348,1,110,0
484,47,3,3483,0,1001,0
485,47,4,5582,1,56,0
486,47,4,5562,1,66,0
487,47,4,4865,1,243,0
488,47,4,5288,1,156,0
489,47,4,5604,1,54,0
490,47,4,5321,1,168,0
491,47,4,5562,1,66,0
492,47,4,5614,1,52,0
493,47,4,5588,1,59,0
494,47,4,4781,1,312,0
495,47,4,5480,1,77,0
496,47,4,5488,1,80,0
497,47,4,5564,1,68,0
498,47,4,5059,1,229,0
499,47,4,5257,1,141,0
500,47,4,5652,1,41,1
501,47,4,5251,1,157,0
502,47,4,5533,1,69,0
503,47,4,5614,1,53,0
504,47,4,5541,1,63,0
505,47,4,5354,1,99,0
506,47,4,5517,1,92,0
507,47,4,5645,1,43,0
508,48,4,4892,1,297,0
509,48,4,5339,1,133,0
510,48,4,5578,1,57,0
511,48,4,5387,1,96,0
512,48,4,5587,1,56,0
513,48,4,5627,1,48,0
514,48,4,5396,1,94,0
515,48,4,5640,1,44,0
516,48,4,5572,1,61,0
517,48,4,5455,1,103,0
518,48,4,5643,1,45,0
519,48,4,5605,1,50,0
520,48,4,5559,1,82,0
521,48,4,5350,1,99,0
522,48,4,5491,1,74,0
523,48,4,5588,1,59,0
524,48,4,5374,1,109,0
525,48,4,5404,1,105,0
526,48,4,5072,1,180,0
527,48,4,5250,1,131,0
528,48,4,5265,1,153,0
529,48,4,5066,1,203,0
530,48,4,5592,1,55,0
531,48,4,5616,1,56,0
532,48,4,5567,1,63,0
533,48,4,5028,1,235,0
534,48,4,5455,1,90,0
535,48,4,5248,1,183,0
536,48,4,4926,1,263,0
537,49,2,2350,0,1001,0
538,49,4,5327,1,109,0
539,49,4,5623,1,47,0
540,49,4,5607,1,49,0
541,49,4,5625,1,48,0
542,49,4,5573,1,61,0
543,49,4,5221,1,151,0
544,49,4,5611,1,54,0
545,49,4,5582,1,65,0
546,49,4,5406,1,108,0
547,49,4,5616,1,51,0
548,49,4,5512,1,75,0
549,49,4,5642,1,49,0
550,49,4,5587,1,59,0
551,49,4,5574,1,66,0
552,49,4,4846,1,291,0
553,49,4,5611,1,53,0
554,49,4,5466,1,103,0
555,49,4,5583,1,67,0
556,49,4,5327,1,141,0
557,49,4,5370,1,149,0
558,49,4,5637,1,47,0
559,49,4,5543,1,82,0
560,49,4,5423,1,86,0
561,49,4,5553,1,64,0
562,49,4,5596,1,58,0
563,50,3,3489,0,1001,0
564,50,4,5626,1,50,0
565,50,4,5606,1,56,0
566,50,4,5509,1,74,0
567,50,4,5067,1,222,0
568,50,4,5398,1,122,0
569,50,4,5599,1,51,0
570,50,4,5622,1,51,0
571,50,4,5575,1,62,0
572,50,4,5664,1,39,0
573,50,4,5403,1,88,0
574,50,4,5558,1,68,0
575,50,4,5495,1,76,0
576,50,4,5169,1,211,0
577,50,4,5567,1,61,0
578,50,4,5636,1,45,0
579,50,4,5435,1,82,0
580,50,4,5475,1,86,0
581,50,4,5590,1,57,0
582,50,4,5539,1,63,0
583,50,4,5231,1,163,0
584,50,4,5535,1,63,0
585,50,4,5522,1,73,0
586,50,4,4450,1,284,0
587,50,4,5634,1,45,0
588,50,4,5605,1,61,0
589,51,3,2817,0,1001,0
590,51,4,5619,1,54,0
591,51,4,5619,1,49,0
592,51,4,5484,1,76,0
593,51,4,5173,1,135,0
594,51,4,4396,1,313,0
595,51,4,5606,1,55,0
596,51,4,5454,1,103,0
597,51,4,5582,1,63,0
598,51,4,5574,1,63,0
599,51,4,5560,1,67,0
600,51,2,2466,0,1001,1
601,51,4,5078,1,198,0
602,51,4,5538,1,64,0
603,51,4,5081,1,151,0
604,52,4,5492,1,73,0
605,52,4,5485,1,81,0
606,52,4,5570,1,62,0
607,52,4,5243,1,135,0
608,52,4,5602,1,55,0
609,52,4,4869,1,265,0
610,52,4,5636,1,47,0
611,52,4,5578,1,69,0
612,52,4,5440,1,92,0
613,52,4,5624,1,49,0
614,52,4,5316,1,120,0
615,52,4,5223,1,164,0
616,52,4,4981,1,184,0
617,52,4,5569,1,61,0
618,52,4,4448,1,508,0
619,52,4,5585,1,59,0
620,52,4,5610,1,58,0
621,52,4,5422,1,94,0
622,52,4,5501,1,72,0
623,52,4,5339,1,144,0
624,52,4,4629,1,415,0
625,52,4,5553,1,70,0
626,52,4,5266,1,159,0
627,52,4,5417,1,113,0
628,53,4,5565,1,65,0
629,53,4,5388,1,122,0
630,53,4,5604,1,54,0
631,53,4,5212,1,188,0
632,53,2,2459,0,1001,0
633,53,4,5495,1,78,0
634,53,4,5655,1,43,0
635,53,4,5524,1,88,0
636,53,4,5558,1,67,0
637,53,4,5493,1,97,0
638,53,4,5575,1,67,0
639,53,4,5271,1,238,0
640,53,4,5485,1,78,0
641,53,4,5374,1,117,0
642,53,4,5500,1,109,0
643,53,4,5583,1,62,0
644,53,4,5639,1,45,0
645,53,4,5618,1,48,0
646,53,4,4533,1,272,0
647,53,4,5336,1,99,0
648,53,4,5227,1,142,0
649,53,4,5623,1,50,0
650,53,4,5535,1,65,0
651,54,4,5550,1,66,0
652,54,4,5550,1,63,0
653,54,4,5435,1,115,0
654,54,4,5610,1,51,0
655,54,4,5467,1,77,0
656,54,4,5366,1,109,0
657,54,4,5651,1,41,0
658,54,4,5633,1,49,0
659,54,4,5579,1,61,0
660,54,4,5583,1,63,0
661,54,4,5562,1,64,0
662,54,4,5616,1,48,0
663,54,4,5463,1,89,0
664,54,4,5626,1,46,0
665,54,4,5627,1,47,0
666,54,4,5197,1,128,0
667,54,4,4314,1,430,0
668,54,4,5628,1,49,0
669,54,4,5498,1,89,0
670,54,4,5089,1,152,0
671,54,4,5608,1,54,0
672,54,4,5647,1,42,0
673,54,4,5428,1,116,0
674,54,4,5139,1,187,0
675,54,4,5461,1,108,0
676,54,4,5610,1,51,0
677,54,4,5556,1,69,0
678,54,4,5516,1,86,0
679,54,4,5510,1,87,0
680,54,4,5468,1,104,0
681,54,4,5428,1,113,0
682,54,4,5290,1,158,0
683,54,4,5468,1,101,0
684,54,4,5405,1,116,0
685,55,4,5596,1,56,0
686,55,4,5506,1,87,0
687,55,4,5405,1,120,0
688,55,3,3492,0,1001,0
689,55,3,3386,0,1001,0
690,55,4,4985,1,200,0
691,55,4,5288,1,164,0
692,55,4,5384,1,120,0
693,55,4,5462,1,87,0
694,55,4,5523,1,73,0
695,55,4,5590,1,59,0
696,56,1,1186,0,1001,0
697,56,4,5563,1,69,0
698,56,4,5469,1,84,0
699,56,4,5538,1,78,0
700,56,2,2466,0,1001,1
701,56,4,5476,1,92,0
702,56,4,5390,1,101,0
703,56,4,4984,1,249,0
704,56,4,5628,1,50,0
705,56,4,5475,1,93,0
706,56,4,5547,1,75,0
707,56,4,4989,1,209,0
708,56,4,5480,1,91,0
709,56,4,5546,1,71,0
710,56,4,5551,1,71,0
711,56,4,5547,1,72,0
712,56,4,5625,1,48,0
713,57,4,5353,1,100,0
714,57,4,5430,1,131,0
715,57,4,5343,1,125,0
716,57,4,5443,1,104,0
717,57,4,5572,1,63,0
718,57,4,5206,1,126,0
719,57,4,5466,1,94,0
720,57,4,5612,1,50,0
721,57,4,5588,1,58,0
722,57,4,5160,1,170,0
723,57,4,5545,1,74,0
724,57,4,5454,1,131,0
725,57,1,1192,0,1001,0
726,57,4,5613,1,52,0
727,57,4,5599,1,63,0
728,57,4,5512,1,74,0
729,57,4,5249,1,170,0
730,57,4,5063,1,157,0
731,57,4,5449,1,101,0
732,57,4,5400,1,102,0
733,58,4,4633,1,392,0
734,58,4,5445,1,91,0
735,58,4,4562,1,290,0
736,58,4,5253,1,138,0
737,58,4,5541,1,79,0
738,58,4,5456,1,80,0
739,58,4,5060,1,231,0
740,58,4,5383,1,167,0
741,58,4,5593,1,60,0
742,58,4,5383,1,106,0
743,58,4,5455,1,86,0
744,58,4,5496,1,81,0
745,58,4,5344,1,131,0
746,58,4,4852,1,267,0
747,58,4,5368,1,102,0
748,58,4,5591,1,67,0
749,58,4,5604,1,58,0
750,58,4,5596,1,61,0
751,58,4,5552,1,71,0
752,58,4,5356,1,108,0
753,58,4,5323,1,125,0
754,58,4,5475,1,99,0
755,58,4,5613,1,54,0
756,58,4,5378,1,167,0
757,58,4,5602,1,53,0
758,59,4,4502,1,345,0
759,59,4,5631,1,49,0
760,59,4,5131,1,145,0
761,59,4,5604,1,54,0
762,59,4,5588,1,64,0
763,59,4,5289,1,116,0
764,59,4,5609,1,55,0
765,59,4,5570,1,71,0
766,59,4,5414,1,91,0
767,59,4,5565,1,76,0
768,59,4,5594,1,61,0
769,59,4,5592,1,56,0
770,59,4,5210,1,148,0
771,59,4,5475,1,93,0
772,59,4,5577,1,61,0
773,59,4,5555,1,67,0
774,59,4,5416,1,104,0
775,59,4,5623,1,50,0
776,59,4,5569,1,77,0
777,59,4,5628,1,50,0
778,59,4,5594,1,59,0
779,59,4,5378,1,103,0
780,59,4,5572,1,63,0
781,59,4,5577,1,68,0
782,59,4,5376,1,96,0
783,59,4,5451,1,105,0
784,59,4,5318,1,115,0
785,59,4,5613,1,51,0
786,59,4,5568,1,61,0
787,59,4,5537,1,94,0
788,59,4,5608,1,57,0
789,59,4,5555,1,78,0
790,59,4,5393,1,137,0
791,59,4,5419,1,101,0
792,59,4,5584,1,57,0
793,59,4,5533,1,94,0
794,59,4,5546,1,88,0
795,59,4,5452,1,144,0
796,59,4,5557,1,66,0
797,60,4,5209,1,275,0
798,60,4,5642,1,46,0
799,60,4,5581,1,67,0
800,60,3,3632,0,1001,1
801,60,4,5468,1,123,0
802,60,4,5500,1,108,0
803,60,4,5312,1,145,0
804,60,4,5515,1,95,0
805,60,4,5194,1,139,0
806,60,4,5526,1,77,0
807,60,4,5492,1,95,0
808,60,4,5569,1,69,0
809,60,4,4742,1,276,0
810,60,4,5090,1,208,0
811,60,4,5383,1,107,0
812,60,4,5008,1,336,0
813,60,4,5359,1,95,0
814,61,4,5593,1,66,0
815,61,4,5524,1,77,0
816,61,4,5521,1,69,0
817,61,4,5446,1,79,0
818,61,4,5622,1,48,0
819,61,4,5501,1,70,0
820,61,4,5574,1,71,0
821,61,4,5431,1,133,0
822,61,4,5588,1,61,0
823,61,4,5490,1,110,0
824,61,4,5462,1,128,0
825,61,4,5497,1,78,0
826,61,4,5473,1,88,0
827,61,4,5450,1,84,0
828,61,4,5522,1,76,0
829,61,4,5334,1,161,0
830,61,4,5540,1,68,0
831,61,4,5511,1,97,0
832,61,4,5437,1,122,0
833,61,4,5552,1,83,0
834,61,4,5606,1,59,0
835,61,4,5430,1,109,0
836,61,4,5094,1,202,0
837,61,4,5447,1,141,0
838,61,4,5542,1,74,0
839,61,4,5448,1,109,0
840,61,4,5403,1,141,0
841,61,4,4816,1,230,0
842,61,4,5262,1,141,0
843,61,4,5342,1,155,0
844,62,4,4003,1,430,0
845,62,4,5436,1,95,0
846,62,4,5483,1,92,0
847,62,4,5061,1,177,0
848,62,4,5012,1,215,0
849,62,4,4622,1,259,0
850,62,4,5208,1,144,0
851,62,4,5459,1,98,0
852,62,4,4881,1,235,0
853,62,4,5191,1,163,0
854,62,4,5422,1,118,0
855,62,4,5444,1,125,0
856,62,4,4533,1,275,0
857,62,4,3233,1,722,0
858,62,4,5504,1,90,0
859,63,4,5037,1,178,0
860,63,4,4571,1,261,0
861,63,4,5499,1,82,0
862,63,4,4794,1,298,0
863,63,4,4827,1,246,0
864,63,4,4188,1,390,0
865,63,4,5534,1,68,0
866,63,4,5309,1,115,0
867,63,4,5342,1,127,0
868,63,4,4912,1,189,0
869,63,4,4900,1,243,0
870,63,4,5006,1,176,0
871,63,4,4863,1,210,0
872,63,4,5414,1,111,0
873,63,4,4142,1,367,0
874,63,4,5431,1,116,0
875,64,4,5182,1,137,0
876,64,4,5425,1,103,0
877,64,4,5515,1,90,0
878,64,4,5082,1,161,0
879,64,4,3958,1,464,0
880,64,4,3737,1,518,0
881,64,4,5313,1,183,0
882,64,4,5558,1,75,0
883,64,4,5615,1,57,0
884,64,4,4830,1,246,0
885,64,4,5581,1,65,0
886,64,4,5562,1,66,0
887,64,4,5464,1,102,0
888,64,4,5282,1,158,0
889,64,4,5506,1,85,0
890,64,4,5514,1,82,0
891,64,4,5220,1,185,0
892,64,4,5570,1,66,0
893,64,4,5567,1,66,0
894,64,4,5162,1,158,0
895,64,4,5630,1,45,0
896,64,4,5549,1,79,0
897,64,4,5615,1,53,0
898,65,4,5598,1,61,0
899,65,4,5322,1,122,0
900,65,2,2471,0,1001,1
901,65,4,5609,1,54,0
902,65,4,5573,1,66,0
903,65,4,5623,1,50,0
904,65,4,5526,1,95,0
905,65,4,5622,1,53,0
906,65,4,5523,1,98,0
907,65,4,5461,1,104,0
908,65,4,5429,1,119,0
909,65,4,5250,1,132,0
910,65,4,5551,1,74,0
911,65,4,5499,1,90,0
912,65,4,5612,1,61,0
913,65,4,5533,1,85,0
914,65,4,5449,1,123,0
915,65,4,5349,1,115,0
916,65,4,5157,1,168,0
917,65,4,5364,1,161,0
918,65,4,5486,1,106,0
919,65,4,5523,1,88,0
920,65,4,5527,1,73,0
921,65,4,5470,1,118,0
922,66,4,5380,1,130,0
923,66,4,4894,1,226,0
924,66,4,5436,1,98,0
925,66,4,5607,1,61,0
926,66,4,5401,1,158,0
927,66,4,4868,1,200,0
928,66,4,5411,1,110,0
929,66,4,5559,1,75,0
930,66,4,5602,1,57,0
931,66,4,5547,1,88,0
932,66,4,5490,1,95,0
933,66,4,5551,1,72,0
934,66,4,5613,1,51,0
935,66,4,5414,1,98,0
936,66,4,5595,1,64,0
937,66,4,5606,1,57,0
938,66,4,5362,1,167,0
939,66,4,5303,1,120,0
940,66,4,5324,1,177,0
941,66,4,5595,1,63,0
942,66,4,3579,1,763,0
943,66,4,5409,1,90,0
944,66,4,5572,1,71,0
945,66,4,5557,1,69,0
946,66,4,5526,1,65,0
947,67,4,5508,1,84,0
948,67,4,5561,1,62,0
949,67,4,5375,1,95,0
950,67,4,5517,1,72,0
951,67,4,5590,1,56,0
952,67,4,5551,1,66,0
953,67,4,5570,1,60,0
954,67,4,5012,1,169,0
955,67,4,5064,1,162,0
956,67,4,5621,1,49,0
957,67,4,5644,1,44,0
958,67,4,5616,1,52,0
959,67,4,5387,1,121,0
960,67,4,5034,1,193,0
961,67,4,5610,1,50,0
962,67,4,5652,1,41,0
963,67,4,5231,1,128,0
964,67,4,5581,1,65,0
965,67,4,5633,1,49,0
966,67,4,5491,1,89,0
967,67,4,5578,1,61,0
968,67,4,5227,1,173,0
969,67,4,5421,1,96,0
970,67,4,4278,1,329,0
971,67,4,5634,1,45,0
972,67,4,5618,1,48,0
973,67,4,5617,1,50,0
974,67,4,5643,1,43,0
975,67,4,5544,1,67,0
976,67,4,5597,1,58,0
977,67,4,5632,1,44,0
978,67,4,5643,1,44,0
979,67,4,5647,1,43,0
980,67,4,5555,1,68,0
981,67,4,5450,1,90,0
982,67,4,5586,1,64,0
983,67,4,5617,1,57,0
984,67,4,5601,1,56,0
985,68,4,4968,1,214,0
986,68,4,5520,1,80,0
987,68,4,5531,1,68,0
988,68,4,5618,1,51,0
989,68,4,5138,1,142,0
990,68,4,5326,1,107,0
991,68,4,5496,1,79,0
992,68,4,5364,1,97,0
993,68,4,5544,1,70,0
994,68,4,4720,1,273,0
995,68,4,4907,1,190,0
996,68,4,5541,1,74,0
997,68,4,5521,1,86,0
998,68,4,5509,1,76,0
999,68,4,5541,1,74,0
1000,68,2,2471,0,1001,1
1001,68,4,5620,1,48,0
1002,68,4,5064,1,160,0
1003,68,4,5554,1,65,0
1004,68,4,5572,1,61,0
1005,68,4,5380,1,116,0
1006,68,4,5358,1,136,0
1007,69,4,5212,1,160,0
1008,69,4,4939,1,242,0
1009,69,4,5217,1,183,0
1010,69,4,5626,1,48,0
1011,69,4,5563,1,76,0
1012,69,4,5421,1,95,0
1013,69,3,3518,0,1001,0
1014,69,4,5479,1,94,0
1015,69,4,5150,1,176,0
1016,69,4,5487,1,84,0
1017,69,4,5272,1,163,0
1018,69,4,5218,1,180,0
1019,69,4,5105,1,226,0
1020,69,4,4227,1,483,0
1021,70,4,4045,1,536,0
1022,70,4,5385,1,101,0
1023,70,4,5492,1,75,0
1024,70,4,5324,1,135,0
1025,70,4,5198,1,161,0
1026,70,4,5462,1,85,0
1027,70,4,5102,1,202,0
1028,70,4,5323,1,130,0
1029,70,4,5179,1,180,0
1030,70,4,5055,1,235,0
1031,70,4,5061,1,230,0
1032,70,4,4796,1,268,0
1033,70,4,5157,1,163,0
1034,70,4,5522,1,78,0
1035,70,4,4834,1,287,0
1036,70,4,4893,1,217,0
1037,71,4,3589,1,632,0
1038,71,4,4872,1,246,0
1039,71,4,5311,1,129,0
1040,71,4,5241,1,161,0
1041,71,4,5644,1,42,0
1042,71,4,5412,1,94,0
1043,71,3,3207,0,1001,0
1044,71,4,5571,1,58,0
1045,71,4,5362,1,102,0
1046,71,4,5617,1,56,0
1047,71,4,4773,1,268,0
1048,71,4,5443,1,124,0
1049,71,4,5314,1,115,0
1050,71,4,5410,1,98,0
1051,71,4,5213,1,128,0
1052,72,4,5508,1,83,0
1053,72,4,5409,1,89,0
1054,72,3,3066,0,1001,0
1055,72,4,5305,1,115,0
1056,72,4,5140,1,168,0
1057,72,4,4895,1,241,0
1058,72,4,5280,1,137,0
1059,72,4,5397,1,132,0
1060,72,4,5208,1,140,0
1061,72,4,5455,1,96,0
1062,72,4,4608,1,328,0
1063,72,4,5243,1,145,0
1064,72,4,5300,1,171,0
1065,72,4,5160,1,210,0
1066,72,4,5301,1,132,0
1067,73,4,4762,1,350,0
1068,73,4,4632,1,417,0
1069,73,4,4917,1,253,0
1070,73,4,4929,1,294,0
1071,73,4,5019,1,312,0
1072,73,4,5400,1,132,0
1073,73,4,4870,1,232,0
1074,73,4,5025,1,254,0
1075,73,4,5407,1,126,0
1076,73,4,5242,1,166,0
1077,73,4,5086,1,243,0
1078,73,4,4783,1,265,0
1079,74,4,4965,1,227,0
1080,74,4,5057,1,243,0
1081,74,4,5126,1,181,0
1082,74,4,5027,1,209,0
1083,74,4,5050,1,190,0
1084,74,4,5214,1,138,0
1085,74,4,5456,1,81,0
1086,74,4,5420,1,102,0
1087,74,4,5464,1,81,0
1088,74,4,5562,1,63,0
1089,74,4,5241,1,161,0
1090,74,4,5478,1,85,0
1091,74,4,5188,1,133,0
1092,74,4,5235,1,138,0
1093,74,4,5427,1,89,0
1094,74,4,5203,1,147,0
1095,74,4,4913,1,200,0
1096,74,4,5220,1,127,0
1097,74,4,5472,1,83,0
1098,74,4,5531,1,70,0
1099,74,4,5345,1,156,0
1100,75,0,99,0,1001,1
1101,75,4,5181,1,168,0
1102,75,4,5388,1,90,0
1103,75,4,5423,1,92,0
1104,75,4,5524,1,70,0
1105,75,4,4849,1,237,0
1106,75,4,5195,1,140,0
1107,75,4,5389,1,100,0
1108,75,4,5264,1,113,0
1109,75,4,5277,1,127,0
1110,75,4,4989,1,184,0
1111,75,4,5387,1,93,0
1112,75,4,5405,1,97,0
1113,75,4,5312,1,126,0
1114,75,4,5381,1,97,0
1115,75,4,5395,1,105,0
1116,75,4,5217,1,144,0
1117,75,4,5559,1,59,0
1118,75,4,5344,1,104,0
1119,75,4,5415,1,95,0
1120,75,4,5593,1,55,0
1121,75,4,5465,1,80,0
1122,75,4,5522,1,77,0
1123,75,4,5333,1,110,0
1124,76,4,4888,1,229,0
1125,76,4,5326,1,120,0
1126,76,4,4959,1,182,0
1127,76,4,5423,1,104,0
1128,76,4,5089,1,171,0
1129,76,4,5265,1,119,0
1130,76,4,5557,1,63,0
1131,76,4,5073,1,177,0
1132,76,4,5145,1,171,0
1133,76,4,5545,1,66,0
1134,76,4,5163,1,146,0
1135,76,4,4888,1,192,0
1136,76,4,5465,1,77,0
1137,76,4,5493,1,73,0
1138,76,4,5297,1,114,0
1139,76,4,5313,1,169,0
1140,76,4,5597,1,84,0
1141,76,4,5116,1,160,0
1142,76,4,5276,1,119,0
1143,76,4,5087,1,182,0
1144,76,4,5110,1,175,0
1145,76,4,4786,1,227,0
1146,76,4,5110,1,172,0
1147,77,3,3373,0,1001,0
1148,77,4,5522,1,73,0
1149,77,4,5216,1,135,0
1150,77,4,5032,1,188,0
1151,77,4,4866,1,302,0
1152,77,4,5278,1,123,0
1153,77,4,4831,1,256,0
1154,77,4,5059,1,205,0
1155,77,4,5031,1,168,0
1156,77,4,4490,1,360,0
1157,77,4,5405,1,106,0
1158,77,4,5203,1,127,0
1159,77,4,5277,1,131,0
1160,78,4,5087,1,174,0
1161,78,4,5391,1,91,0
1162,78,4,5436,1,84,0
1163,78,4,5533,1,69,0
1164,78,4,5539,1,66,0
1165,78,4,5348,1,105,0
1166,78,4,5388,1,97,0
1167,78,4,5282,1,118,0
1168,78,4,5518,1,66,0
1169,78,4,5338,1,114,0
1170,78,4,5429,1,84,0
1171,78,4,4869,1,221,0
1172,78,4,5432,1,88,0
1173,78,4,5413,1,97,0
1174,78,4,5084,1,175,0
1175,78,4,5441,1,86,0
1176,78,4,5587,1,64,0
1177,78,4,5015,1,188,0
1178,78,4,5046,1,185,0
1179,78,4,5448,1,89,0
1180,78,4,5020,1,277,0
1181,78,4,5527,1,77,0
1182,78,4,4913,1,241,0
1183,78,4,4734,1,242,0
1184,79,4,5045,1,161,0
1185,79,4,5343,1,111,0
1186,79,4,5517,1,87,0
1187,79,4,5112,1,145,0
1188,79,4,4990,1,180,0
1189,79,4,5430,1,105,0
1190,79,4,5414,1,95,0
1191,79,4,5320,1,123,0
1192,79,4,5184,1,162,0
1193,79,4,5174,1,154,0
1194,79,4,5590,1,53,0
1195,79,4,5385,1,108,0
1196,79,4,5556,1,79,0
1197,79,4,5443,1,94,0
1198,79,4,5081,1,200,0
1199,79,3,3413,0,1001,0
1200,80,1,1288,0,1001,1
1201,80,4,5350,1,109,0
1202,80,4,5542,1,68,0
1203,80,4,5198,1,150,0
1204,80,4,5578,1,57,0
1205,80,4,5547,1,64,0
1206,80,4,5486,1,78,0
1207,80,4,5351,1,116,0
1208,80,2,2352,0,1001,0
1209,80,4,5003,1,179,0
1210,80,4,5348,1,114,0
1211,80,4,5070,1,186,0
1212,80,4,5411,1,97,0
1213,80,4,5380,1,101,0
1214,80,4,5141,1,170,0
1215,80,4,5470,1,76,0
1216,80,4,5357,1,123,0
1217,81,4,5377,1,106,0
1218,81,4,5372,1,106,0
1219,81,4,4982,1,208,0
1220,81,4,4947,1,217,0
1221,81,4,5524,1,70,0
1222,81,4,5524,1,73,0
1223,81,4,4840,1,229,0
1224,81,4,5012,1,215,0
1225,81,4,5216,1,147,0
1226,81,4,4839,1,246,0
1227,81,4,5527,1,71,0
1228,81,4,5212,1,155,0
1229,81,4,5215,1,162,0
1230,81,4,5552,1,63,0
1231,81,4,4646,1,305,0
1232,81,4,5555,1,78,0
1233,81,4,5589,1,54,0
1234,81,4,5134,1,179,0
1235,81,4,5551,1,64,0
1236,81,4,4771,1,267,0
1237,81,4,5578,1,56,0
1238,82,4,5183,1,160,0
1239,82,4,4787,1,261,0
1240,82,4,4964,1,216,0
1241,82,4,4721,1,283,0
1242,82,4,4591,1,325,0
1243,82,4,5569,1,63,0
1244,82,4,5526,1,70,0
1245,82,4,5563,1,61,0
1246,82,4,5532,1,71,0
1247,82,4,5562,1,61,0
1248,82,4,5583,1,54,0
1249,82,4,5601,1,56,0
1250,82,4,5615,1,51,0
1251,82,4,5538,1,62,0
1252,82,4,5466,1,82,0
1253,82,4,4707,1,285,0
1254,82,4,5325,1,125,0
1255,82,4,5410,1,98,0
1256,82,4,5492,1,77,0
1257,82,4,5521,1,67,0
1258,82,4,5603,1,52,0
1259,82,4,5503,1,77,0
1260,82,4,5256,1,135,0
1261,82,4,5379,1,107,0
1262,82,4,5482,1,86,0
1263,82,4,5183,1,183,0
1264,82,4,5311,1,119,0
1265,83,4,5441,1,97,0
1266,83,4,5417,1,97,0
1267,83,4,5475,1,74,0
1268,83,4,5508,1,80,0
1269,83,4,5544,1,65,0
1270,83,4,5479,1,93,0
1271,83,4,5320,1,139,0
1272,83,4,5430,1,94,0
1273,83,4,5245,1,135,0
1274,83,4,5213,1,144,0
1275,83,4,5547,1,62,0
1276,83,4,5578,1,59,0
1277,83,4,5594,1,63,0
1278,83,4,5523,1,73,0
1279,83,4,5278,1,127,0
1280,83,4,5467,1,84,0
1281,83,2,2324,0,1001,0
1282,83,4,5153,1,160,0
1283,83,4,5486,1,73,0
1284,83,4,5332,1,104,0
1285,83,4,5452,1,118,0
1286,83,4,5493,1,89,0
1287,84,4,4787,1,260,0
1288,84,4,5552,1,65,0
1289,84,4,5533,1,78,0
1290,84,4,5640,1,47,0
1291,84,4,5406,1,99,0
1292,84,4,5477,1,81,0
1293,84,4,5344,1,105,0
1294,84,4,5287,1,160,0
1295,84,4,5321,1,151,0
1296,84,4,5202,1,186,0
1297,84,4,5568,1,63,0
1298,84,4,5257,1,135,0
1299,84,4,5390,1,126,0
1300,84,1,1189,0,1001,1
1301,84,4,4901,1,258,0
1302,84,4,5600,1,57,0
1303,84,4,5483,1,87,0
1304,84,4,5563,1,67,0
1305,84,4,5532,1,72,0
1306,85,4,4360,1,406,0
1307,85,4,5304,1,127,0
1308,85,4,5501,1,73,0
1309,85,4,5542,1,81,0
1310,85,4,5438,1,139,0
1311,85,4,5658,1,39,0
1312,85,4,5188,1,159,0
1313,85,4,5615,1,48,0
1314,85,4,5603,1,55,0
1315,85,4,5601,1,54,0
1316,85,4,5580,1,54,0
1317,85,4,5548,1,76,0
1318,85,4,5583,1,63,0
1319,85,4,5488,1,82,0
1320,85,4,5638,1,45,0
1321,85,4,5504,1,87,0
1322,85,4,5477,1,79,0
1323,85,4,5579,1,58,0
1324,85,4,5448,1,121,0
1325,85,4,5599,1,60,0
1326,85,4,5579,1,60,0
1327,85,4,5524,1,80,0
1328,85,4,5578,1,62,0
1329,85,4,5596,1,54,0
1330,85,4,5520,1,82,0
1331,85,4,5389,1,107,0
1332,85,4,5657,1,38,0
1333,85,4,5657,1,37,0
1334,85,4,5632,1,45,0
1335,85,4,5525,1,99,0
1336,85,4,5615,1,57,0
1337,85,4,5587,1,57,0
1338,85,4,5571,1,60,0
1339,85,4,5592,1,56,0
1340,85,4,5293,1,110,0
1341,85,4,5637,1,45,0
1342,85,4,5645,1,44,0
1343,85,4,5405,1,110,0
1344,85,4,5599,1,54,0
1345,85,4,4984,1,165,0
1346,85,4,5645,1,43,0
1347,85,4,5609,1,57,0
1348,85,4,5497,1,98,0
1349,86,4,5516,1,87,0
1350,86,4,5152,1,175,0
1351,86,4,5517,1,77,0
1352,86,4,5558,1,67,0
1353,86,4,5488,1,93,0
1354,86,4,5470,1,122,0
1355,86,4,5569,1,64,0
1356,86,4,5444,1,124,0
1357,86,4,5628,1,44,0
1358,86,4,4339,1,719,0
1359,86,4,5464,1,93,0
1360,86,4,5640,1,44,0
1361,86,4,5483,1,78,0
1362,86,4,5560,1,62,0
1363,86,4,5615,1,48,0
1364,86,4,5535,1,68,0
1365,86,4,5468,1,110,0
1366,86,4,5465,1,106,0
1367,86,4,5463,1,97,0
1368,86,4,5449,1,108,0
1369,86,4,5225,1,184,0
1370,86,4,5397,1,102,0
1371,86,4,5570,1,70,0
1372,86,4,5207,1,180,0
1373,86,4,5593,1,55,0
1374,86,4,5513,1,71,0
1375,87,2,2364,0,1001,0
1376,87,4,5392,1,118,0
1377,87,4,5371,1,111,0
1378,87,4,5561,1,61,0
1379,87,4,5528,1,80,0
1380,87,4,5470,1,76,0
1381,87,4,5651,1,41,0
1382,87,4,5622,1,48,0
1383,87,4,5606,1,53,0
1384,87,4,5497,1,87,0
1385,87,4,5550,1,70,0
1386,87,4,5442,1,101,0
1387,87,4,5478,1,86,0
1388,87,4,5427,1,113,0
1389,87,4,5566,1,65,0
1390,87,4,5190,1,198,0
1391,87,4,5365,1,125,0
1392,87,4,5585,1,59,0
1393,87,4,5479,1,97,0
1394,87,4,5531,1,73,0
1395,87,4,5521,1,76,0
1396,87,4,5263,1,170,0
1397,87,4,5223,1,185,0
1398,87,4,5021,1,259,0
1399,88,4,5400,1,104,0
1400,88,2,2469,0,1001,1
1401,88,4,5124,1,221,0
1402,88,4,5180,1,202,0
1403,88,4,5640,1,48,0
1404,88,4,5597,1,56,0
1405,88,4,5564,1,67,0
1406,88,4,5548,1,72,0
1407,88,4,5497,1,88,0
1408,88,4,5553,1,71,0
1409,88,4,5497,1,79,0
1410,88,4,5603,1,61,0
1411,88,4,5547,1,66,0
1412,88,4,5362,1,124,0
1413,88,4,5570,1,65,0
1414,88,4,5562,1,63,0
1415,88,4,5584,1,61,0
1416,88,4,5596,1,57,0
1417,88,4,5180,1,197,0
1418,88,4,5640,1,41,0
1419,88,4,5385,1,88,0
1420,88,4,5557,1,62,0
1421,88,4,5576,1,61,0
1422,88,4,5559,1,59,0
1423,88,4,5582,1,61,0
1424,88,4,5606,1,53,0
1425,88,4,5568,1,65,0
1426,88,4,5652,1,39,0
1427,89,4,5572,1,63,0
1428,89,4,5563,1,65,0
1429,89,4,5586,1,55,0
1430,89,4,5588,1,57,0
1431,89,4,5509,1,77,0
1432,89,4,4942,1,201,0
1433,89,4,5502,1,86,0
1434,89,4,5351,1,128,0
1435,89,4,5289,1,147,0
1436,89,4,5525,1,82,0
1437,89,4,5608,1,51,0
1438,89,4,5214,1,183,0
1439,89,4,5385,1,133,0
1440,89,4,5530,1,77,0
1441,89,4,5258,1,171,0
1442,89,4,5407,1,117,0
1443,89,4,5481,1,92,0
1444,89,4,5532,1,94,0
1445,89,4,5422,1,118,0
1446,89,4,5549,1,65,0
1447,89,4,5404,1,114,0
1448,89,4,5304,1,123,0
1449,89,4,5246,1,164,0
1450,89,4,5544,1,69,0
1451,89,4,5568,1,66,0
1452,89,4,5638,1,44,0
1453,89,4,5531,1,76,0
1454,89,4,5533,1,68,0
1455,89,4,5578,1,62,0
1456,89,4,5575,1,61,0
1457,89,4,5350,1,120,0
1458,89,4,5587,1,59,0
1459,90,4,5235,1,198,0
1460,90,3,3459,0,1001,0
1461,90,4,5549,1,70,0
1462,90,4,5385,1,123,0
1463,90,4,5651,1,42,0
1464,90,4,5421,1,110,0
1465,90,4,5402,1,116,0
1466,90,4,5247,1,135,0
1467,90,4,5515,1,76,0
1468,90,4,5201,1,162,0
1469,90,4,5314,1,145,0
1470,90,4,5415,1,103,0
1471,90,4,5287,1,164,0
1472,90,4,5427,1,103,0
1473,90,4,5634,1,45,0
1474,90,4,4988,1,220,0
1475,90,4,5595,1,61,0
1476,90,4,5631,1,43,0
1477,90,4,5579,1,61,0
1478,90,4,5543,1,70,0
1479,90,4,5151,1,165,0
1480,90,4,5427,1,114,0
1481,91,4,5566,1,60,0
1482,91,4,5490,1,85,0
1483,91,4,5429,1,124,0
1484,91,4,5566,1,68,0
1485,91,4,5587,1,65,0
1486,91,4,5581,1,53,0
1487,91,4,5464,1,93,0
1488,91,4,5587,1,55,0
1489,91,4,5527,1,67,0
1490,91,4,5521,1,82,0
1491,91,4,5645,1,43,0
1492,91,4,5443,1,86,0
1493,91,4,5426,1,97,0
1494,91,4,4790,1,224,0
1495,91,4,5635,1,45,0
1496,91,4,5535,1,88,0
1497,91,4,5555,1,63,0
1498,91,4,5572,1,60,0
1499,91,4,5461,1,110,0
1500,91,1,1189,0,1001,1
1501,91,4,5605,1,48,0
1502,91,4,5338,1,133,0
1503,91,4,5630,1,44,0
1504,91,4,5608,1,51,0
1505,91,4,5454,1,87,0
1506,91,4,5232,1,155,0
1507,91,4,5367,1,154,0
1508,92,4,5459,1,84,0
1509,92,4,5519,1,97,0
1510,92,4,5528,1,69,0
1511,92,4,5273,1,137,0
1512,92,4,5363,1,157,0
1513,92,4,5522,1,76,0
1514,92,4,4912,1,283,0
1515,92,4,5472,1,91,0
1516,92,4,5520,1,81,0
1517,92,4,5590,1,53,0
1518,92,4,5121,1,197,0
1519,92,4,5506,1,77,0
1520,92,4,5551,1,72,0
1521,92,4,5457,1,117,0
1522,92,4,5451,1,100,0
1523,92,4,5476,1,82,0
1524,92,4,5475,1,83,0
1525,92,4,5552,1,67,0
1526,92,4,5427,1,92,0
1527,92,4,5528,1,70,0
1528,92,4,5566,1,61,0
1529,92,4,5539,1,73,0
1530,92,4,5428,1,128,0
1531,92,4,5364,1,166,0
1532,92,4,5320,1,126,0
1533,92,4,5270,1,201,0
1534,93,2,2349,0,1001,0
1535,93,4,5183,1,210,0
1536,93,4,5319,1,112,0
1537,93,4,5558,1,66,0
1538,93,4,5211,1,154,0
1539,93,4,5489,1,86,0
1540,93,4,5472,1,105,0
1541,93,4,5602,1,55,0
1542,93,4,5597,1,56,0
1543,93,4,5334,1,133,0
1544,93,4,5452,1,75,0
1545,93,4,5346,1,117,0
1546,93,4,5272,1,162,0
1547,93,4,5570,1,57,0
1548,93,4,5420,1,87,0
1549,93,4,5489,1,97,0
1550,93,4,5611,1,53,0
1551,93,4,5275,1,149,0
1552,93,4,5235,1,142,0
1553,93,4,5461,1,75,0
1554,93,4,5054,1,199,0
1555,93,4,4867,1,224,0
1556,93,4,5577,1,55,0
1557,94,4,5104,1,150,0
1558,94,4,5262,1,127,0
1559,94,4,5227,1,130,0
1560,94,4,5011,1,173,0
1561,94,4,5340,1,111,0
1562,94,4,5365,1,137,0
1563,94,4,4339,1,318,0
1564,94,4,5050,1,157,0
1565,94,4,5471,1,83,0
1566,94,4,5568,1,64,0
1567,94,4,4538,1,292,0
1568,94,4,5641,1,43,0
1569,94,4,5115,1,146,0
1570,94,4,5030,1,173,0
1571,94,4,5200,1,131,0
1572,94,4,5369,1,97,0
1573,94,4,5379,1,110,0
1574,94,4,3623,1,510,0
1575,94,4,5510,1,71,0
1576,94,4,5116,1,147,0
1577,95,4,5234,1,141,0
1578,95,4,5532,1,69,0
1579,95,4,5334,1,177,0
1580,95,4,5070,1,150,0
1581,95,4,4808,1,206,0
1582,95,4,4242,1,342,0
1583,95,4,5406,1,100,0
1584,95,4,5462,1,91,0
1585,95,4,5261,1,126,0
1586,95,4,5350,1,99,0
1587,95,4,4934,1,197,0
1588,95,4,5028,1,181,0
1589,95,4,5153,1,154,0
1590,95,4,5308,1,113,0
1591,95,4,5667,1,38,0
1592,95,4,5490,1,73,0
1593,95,4,5582,1,57,0
1594,95,4,5145,1,193,0
1595,95,4,5471,1,87,0
1596,95,4,5363,1,107,0
1597,95,4,5357,1,134,0
1598,95,4,5435,1,86,0
1599,95,4,5418,1,93,0
1600,96,0,99,0,1001,1
1601,96,4,5068,1,162,0
1602,96,4,5453,1,83,0
1603,96,4,5313,1,123,0
1604,96,4,5531,1,65,0
1605,96,4,5032,1,187,0
1606,96,4,5377,1,110,0
1607,96,4,5243,1,137,0
1608,96,4,5382,1,96,0
1609,96,4,5393,1,102,0
1610,96,3,3163,0,1001,0
1611,96,4,5406,1,86,0
1612,96,4,5179,1,131,0
1613,96,4,5317,1,138,0
1614,96,4,5511,1,77,0
1615,97,4,5552,1,60,0
1616,97,4,5453,1,98,0
1617,97,4,5468,1,86,0
1618,97,4,5619,1,51,0
1619,97,4,5113,1,188,0
1620,97,4,5536,1,69,0
1621,97,4,5065,1,154,0
1622,97,4,5309,1,107,0
1623,97,4,5525,1,65,0
1624,97,4,5438,1,82,0
1625,97,4,5164,1,135,0
1626,97,4,5399,1,90,0
1627,97,4,5104,1,184,0
1628,97,4,5401,1,91,0
1629,97,4,5284,1,109,0
1630,97,4,5159,1,135,0
1631,97,4,5529,1,66,0
1632,97,4,5330,1,109,0
1633,97,4,5297,1,162,0
1634,97,4,5079,1,150,0
1635,97,4,5611,1,50,0
1636,97,4,5608,1,51,0
1637,97,4,5532,1,93,0
1638,97,4,5589,1,55,0
1639,97,4,5292,1,206,0
1640,97,4,5580,1,70,0
1641,97,4,5104,1,219,0
1642,97,4,5575,1,57,0
1643,97,4,5566,1,62,0
1644,97,4,5506,1,79,0
1645,97,4,5594,1,51,0
1646,98,4,5557,1,57,0
1647,98,4,5627,1,44,0
1648,98,4,5574,1,55,0
1649,98,4,5584,1,54,0
1650,98,4,5607,1,59,0
1651,98,4,5590,1,55,0
1652,98,4,5608,1,51,0
1653,98,4,5649,1,40,0
1654,98,3,3281,0,1001,0
1655,98,3,3075,0,1001,0
1656,98,4,5525,1,67,0
1657,98,4,5529,1,69,0
1658,98,4,5340,1,105,0
1659,98,4,5261,1,140,0
1660,98,4,5352,1,167,0
1661,98,4,5471,1,89,0
1662,98,4,5497,1,104,0
1663,99,4,5335,1,129,0
1664,99,3,3314,0,1001,0
1665,99,4,5331,1,123,0
1666,99,4,5374,1,118,0
1667,99,4,5382,1,164,0
1668,99,4,5312,1,112,0
1669,99,4,5472,1,79,0
1670,99,4,5558,1,63,0
1671,99,4,5421,1,85,0
1672,99,4,5624,1,45,0
1673,99,4,5480,1,78,0
1674,99,4,5394,1,102,0
1675,99,4,5542,1,66,0
1676,99,4,5536,1,64,0
1677,100,3,3088,0,1001,0
1678,100,4,5451,1,114,0
1679,100,4,5510,1,78,0
1680,100,4,5570,1,58,0
1681,100,4,5453,1,79,0
1682,100,4,5465,1,82,0
1683,100,4,5504,1,75,0
1684,100,4,5577,1,57,0
1685,100,4,5508,1,72,0
1686,100,4,5454,1,103,0
1687,100,4,5503,1,77,0
1688,100,4,5564,1,59,0
1689,100,4,5497,1,77,0
1690,100,4,5458,1,81,0
1691,100,4,5315,1,120,0
1692,100,4,5535,1,69,0
1693,100,4,5386,1,96,0
1694,100,4,5507,1,72,0
1695,100,4,4899,1,264,0
1696,100,4,5515,1,75,0
1697,100,4,5460,1,90,0
1698,100,4,5591,1,56,0
1699,100,4,5513,1,69,0
1700,100,0,99,0,1001,1
1701,100,4,5371,1,101,0
1702,100,4,5457,1,103,0
1703,100,4,5484,1,79,0
1704,101,4,5333,1,114,0
1705,101,4,5448,1,106,0
1706,101,4,5389,1,103,0
1707,101,4,5378,1,105,0
1708,101,4,5632,1,53,0
1709,101,4,5378,1,100,0
1710,101,4,5381,1,147,0
1711,101,4,5631,1,50,0
1712,101,4,5246,1,139,0
1713,101,4,5532,1,95,0
1714,101,4,5000,1,220,0
1715,101,4,5397,1,98,0
1716,101,4,5547,1,65,0
1717,101,4,5484,1,80,0
1718,101,4,5492,1,95,0
1719,101,4,5581,1,70,0
1720,101,4,5510,1,85,0
1721,101,4,5414,1,107,0
1722,101,4,5032,1,190,0
1723,101,4,5275,1,129,0
1724,101,4,5131,1,163,0
1725,101,4,5451,1,102,0
1726,101,4,5183,1,189,0
1727,101,4,5065,1,188,0
1728,101,4,4562,1,280,0
1729,101,4,5281,1,120,0
1730,102,4,5315,1,125,0
1731,102,4,5358,1,103,0
1732,102,4,5216,1,155,0
1733,102,4,5145,1,164,0
1734,102,4,5174,1,140,0
1735,102,4,4755,1,270,0
1736,102,4,4862,1,216,0
1737,102,4,4471,1,329,0
1738,102,4,3596,1,519,0
1739,102,4,4233,1,360,0
1740,103,2,2234,0,1001,0
1741,103,2,1314,0,1001,0
1742,103,4,4463,1,312,0
1743,103,4,4884,1,301,0
1744,103,4,4280,1,340,0
1745,103,4,4889,1,240,0
1746,103,4,5479,1,77,0
1747,103,4,3912,1,431,0
1748,103,4,5509,1,76,0
1749,103,4,5257,1,121,0
1750,104,4,4988,1,217,0
1751,104,4,4195,1,354,0
1752,104,4,4524,1,343,0
1753,104,4,5312,1,114,0
1754,104,4,4817,1,233,0
1755,104,4,5086,1,153,0
1756,104,4,5365,1,96,0
1757,104,4,4766,1,231,0
1758,104,4,5152,1,144,0
1759,104,4,3730,1,477,0
1760,104,4,5299,1,108,0
1761,104,4,5303,1,110,0
1762,104,4,4666,1,281,0
1763,104,4,4482,1,287,0
1764,104,4,5254,1,123,0
1765,105,4,4407,1,302,0
1766,105,4,3387,1,582,0
1767,105,4,5191,1,133,0
1768,105,4,5534,1,65,0
1769,105,4,5016,1,172,0
1770,105,4,5475,1,77,0
1771,105,4,4884,1,202,0
1772,105,4,4662,1,427,0
1773,105,4,5409,1,95,0
1774,105,4,5348,1,114,0
1775,105,4,5369,1,106,0
1776,105,4,4970,1,201,0
1777,105,4,3645,1,592,0
1778,105,4,5471,1,78,0
1779,106,4,5146,1,221,0
1780,106,4,4928,1,206,0
1781,106,4,4924,1,187,0
1782,106,4,4117,1,461,0
1783,106,4,5073,1,203,0
1784,106,4,5319,1,123,0
1785,106,4,5449,1,94,0
1786,106,4,5375,1,152,0
1787,106,4,4812,1,363,0
1788,106,4,4703,1,421,0
1789,106,4,5334,1,116,0
1790,106,4,5068,1,161,0
1791,106,4,5199,1,155,0
1792,106,4,5041,1,211,0
1793,106,4,5319,1,138,0
1794,107,4,4959,1,224,0
1795,107,4,5083,1,186,0
1796,107,4,4756,1,243,0
1797,107,4,5277,1,126,0
1798,107,4,5062,1,163,0
1799,107,4,5285,1,114,0
1800,107,0,99,0,1001,1
1801,107,4,5287,1,135,0
1802,107,4,5063,1,187,0
1803,107,4,5079,1,185,0
1804,107,4,5278,1,143,0
1805,107,4,5084,1,171,0
1806,108,2,2249,0,1001,0
1807,108,4,5014,1,223,0
1808,108,4,5136,1,181,0
1809,108,4,5364,1,116,0
1810,108,4,5253,1,140,0
1811,108,4,4700,1,294,0
1812,108,4,5210,1,146,0
1813,108,4,4598,1,312,0
1814,108,4,4704,1,296,0
1815,108,4,5100,1,203,0
1816,108,4,4314,1,341,0
1817,108,4,5184,1,152,0
1818,109,4,5224,1,163,0
1819,109,4,4879,1,276,0
1820,109,4,5060,1,196,0
1821,109,4,5297,1,132,0
1822,109,4,5301,1,124,0
1823,109,4,5327,1,115,0
1824,109,4,4681,1,268,0
1825,109,4,4786,1,266,0
1826,109,4,4630,1,289,0
1827,109,4,5328,1,114,0
1828,109,4,5256,1,136,0
1829,109,4,5001,1,193,0
1830,109,4,5498,1,93,0
1831,110,2,2246,0,1001,0
1832,110,4,4059,1,436,0
1833,110,4,4198,1,380,0
1834,110,4,5031,1,192,0
1835,110,4,4624,1,296,0
1836,110,4,5459,1,86,0
1837,110,4,5183,1,168,0
1838,110,4,5283,1,122,0
1839,110,4,5189,1,190,0
1840,110,4,4164,1,428,0
1841,110,4,4577,1,366,0
1842,110,4,4443,1,380,0
1843,111,3,3126,0,1001,0
1844,111,4,4499,1,306,0
1845,111,4,5245,1,157,0
1846,111,4,5514,1,78,0
1847,111,4,5394,1,118,0
1848,111,2,2279,0,1001,0
1849,112,2,2195,0,1001,0
1850,112,4,5055,1,235,0
1851,112,4,4986,1,236,0
1852,112,4,5403,1,106,0
1853,112,4,5201,1,156,0
1854,112,4,4953,1,245,0
1855,112,4,5326,1,121,0
1856,112,4,4095,1,792,0
1857,112,4,5454,1,93,0
1858,112,4,4406,1,370,0
1859,112,4,5181,1,178,0
1860,112,4,5508,1,75,0
1861,112,4,5522,1,74,0
1862,113,4,5418,1,107,0
1863,113,4,5358,1,111,0
1864,113,4,5553,1,75,0
1865,113,4,5357,1,117,0
1866,113,4,5240,1,150,0
1867,113,4,5184,1,159,0
1868,113,4,4960,1,229,0
1869,113,4,3615,1,661,0
1870,113,4,4791,1,285,0
1871,113,4,5268,1,155,0
1872,113,4,5435,1,92,0
1873,113,4,4818,1,251,0
1874,113,4,4870,1,248,0
1875,113,4,4926,1,217,0
1876,113,4,5186,1,170,0
1877,113,4,5079,1,241,0
1878,114,4,5521,1,98,0
1879,114,4,5535,1,72,0
1880,114,4,4696,1,329,0
1881,114,4,5371,1,111,0
1882,114,4,5321,1,130,0
1883,114,4,5274,1,133,0
1884,114,4,5268,1,138,0
1885,114,4,4627,1,345,0
1886,114,4,5241,1,139,0
1887,114,4,5528,1,81,0
1888,114,4,5411,1,100,0
1889,114,4,5199,1,151,0
1890,114,4,5367,1,109,0
1891,114,4,4903,1,269,0
1892,114,4,5187,1,159,0
1893,114,4,5400,1,100,0
1894,114,4,4990,1,216,0
1895,114,4,5353,1,125,0
1896,114,4,5182,1,160,0
1897,114,4,5222,1,154,0
1898,115,4,5029,1,198,0
1899,115,4,5232,1,168,0
1900,115,1,1189,0,1001,1
1901,115,4,5513,1,74,0
1902,115,4,5351,1,130,0
1903,115,4,4873,1,230,0
1904,115,4,5305,1,130,0
1905,115,4,5290,1,145,0
1906,115,4,5393,1,122,0
1907,115,4,5543,1,73,0
1908,115,4,4898,1,239,0
1909,115,4,4705,1,279,0
1910,115,4,5112,1,207,0
1911,115,4,5520,1,80,0
1912,116,4,3931,1,569,0
1913,116,4,4640,1,331,0
1914,116,4,5161,1,168,0
1915,116,4,5547,1,68,0
1916,116,4,4540,1,313,0
1917,116,4,4354,1,369,0
1918,116,4,5385,1,105,0
1919,116,4,5471,1,101,0
1920,116,4,5532,1,80,0
1921,116,4,5353,1,108,0
1922,116,4,5372,1,107,0
1923,116,4,4991,1,211,0
1924,116,4,5294,1,127,0
1925,116,4,5306,1,129,0
1926,116,4,4270,1,403,0
1927,117,4,4761,1,267,0
1928,117,4,4206,1,379,0
1929,117,4,5302,1,110,0
1930,117,4,5007,1,192,0
1931,117,4,4465,1,364,0
1932,117,4,4695,1,237,0
1933,117,4,5137,1,209,0
1934,117,4,5388,1,102,0
1935,117,4,5258,1,157,0
1936,117,4,5429,1,107,0
1937,117,4,5421,1,91,0
1938,117,4,5586,1,57,0
1939,117,4,5398,1,100,0
1940,117,4,5487,1,81,0
1941,117,4,5514,1,81,0
1942,117,4,5519,1,67,0
1943,117,4,5384,1,125,0
1944,117,4,5543,1,65,0
1945,117,4,5323,1,125,0
1946,117,4,5439,1,91,0
1947,117,4,5285,1,120,0
1948,117,4,5458,1,88,0
1949,117,4,5249,1,141,0
1950,118,4,4732,1,263,0
1951,118,4,4664,1,290,0
1952,118,4,5575,1,60,0
1953,118,4,5409,1,96,0
1954,118,4,5509,1,78,0
1955,118,4,5203,1,139,0
1956,118,4,5449,1,81,0
1957,118,4,4840,1,212,0
1958,118,4,4893,1,242,0
1959,118,4,5012,1,169,0
1960,118,4,4886,1,228,0
1961,118,4,4743,1,282,0
1962,118,4,4716,1,237,0
1963,118,4,5002,1,171,0
1964,118,4,5304,1,108,0
1965,118,4,5544,1,64,0
1966,118,4,5529,1,74,0
1967,118,4,4934,1,282,0
1968,118,4,5278,1,182,0
1969,119,4,4572,1,260,0
1970,119,4,4117,1,382,0
1971,119,4,3744,1,494,0
1972,119,4,5065,1,166,0
1973,119,4,5220,1,142,0
1974,119,4,5298,1,133,0
1975,119,4,4887,1,248,0
1976,119,4,5422,1,101,0
1977,119,4,4817,1,273,0
1978,119,4,4995,1,185,0
1979,119,4,5008,1,172,0
1980,119,4,4663,1,256,0
1981,119,4,5233,1,130,0
1982,119,4,5040,1,220,0
1983,120,4,4609,1,323,0
1984,120,4,5291,1,143,0
1985,120,4,4347,1,385,0
1986,120,4,5252,1,154,0
1987,120,4,4900,1,243,0
1988,120,4,5166,1,199,0
1989,120,4,5335,1,110,0
1990,120,4,5523,1,73,0
1991,120,4,5448,1,92,0
1992,120,4,5343,1,116,0
1993,120,4,4950,1,274,0
1994,120,4,5292,1,136,0
1995,120,4,5515,1,70,0
1996,120,4,4998,1,220,0
1997,120,4,5186,1,173,0
1998,120,4,4987,1,179,0
1999,120,4,4787,1,226,0
2000,121,0,0,0,1001,1
2001,121,4,4214,1,344,0
2002,121,4,4747,1,229,0
2003,121,4,4304,1,326,0
2004,121,4,5433,1,88,0
2005,121,3,3328,0,1001,0
2006,121,4,4806,1,227,0
2007,121,4,5457,1,81,0
2008,122,4,5482,1,81,0
2009,122,4,5296,1,137,0
2010,122,4,5513,1,76,0
2011,122,4,5437,1,99,0
2012,122,4,5018,1,164,0
2013,122,4,5520,1,71,0
2014,122,4,5414,1,95,0
2015,122,4,4429,1,302,0
2016,122,4,5510,1,77,0
2017,122,4,4841,1,200,0
2018,122,4,5320,1,142,0
2019,122,4,5281,1,122,0
2020,122,4,5136,1,156,0
2021,122,4,5526,1,73,0
2022,122,4,4986,1,216,0
2023,122,4,5080,1,152,0
2024,122,2,2251,0,1001,0
2025,123,4,5463,1,90,0
2026,123,4,4391,1,451,0
2027,123,4,5083,1,156,0
2028,123,4,5294,1,113,0
2029,123,4,4611,1,289,0
2030,123,4,5297,1,117,0
2031,123,4,5438,1,88,0
2032,123,4,5323,1,115,0
2033,123,4,5215,1,146,0
2034,123,4,4151,1,395,0
2035,123,4,4785,1,241,0
2036,123,4,4734,1,232,0
2037,123,4,4288,1,351,0
2038,123,4,4953,1,188,0
2039,123,4,5414,1,100,0
2040,123,4,5318,1,127,0
2041,123,4,5469,1,81,0
2042,124,4,4722,1,262,0
2043,124,4,5143,1,150,0
2044,124,4,5080,1,164,0
2045,124,4,5062,1,158,0
2046,124,4,5363,1,108,0
2047,124,4,4805,1,250,0
2048,124,4,4148,1,392,0
2049,124,4,4385,1,331,0
2050,124,4,5421,1,101,0
2051,124,4,5433,1,110,0
2052,124,4,5403,1,113,0
2053,124,4,5239,1,176,0
2054,124,4,5278,1,120,0
2055,124,4,4913,1,200,0
2056,124,4,5512,1,81,0
2057,124,4,5110,1,189,0
2058,124,4,5420,1,101,0
2059,124,4,5286,1,147,0
2060,125,4,5249,1,129,0
2061,125,4,5004,1,177,0
2062,125,4,5223,1,148,0
2063,125,4,4248,1,385,0
2064,125,4,5240,1,181,0
2065,125,4,5289,1,153,0
2066,125,4,5412,1,90,0
2067,125,4,5553,1,62,0
2068,125,3,3374,0,1001,0
2069,125,4,5208,1,156,0
2070,125,4,5611,1,48,0
2071,125,4,5480,1,88,0
2072,125,4,5446,1,94,0
2073,125,4,5293,1,123,0
2074,125,4,4767,1,250,0
2075,125,4,5519,1,69,0
2076,126,4,5351,1,112,0
2077,126,4,5167,1,157,0
2078,126,4,5226,1,128,0
2079,126,4,5275,1,115,0
2080,126,4,5240,1,128,0
2081,126,4,5372,1,103,0
2082,126,4,5373,1,99,0
2083,126,4,5319,1,105,0
2084,126,4,4719,1,232,0
2085,126,4,5193,1,134,0
2086,126,4,4884,1,230,0
2087,126,4,5468,1,93,0
2088,126,4,5500,1,71,0
2089,126,4,5149,1,144,0
2090,126,4,5313,1,114,0
2091,126,4,5281,1,118,0
2092,126,4,5465,1,79,0
2093,126,4,5321,1,114,0
2094,126,4,5538,1,66,0
2095,126,4,5432,1,84,0
2096,126,4,5483,1,80,0
2097,126,4,5463,1,82,0
2098,126,4,5391,1,92,0
2099,126,4,5479,1,78,0
2100,127,0,0,0,1001,1
2101,127,4,5576,1,58,0
2102,127,4,5549,1,70,0
2103,127,4,5489,1,74,0
2104,127,4,5529,1,69,0
2105,127,4,5045,1,241,0
2106,127,4,5418,1,95,0
2107,127,4,5450,1,80,0
2108,127,4,5429,1,88,0
2109,127,4,5315,1,114,0
2110,127,4,5570,1,61,0
2111,127,4,5294,1,143,0
2112,127,4,5344,1,115,0
2113,127,4,5329,1,158,0
2114,127,4,5485,1,83,0
2115,127,4,5091,1,184,0
2116,127,4,5357,1,101,0
2117,127,4,5262,1,144,0
2118,127,4,4701,1,295,0
2119,127,4,5307,1,133,0
2120,127,4,5081,1,182,0
2121,127,4,4912,1,236,0
2122,128,4,4826,1,261,0
2123,128,4,4991,1,225,0
2124,128,4,5177,1,152,0
2125,128,4,5335,1,127,0
2126,128,4,5274,1,136,0
2127,128,4,4581,1,358,0
2128,128,4,4759,1,292,0
2129,128,4,4999,1,181,0
2130,128,4,5346,1,114,0
2131,128,4,5124,1,184,0
2132,128,3,3438,0,1001,0
2133,128,4,5433,1,85,0
2134,128,4,5434,1,89,0
2135,129,4,5312,1,129,0
2136,129,4,5327,1,109,0
2137,129,4,5357,1,106,0
2138,129,4,4596,1,352,0
2139,129,4,5256,1,137,0
2140,129,4,5311,1,122,0
2141,129,4,5368,1,126,0
2142,129,4,5364,1,107,0
2143,129,4,5298,1,121,0
2144,129,4,5440,1,86,0
2145,129,4,5251,1,122,0
2146,129,4,4366,1,510,0
2147,129,4,5152,1,142,0
2148,129,4,5137,1,161,0
2149,129,4,5139,1,145,0
2150,129,4,4851,1,272,0
2151,129,4,5319,1,116,0
2152,129,4,5330,1,115,0
2153,129,4,5325,1,149,0
2154,130,4,5394,1,100,0
2155,130,4,5364,1,99,0
2156,130,4,5215,1,142,0
2157,130,4,4455,1,337,0
2158,130,4,5178,1,154,0
2159,130,4,5490,1,71,0
2160,130,4,5118,1,177,0
2161,130,4,5563,1,59,0
2162,130,4,4898,1,219,0
2163,130,4,5200,1,149,0
2164,130,4,5400,1,120,0
2165,130,4,5319,1,115,0
2166,130,4,4700,1,262,0
2167,130,4,5290,1,112,0
2168,130,4,5256,1,128,0
2169,130,4,4792,1,212,0
2170,130,4,5406,1,129,0
2171,130,4,5383,1,95,0
2172,130,4,5275,1,110,0
2173,130,4,5520,1,70,0
2174,130,4,5333,1,110,0
2175,130,4,5301,1,138,0
2176,131,4,4819,1,286,0
2177,131,4,5438,1,81,0
2178,131,4,5449,1,89,0
2179,131,4,5142,1,148,0
2180,131,4,5438,1,93,0
2181,131,4,5472,1,80,0
2182,131,4,5293,1,159,0
2183,131,4,5379,1,102,0
2184,131,4,5463,1,89,0
2185,131,4,5425,1,112,0
2186,131,4,5372,1,97,0
2187,131,4,5459,1,85,0
2188,131,4,5441,1,87,0
2189,131,4,5284,1,116,0
2190,131,4,5154,1,141,0
2191,131,4,5155,1,160,0
2192,131,4,5371,1,133,0
2193,131,4,4838,1,221,0
2194,131,4,5049,1,171,0
2195,131,4,5093,1,167,0
2196,131,4,5259,1,127,0
2197,131,4,5176,1,160,0
2198,131,4,5068,1,165,0
2199,131,4,5445,1,80,0
2200,132,0,0,0,1001,1
2201,132,4,4868,1,195,0
2202,132,4,4905,1,189,0
2203,132,4,4948,1,181,0
2204,132,4,5414,1,86,0
2205,132,4,4980,1,190,0
2206,132,4,5370,1,96,0
2207,132,4,4969,1,187,0
2208,132,4,5340,1,113,0
2209,132,4,5362,1,104,0
2210,132,4,5388,1,105,0
2211,132,4,5290,1,122,0
2212,132,4,5382,1,120,0
2213,132,4,5299,1,181,0
2214,132,4,4863,1,245,0
2215,132,4,5256,1,132,0
2216,132,4,5546,1,64,0
2217,132,4,5445,1,94,0
2218,132,4,5558,1,59,0
2219,133,4,5250,1,133,0
2220,133,4,4752,1,221,0
2221,133,4,5379,1,103,0
2222,133,4,5126,1,161,0
2223,133,4,5530,1,71,0
2224,133,4,5542,1,68,0
2225,133,4,5460,1,83,0
2226,133,4,5332,1,109,0
2227,133,4,5463,1,85,0
2228,133,4,5109,1,177,0
2229,133,4,5252,1,162,0
2230,133,4,5543,1,68,0
2231,133,4,5255,1,135,0
2232,133,4,5491,1,74,0
2233,133,4,5326,1,104,0
2234,133,4,5343,1,101,0
2235,133,4,5378,1,111,0
2236,133,4,5545,1,68,0
2237,133,4,5487,1,74,0
2238,133,4,5492,1,78,0
2239,133,4,5429,1,94,0
2240,133,4,5420,1,91,0
2241,133,4,5298,1,116,0
2242,133,4,5426,1,88,0
2243,133,4,5471,1,81,0
2244,133,4,5376,1,105,0
2245,133,4,5407,1,90,0
2246,133,4,5125,1,185,0
2247,133,4,5189,1,172,0
2248,134,4,5423,1,88,0
2249,134,4,5397,1,88,0
2250,134,4,5544,1,63,0
2251,134,4,5373,1,99,0
2252,134,4,5498,1,76,0
2253,134,4,5466,1,79,0
2254,134,4,5229,1,129,0
2255,134,4,5156,1,136,0
2256,134,4,5412,1,91,0
2257,134,4,5276,1,120,0
2258,134,4,5261,1,129,0
2259,134,4,5255,1,141,0
2260,134,4,5198,1,133,0
2261,134,4,5383,1,94,0
2262,134,4,5562,1,57,0
2263,134,4,5397,1,98,0
2264,134,4,5537,1,66,0
2265,134,4,5505,1,72,0
2266,134,4,5519,1,72,0
2267,134,4,5372,1,98,0
2268,134,4,5362,1,109,0
2269,134,4,5422,1,84,0
2270,134,4,5498,1,73,0
2271,134,4,5436,1,91,0
2272,134,4,5493,1,75,0
2273,134,4,5392,1,104,0
2274,134,4,5560,1,59,0
2275,134,4,5446,1,90,0
2276,134,4,5368,1,103,0
2277,134,4,5329,1,125,0
2278,134,4,5599,1,51,0
2279,134,4,5442,1,92,0
2280,134,4,5492,1,84,0
2281,134,4,5445,1,98,0
2282,135,4,5436,1,90,0
2283,135,4,5550,1,63,0
2284,135,4,5476,1,84,0
2285,135,4,5535,1,73,0
2286,135,4,5456,1,101,0
2287,135,4,5542,1,79,0
2288,135,4,5461,1,99,0
2289,135,4,5408,1,95,0
2290,135,4,5619,1,48,0
2291,135,4,5493,1,79,0
2292,135,4,5367,1,127,0
2293,135,4,5486,1,79,0
2294,135,4,5486,1,74,0
2295,135,4,5192,1,176,0
2296,135,4,5548,1,64,0
2297,135,4,5509,1,74,0
2298,135,4,5478,1,82,0
2299,135,4,5417,1,93,0
2300,135,1,1189,0,1001,1
2301,135,4,5339,1,114,0
2302,135,4,5568,1,60,0
2303,135,4,5567,1,60,0
2304,135,4,5474,1,79,0
2305,135,4,5506,1,73,0
2306,135,4,5143,1,169,0
2307,135,4,5454,1,84,0
2308,135,4,5417,1,100,0
2309,136,4,5512,1,76,0
2310,136,4,5528,1,70,0
2311,136,4,5416,1,95,0
2312,136,4,5325,1,125,0
2313,136,4,5561,1,60,0
2314,136,4,5599,1,55,0
2315,136,4,5418,1,94,0
2316,136,4,5498,1,79,0
2317,136,4,5594,1,57,0
2318,136,4,5487,1,79,0
2319,136,4,5595,1,52,0
2320,136,4,5406,1,111,0
2321,136,4,5262,1,131,0
2322,136,4,5535,1,69,0
2323,136,4,5461,1,87,0
2324,136,4,5539,1,66,0
2325,136,4,5437,1,89,0
2326,136,4,5386,1,117,0
2327,136,4,5338,1,132,0
2328,136,4,5514,1,77,0
2329,136,4,5364,1,118,0
2330,136,4,5416,1,100,0
2331,136,4,5439,1,101,0
2332,136,4,5527,1,70,0
2333,136,4,5540,1,69,0
2334,136,4,5581,1,59,0
2335,136,4,5293,1,142,0
2336,136,4,5547,1,68,0
2337,136,4,5338,1,115,0
2338,136,4,5563,1,65,0
2339,136,4,5535,1,66,0
2340,136,4,5442,1,92,0
2341,136,4,5563,1,60,0
2342,136,4,5516,1,72,0
2343,136,4,5539,1,69,0
2344,136,4,5551,1,62,0
2345,136,4,5610,1,51,0
2346,136,4,5360,1,116,0
2347,137,4,5524,1,76,0
2348,137,4,5361,1,123,0
2349,137,4,5320,1,108,0
2350,137,4,5538,1,61,0
2351,137,4,5466,1,85,0
2352,137,4,5618,1,49,0
2353,137,4,5481,1,82,0
2354,137,4,5539,1,66,0
2355,137,4,5582,1,53,0
2356,137,4,5564,1,60,0
2357,137,4,5321,1,116,0
2358,137,4,5498,1,76,0
2359,137,4,5458,1,98,0
2360,137,4,5460,1,79,0
2361,137,4,5214,1,142,0
2362,137,4,5186,1,161,0
2363,137,4,5529,1,69,0
2364,137,4,5592,1,55,0
2365,137,4,5274,1,125,0
2366,137,4,5451,1,86,0
2367,137,4,5219,1,142,0
2368,137,4,5526,1,71,0
2369,137,4,5534,1,67,0
2370,137,4,5491,1,76,0
2371,137,4,5403,1,100,0
2372,137,4,5458,1,84,0
2373,137,4,5516,1,69,0
2374,137,4,5008,1,191,0
2375,137,4,5577,1,60,0
2376,137,4,5553,1,63,0
2377,137,4,5169,1,151,0
2378,137,4,5434,1,84,0
2379,137,4,5567,1,69,0
2380,137,4,5555,1,62,0
2381,137,4,5302,1,125,0
2382,138,4,5333,1,112,0
2383,138,4,5306,1,108,0
2384,138,4,5364,1,111,0
2385,138,4,5388,1,98,0
2386,138,4,5056,1,172,0
2387,138,4,5484,1,84,0
2388,138,4,5430,1,92,0
2389,138,4,5322,1,122,0
2390,138,4,5614,1,48,0
2391,138,4,5386,1,112,0
2392,138,4,5014,1,195,0
2393,138,4,5373,1,108,0
2394,138,4,5568,1,61,0
2395,138,4,5422,1,98,0
2396,138,4,5389,1,107,0
2397,138,4,5475,1,83,0
2398,138,4,5470,1,87,0
2399,138,4,5439,1,86,0
2400,138,1,1189,0,1001,1
2401,138,4,5372,1,108,0
2402,138,4,5140,1,168,0
2403,139,4,4425,1,329,0
2404,139,4,5520,1,72,0
2405,139,4,4894,1,235,0
2406,139,4,5375,1,117,0
2407,139,4,5561,1,61,0
2408,139,4,4962,1,212,0
2409,139,4,5145,1,165,0
2410,139,4,5386,1,103,0
2411,139,4,5053,1,184,0
2412,139,4,5190,1,150,0
2413,139,4,5357,1,115,0
2414,139,4,4899,1,226,0
2415,139,4,5016,1,225,0
2416,139,4,5281,1,119,0
2417,139,4,4456,1,328,0
2418,139,4,5158,1,162,0
2419,139,4,4531,1,274,0
2420,140,2,2120,0,1001,0
2421,140,4,5422,1,107,0
2422,140,4,5600,1,53,0
2423,140,4,5265,1,136,0
2424,140,4,5400,1,104,0
2425,140,4,5443,1,89,0
2426,140,4,5157,1,158,0
2427,140,4,5518,1,82,0
2428,140,4,5312,1,123,0
2429,140,4,5078,1,198,0
2430,140,4,4839,1,246,0
2431,140,4,4976,1,212,0
2432,140,4,5197,1,153,0
2433,140,4,5519,1,69,0
2434,140,4,5465,1,115,0
2435,140,4,5513,1,95,0
2436,140,4,5501,1,81,0
2437,140,4,5421,1,105,0
2438,140,4,5303,1,128,0
2439,140,4,5436,1,91,0
2440,141,4,5169,1,162,0
2441,141,4,5485,1,83,0
2442,141,4,5458,1,86,0
2443,141,4,5314,1,120,0
2444,141,4,5602,1,51,0
2445,141,4,5417,1,113,0
2446,141,4,5533,1,72,0
2447,141,4,4987,1,362,0
2448,141,4,5178,1,221,0
2449,141,4,5285,1,157,0
2450,141,4,5264,1,131,0
2451,141,4,4828,1,247,0
2452,141,4,5312,1,120,0
2453,141,4,5372,1,134,0
2454,141,4,4572,1,340,0
2455,141,4,5059,1,171,0
2456,141,4,4940,1,199,0
2457,141,4,5321,1,111,0
2458,141,4,5250,1,123,0
2459,141,4,5090,1,162,0
2460,142,4,4799,1,247,0
2461,142,4,4423,1,322,0
2462,142,4,4356,1,343,0
2463,142,4,4921,1,238,0
2464,142,4,4153,1,462,0
2465,142,4,3234,1,625,0
2466,142,4,5501,1,79,0
2467,142,4,4627,1,280,0
2468,142,4,5431,1,110,0
2469,142,4,5282,1,159,0
2470,142,4,4812,1,291,0
2471,143,4,5068,1,195,0
2472,143,4,4991,1,206,0
2473,143,4,5417,1,110,0
2474,143,4,4969,1,225,0
2475,143,4,5288,1,167,0
2476,143,4,5368,1,131,0
2477,143,4,5272,1,146,0
2478,143,4,5007,1,265,0
2479,143,4,5442,1,97,0
2480,143,4,4684,1,286,0
2481,143,4,4838,1,246,0
2482,143,4,5530,1,72,0
2483,143,4,5504,1,85,0
2484,143,4,5361,1,119,0
2485,143,4,5473,1,90,0
2486,143,4,5547,1,75,0
2487,143,4,5246,1,124,0
2488,143,4,5342,1,115,0
2489,143,4,4849,1,244,0
2490,143,4,5379,1,117,0
2491,143,4,5327,1,179,0
2492,144,4,5512,1,81,0
2493,144,4,5483,1,90,0
2494,144,4,5434,1,101,0
2495,144,4,5111,1,175,0
2496,144,4,5438,1,94,0
2497,144,4,5210,1,166,0
2498,144,4,5526,1,73,0
2499,144,4,4395,1,340,0
2500,144,0,0,0,1001,1
2501,144,4,5189,1,144,0
2502,144,4,5435,1,99,0
2503,144,4,5094,1,170,0
2504,144,4,5105,1,187,0
2505,144,4,5158,1,156,0
2506,144,4,5150,1,147,0
2507,144,4,5212,1,181,0
2508,145,4,5427,1,94,0
2509,145,4,5416,1,92,0
2510,145,4,5236,1,131,0
2511,145,4,4823,1,219,0
2512,145,4,4977,1,208,0
2513,145,4,5531,1,81,0
2514,145,4,5512,1,72,0
2515,145,4,5611,1,54,0
2516,145,2,2361,0,1001,0
2517,145,4,5520,1,77,0
2518,145,4,5015,1,175,0
2519,145,4,5616,1,51,0
2520,145,4,5395,1,109,0
2521,145,4,5160,1,163,0
2522,145,4,5603,1,53,0
2523,145,4,5388,1,107,0
2524,145,4,5624,1,48,0
2525,145,4,5287,1,162,0
2526,145,4,5430,1,96,0
2527,145,4,5544,1,68,0
2528,145,4,5414,1,98,0
2529,145,4,5341,1,109,0
2530,146,4,5592,1,57,0
2531,146,4,5265,1,136,0
2532,146,4,5352,1,120,0
2533,146,4,5345,1,128,0
2534,146,4,5561,1,61,0
2535,146,4,5488,1,78,0
2536,146,4,5089,1,184,0
2537,146,4,5067,1,185,0
2538,146,4,5497,1,81,0
2539,146,4,5494,1,80,0
2540,146,4,5534,1,77,0
2541,146,4,5368,1,113,0
2542,146,4,5574,1,66,0
2543,146,4,5447,1,105,0
2544,146,4,5095,1,176,0
2545,146,4,5517,1,75,0
2546,146,4,5329,1,126,0
2547,146,4,5445,1,92,0
2548,146,4,5570,1,61,0
2549,146,4,5506,1,78,0
2550,146,4,5178,1,155,0
2551,146,4,5488,1,85,0
2552,146,4,5507,1,74,0
2553,146,4,5396,1,120,0
2554,146,4,5187,1,172,0
2555,146,4,5560,1,65,0
2556,146,4,5378,1,106,0
2557,146,4,5560,1,68,0
2558,146,4,5581,1,58,0
2559,146,4,5529,1,69,0
2560,146,4,5470,1,89,0
2561,146,4,5527,1,70,0
2562,147,4,5583,1,60,0
2563,147,4,5558,1,69,0
2564,147,4,5378,1,152,0
2565,147,4,5150,1,208,0
2566,147,4,5473,1,97,0
2567,147,4,5345,1,141,0
2568,147,4,5494,1,84,0
2569,147,4,5450,1,92,0
2570,147,4,5513,1,73,0
2571,147,4,5580,1,68,0
2572,147,4,5120,1,217,0
2573,147,4,5535,1,76,0
2574,147,4,5511,1,84,0
2575,147,4,5339,1,138,0
2576,147,4,5293,1,151,0
2577,147,4,4972,1,285,0
2578,147,4,5374,1,129,0
2579,147,4,5416,1,114,0
2580,147,4,5182,1,156,0
2581,147,4,5278,1,130,0
2582,147,4,3829,1,459,0
2583,148,4,4440,1,388,0
2584,148,4,5404,1,114,0
2585,148,4,5252,1,156,0
2586,148,4,5488,1,76,0
2587,148,4,4955,1,225,0
2588,148,4,5591,1,57,0
2589,148,4,5553,1,74,0
2590,148,4,5555,1,71,0
2591,148,4,5591,1,59,0
2592,148,4,5613,1,54,0
2593,148,4,5435,1,104,0
2594,148,4,5609,1,55,0
2595,148,4,5481,1,115,0
2596,148,4,5586,1,58,0
2597,148,4,5552,1,67,0
2598,148,4,5581,1,61,0
2599,148,4,5583,1,61,0
2600,148,2,2471,0,1001,1
2601,148,4,5621,1,47,0
2602,148,4,5548,1,84,0
2603,148,4,5600,1,53,0
2604,148,4,5585,1,57,0
2605,148,4,5615,1,50,0
2606,148,4,5586,1,55,0
2607,148,4,5570,1,72,0
2608,148,4,5458,1,89,0
2609,148,4,5588,1,55,0
2610,148,4,5557,1,64,0
2611,149,4,5449,1,94,0
2612,149,4,5572,1,69,0
2613,149,4,5636,1,45,0
2614,149,4,5595,1,55,0
2615,149,4,5566,1,65,0
2616,149,4,5612,1,53,0
2617,149,4,5417,1,116,0
2618,149,4,5375,1,132,0
2619,149,4,5059,1,241,0
2620,149,4,5593,1,53,0
2621,149,4,5317,1,129,0
2622,149,4,5232,1,183,0
2623,149,4,5464,1,96,0
2624,149,4,5462,1,87,0
2625,149,4,5522,1,85,0
2626,149,4,5571,1,58,0
2627,149,4,5549,1,85,0
2628,149,4,5616,1,53,0
2629,149,4,5589,1,59,0
2630,149,4,5468,1,98,0
2631,149,4,5472,1,96,0
2632,149,4,5564,1,67,0
2633,149,4,5448,1,96,0
2634,149,4,5515,1,82,0
2635,149,4,5549,1,70,0
2636,149,4,5479,1,103,0
2637,149,4,5484,1,96,0
2638,149,4,5553,1,67,0
2639,149,4,5507,1,85,0
2640,149,4,5589,1,62,0
2641,149,4,5435,1,109,0
2642,149,4,5546,1,67,0
2643,149,4,5457,1,102,0
2644,149,4,5483,1,92,0
2645,149,4,5404,1,122,0
2646,149,4,5641,1,42,0
2647,150,4,5437,1,113,0
2648,150,4,5377,1,117,0
2649,150,4,5569,1,62,0
2650,150,4,5544,1,74,0
2651,150,4,5583,1,56,0
2652,150,4,5594,1,59,0
2653,150,4,5496,1,87,0
2654,150,4,5275,1,164,0
2655,150,4,5480,1,110,0
2656,150,4,5404,1,104,0
2657,150,4,5510,1,83,0
2658,150,2,2373,0,1001,0
2659,150,4,5411,1,116,0
2660,150,4,5434,1,120,0
2661,150,4,5383,1,107,0
2662,150,4,5381,1,125,0
2663,150,4,5461,1,104,0
2664,150,4,5536,1,68,0
2665,150,4,5544,1,71,0
2666,150,4,5429,1,93,0
2667,150,4,5291,1,149,0
2668,150,4,5081,1,222,0
2669,151,4,5418,1,100,0
2670,151,4,5366,1,126,0
2671,151,4,5531,1,73,0
2672,151,4,5516,1,74,0
2673,151,4,5384,1,117,0
2674,151,4,5405,1,106,0
2675,151,4,4902,1,211,0
2676,151,4,5230,1,139,0
2677,151,4,4570,1,256,0
2678,151,4,5480,1,86,0
2679,151,4,5485,1,83,0
2680,151,4,5325,1,109,0
2681,151,4,5347,1,113,0
2682,151,4,5375,1,106,0
2683,151,4,5522,1,73,0
2684,151,4,5520,1,79,0
2685,151,4,4969,1,213,0
2686,151,4,5273,1,149,0
2687,151,4,5571,1,62,0
2688,151,4,5607,1,51,0
2689,151,4,5179,1,200,0
2690,151,4,5540,1,68,0
2691,151,4,5132,1,213,0
2692,151,4,5570,1,62,0
2693,151,4,5559,1,65,0
2694,151,4,5350,1,132,0
2695,151,4,5431,1,95,0
2696,152,4,5225,1,147,0
2697,152,4,5450,1,87,0
2698,152,2,2361,0,1001,0
2699,152,4,5047,1,252,0
2700,152,1,1192,0,1001,1
2701,152,4,5167,1,160,0
2702,152,4,5486,1,93,0
2703,152,4,4710,1,327,0
2704,152,4,5572,1,63,0
2705,152,4,5579,1,58,0
2706,153,4,4710,1,412,0
2707,153,4,5475,1,83,0
2708,153,4,5117,1,220,0
2709,153,4,4859,1,324,0
2710,153,4,5214,1,171,0
2711,153,4,5482,1,80,0
2712,153,4,5393,1,128,0
2713,153,4,5322,1,139,0
2714,153,4,5350,1,138,0
2715,153,4,5444,1,96,0
2716,153,4,5125,1,221,0
2717,153,4,5226,1,182,0
2718,153,4,5563,1,67,0
2719,153,4,5568,1,67,0
2720,153,4,5535,1,75,0
2721,154,2,2336,0,1001,0
2722,154,4,5546,1,62,0
2723,154,4,5495,1,83,0
2724,154,4,5137,1,209,0
2725,154,4,5520,1,71,0
2726,154,4,5588,1,57,0
2727,154,4,5610,1,51,0
2728,154,4,4958,1,184,0
2729,154,4,5503,1,78,0
2730,154,4,5451,1,120,0
2731,154,4,5573,1,60,0
2732,154,4,5446,1,98,0
2733,154,4,5582,1,58,0
2734,154,4,5506,1,86,0
2735,154,4,5233,1,177,0
2736,154,4,5482,1,107,0
2737,154,4,5485,1,107,0
2738,154,4,5564,1,59,0
2739,154,4,5383,1,117,0
2740,154,4,5552,1,64,0
2741,154,4,5524,1,76,0
2742,154,4,5380,1,124,0
2743,154,4,5594,1,52,0
2744,154,4,5501,1,83,0
2745,154,4,5616,1,50,0
2746,154,4,5554,1,63,0
2747,154,4,5349,1,121,0
2748,154,4,5578,1,63,0
2749,154,4,5325,1,178,0
2750,154,4,5559,1,64,0
2751,154,4,5449,1,102,0
2752,154,4,5458,1,102,0
2753,154,4,5388,1,124,0
2754,155,4,5543,1,68,0
2755,155,4,5192,1,159,0
2756,155,4,5395,1,135,0
2757,155,4,5321,1,136,0
2758,155,4,5217,1,179,0
2759,155,4,5595,1,55,0
2760,155,4,5420,1,91,0
2761,155,4,5562,1,61,0
2762,155,4,5596,1,54,0
2763,155,4,5432,1,92,0
2764,155,4,5481,1,80,0
2765,155,4,5592,1,55,0
2766,155,4,5540,1,63,0
2767,155,4,5616,1,48,0
2768,155,4,5566,1,61,0
2769,155,4,5546,1,72,0
2770,155,4,5516,1,73,0
2771,155,4,5549,1,66,0
2772,155,4,5568,1,64,0
2773,155,4,5560,1,64,0
2774,155,4,5585,1,62,0
2775,155,4,5456,1,97,0
2776,155,4,5576,1,62,0
2777,155,4,5571,1,59,0
2778,155,4,5587,1,58,0
2779,155,4,5427,1,112,0
2780,155,4,5593,1,56,0
2781,155,4,5511,1,73,0
2782,155,4,5520,1,73,0
2783,155,4,5430,1,92,0
2784,155,4,5422,1,128,0
2785,155,4,5568,1,60,0
2786,155,4,5646,1,42,0
2787,155,4,5511,1,73,0
2788,155,4,5356,1,130,0
2789,155,4,5455,1,85,0
2790,155,4,5514,1,71,0
2791,155,4,5505,1,73,0
2792,156,4,4988,1,178,0
2793,156,4,5436,1,90,0
2794,156,4,5506,1,92,0
2795,156,4,5627,1,46,0
2796,156,4,5460,1,114,0
2797,156,4,5588,1,56,0
2798,156,4,5573,1,62,0
2799,156,4,5522,1,77,0
2800,156,1,1192,0,1001,1
2801,156,4,5540,1,69,0
2802,156,4,5324,1,182,0
2803,156,4,5591,1,55,0
2804,156,4,5487,1,88,0
2805,156,4,5506,1,79,0
2806,156,4,5527,1,79,0
2807,156,4,5513,1,74,0
2808,156,4,5578,1,63,0
2809,156,4,5632,1,44,0
2810,156,4,5404,1,100,0
2811,156,4,5561,1,62,0
2812,156,4,5491,1,80,0
2813,156,4,5389,1,115,0
2814,156,4,5555,1,69,0
2815,156,4,5446,1,97,0
2816,156,4,5511,1,78,0
2817,156,4,5539,1,67,0
2818,156,4,5442,1,105,0
2819,156,4,5588,1,62,0
2820,156,4,5573,1,61,0
2821,157,4,5305,1,129,0
2822,157,4,5519,1,78,0
2823,157,4,5612,1,49,0
2824,157,4,5582,1,57,0
2825,157,4,5584,1,55,0
2826,157,4,5486,1,84,0
2827,157,4,5547,1,65,0
2828,157,4,5480,1,80,0
2829,157,4,5557,1,63,0
2830,157,4,5412,1,87,0
2831,157,4,5517,1,73,0
2832,157,4,5496,1,83,0
2833,157,4,5393,1,114,0
2834,157,4,5476,1,89,0
2835,157,4,5193,1,184,0
2836,157,4,5288,1,129,0
2837,157,4,5599,1,55,0
2838,157,4,5443,1,86,0
2839,157,4,5215,1,168,0
2840,157,4,5524,1,77,0
2841,157,4,5600,1,57,0
2842,157,4,5362,1,119,0
2843,157,4,5502,1,87,0
2844,157,4,5310,1,116,0
2845,157,4,5309,1,130,0
2846,157,4,5538,1,67,0
2847,157,4,5457,1,88,0
2848,157,4,4722,1,283,0
2849,157,4,5483,1,91,0
2850,157,4,5374,1,101,0
2851,157,4,5370,1,128,0
2852,157,4,5522,1,69,0
2853,158,4,4740,1,375,0
2854,158,4,5580,1,61,0
2855,158,4,5491,1,83,0
2856,158,4,5120,1,169,0
2857,158,4,4958,1,244,0
2858,158,4,5054,1,187,0
2859,158,4,4675,1,271,0
2860,158,4,5312,1,106,0
2861,158,4,5357,1,99,0
2862,158,4,5189,1,136,0
2863,158,4,5451,1,84,0
2864,158,4,5371,1,102,0
2865,158,4,5033,1,201,0
2866,158,4,5559,1,64,0
2867,158,4,5618,1,47,0
2868,158,4,5102,1,206,0
2869,158,4,4474,1,397,0
2870,158,4,5371,1,104,0
2871,158,4,5517,1,73,0
2872,158,4,5471,1,80,0
2873,158,4,5271,1,124,0
2874,159,4,5349,1,120,0
2875,159,4,5400,1,87,0
2876,159,4,5306,1,152,0
2877,159,4,5553,1,63,0
2878,159,4,5451,1,76,0
2879,159,4,4947,1,175,0
2880,159,4,5484,1,76,0
2881,159,4,5586,1,56,0
2882,159,4,5597,1,51,0
2883,159,4,5214,1,142,0
2884,159,4,5634,1,45,0
2885,159,4,5366,1,104,0
2886,159,4,5633,1,43,0
2887,159,4,5533,1,63,0
2888,159,4,5626,1,45,0
2889,159,4,5591,1,57,0
2890,159,4,5166,1,172,0
2891,159,4,5614,1,50,0
2892,159,4,5537,1,68,0
2893,159,4,5116,1,167,0
2894,159,4,5480,1,74,0
2895,159,4,5365,1,102,0
2896,159,4,5327,1,112,0
2897,159,4,5487,1,78,0
2898,159,4,5627,1,46,0
2899,159,4,5569,1,57,0
2900,159,0,99,0,1001,1
2901,160,4,5377,1,100,0
2902,160,4,5577,1,59,0
2903,160,4,5009,1,164,0
2904,160,4,5431,1,91,0
2905,160,4,5587,1,52,0
2906,160,4,5509,1,70,0
2907,160,4,5592,1,53,0
2908,160,4,5481,1,84,0
2909,160,4,5491,1,72,0
2910,160,4,5461,1,80,0
2911,160,4,5460,1,83,0
2912,160,4,5441,1,90,0
2913,160,4,5245,1,135,0
2914,160,4,5429,1,89,0
2915,160,4,5562,1,61,0
2916,160,4,5369,1,97,0
2917,160,4,5250,1,128,0
2918,160,4,5513,1,67,0
2919,160,4,5583,1,56,0
2920,160,4,5626,1,46,0
2921,160,4,5624,1,46,0
2922,160,4,5622,1,48,0
2923,160,4,5582,1,53,0
2924,160,4,5551,1,61,0
2925,160,4,5454,1,82,0
2926,160,4,5537,1,61,0
2927,160,4,5597,1,52,0
2928,160,4,5497,1,74,0
2929,160,4,5543,1,61,0
2930,160,4,5530,1,66,0
2931,160,4,5618,1,47,0
2932,160,4,5566,1,59,0
2933,160,4,5426,1,85,0
2934,160,4,5594,1,58,0
2935,160,4,5605,1,50,0
2936,160,4,5630,1,44,0
2937,160,4,5473,1,78,0
2938,160,4,5622,1,47,0
2939,160,4,5585,1,51,0
2940,160,4,5396,1,94,0
2941,160,4,5556,1,60,0
2942,160,4,5579,1,52,0
2943,160,4,5635,1,41,0
2944,160,4,5547,1,69,0
2945,161,4,5185,1,157,0
2946,161,4,5096,1,170,0
2947,161,4,5106,1,201,0
2948,161,4,5450,1,85,0
2949,161,4,5322,1,112,0
2950,161,4,4562,1,264,0
2951,161,4,4451,1,296,0
2952,161,4,5543,1,62,0
2953,161,4,5250,1,139,0
2954,161,4,5515,1,75,0
2955,161,4,5105,1,172,0
2956,161,4,5602,1,50,0
2957,161,4,5549,1,61,0
2958,161,4,5484,1,73,0
2959,161,4,5487,1,80,0
2960,161,4,5614,1,47,0
2961,161,4,5548,1,63,0
2962,161,4,5622,1,49,0
2963,161,4,5361,1,122,0
2964,161,4,5114,1,173,0
2965,161,4,5378,1,106,0
2966,161,4,5248,1,144,0
2967,161,4,5396,1,107,0
2968,161,4,5556,1,68,0
2969,161,4,5501,1,75,0
2970,161,4,5496,1,82,0
2971,161,4,5219,1,170,0
2972,161,4,5420,1,91,0
2973,162,4,5520,1,67,0
2974,162,4,5456,1,80,0
2975,162,4,5429,1,89,0
2976,162,4,5487,1,77,0
2977,162,4,5557,1,63,0
2978,162,4,5188,1,145,0
2979,162,4,5615,1,48,0
2980,162,4,5295,1,124,0
2981,162,4,5566,1,59,0
2982,162,4,5482,1,83,0
2983,162,4,5547,1,62,0
2984,162,4,5541,1,66,0
2985,162,4,5390,1,100,0
2986,162,4,5214,1,132,0
2987,162,4,5417,1,92,0
2988,162,4,5181,1,141,0
2989,162,4,4858,1,197,0
2990,162,4,5486,1,79,0
2991,162,4,5495,1,77,0
2992,162,4,5570,1,59,0
2993,162,4,5446,1,79,0
2994,162,4,5370,1,112,0
2995,162,4,5597,1,53,0
2996,162,4,5578,1,56,0
2997,162,4,5418,1,85,0
2998,162,4,5623,1,48,0
2999,162,4,5470,1,79,0
3000,163,0,99,0,1001,1
3001,163,4,5616,1,49,0
3002,163,4,5594,1,54,0
3003,163,4,5585,1,60,0
3004,163,4,5525,1,70,0
3005,163,4,5536,1,65,0
3006,163,4,5634,1,46,0
3007,163,4,5399,1,91,0
3008,163,4,4675,1,237,0
3009,163,4,5389,1,93,0
3010,163,4,5301,1,108,0
3011,163,4,5522,1,69,0
3012,163,4,5527,1,66,0
3013,163,4,5607,1,52,0
3014,163,4,5516,1,75,0
3015,163,4,5400,1,93,0
3016,163,4,5476,1,87,0
3017,163,4,5518,1,72,0
3018,163,4,5510,1,68,0
3019,163,4,5609,1,51,0
3020,163,4,4437,1,307,0
3021,163,4,5403,1,91,0
3022,163,4,5238,1,118,0
3023,163,4,4392,1,300,0
3024,163,4,5007,1,166,0
3025,163,4,5455,1,82,0
3026,163,4,4894,1,211,0
3027,163,4,5471,1,77,0
3028,163,4,5601,1,54,0
3029,163,4,5530,1,62,0
3030,164,4,5297,1,114,0
3031,164,4,5412,1,92,0
3032,164,4,5594,1,51,0
3033,164,4,5224,1,127,0
3034,164,4,5506,1,71,0
3035,164,4,4759,1,225,0
3036,164,4,5589,1,56,0
3037,164,4,5348,1,105,0
3038,164,4,5603,1,49,0
3039,164,4,5626,1,46,0
3040,164,4,5478,1,77,0
3041,164,4,5483,1,74,0
3042,164,4,5603,1,52,0
3043,164,4,5553,1,61,0
3044,164,4,5432,1,84,0
3045,164,4,5246,1,124,0
3046,164,4,5565,1,60,0
3047,164,4,5495,1,72,0
3048,164,4,5382,1,95,0
3049,164,4,4889,1,211,0
3050,164,4,5218,1,135,0
3051,164,4,4970,1,212,0
3052,164,4,5250,1,136,0
3053,164,4,5590,1,58,0
3054,164,4,5625,1,47,0
3055,164,4,5630,1,48,0
3056,164,4,5590,1,52,0
3057,164,4,5441,1,113,0
3058,164,4,5576,1,70,0
3059,164,4,5005,1,170,0
3060,164,4,5362,1,102,0
3061,164,4,5390,1,115,0
3062,164,4,5443,1,83,0
3063,165,4,4919,1,184,0
3064,165,4,5424,1,82,0
3065,165,4,5510,1,75,0
3066,165,4,5443,1,117,0
3067,165,4,5507,1,67,0
3068,165,4,5639,1,44,0
3069,165,4,5419,1,95,0
3070,165,4,5469,1,82,0
3071,165,4,5351,1,101,0
3072,165,4,5007,1,166,0
3073,165,4,5257,1,129,0
3074,165,4,5067,1,154,0
3075,165,4,5062,1,180,0
3076,165,4,5491,1,89,0
3077,165,4,5608,1,51,0
3078,165,4,5570,1,62,0
3079,165,4,5578,1,60,0
3080,165,4,5474,1,97,0
3081,165,4,5512,1,78,0
3082,165,4,5296,1,151,0
3083,165,4,5368,1,106,0
3084,165,4,5097,1,174,0
3085,165,4,5477,1,79,0
3086,165,4,5173,1,132,0
3087,165,4,5026,1,164,0
3088,165,4,5199,1,134,0
3089,165,4,5204,1,127,0
3090,165,4,4941,1,222,0
3091,166,4,4681,1,307,0
3092,166,4,4644,1,270,0
3093,166,4,5373,1,121,0
3094,166,4,4265,1,404,0
3095,166,4,4850,1,227,0
3096,166,4,5494,1,80,0
3097,166,4,4676,1,243,0
3098,166,4,3664,1,513,0
3099,166,4,5542,1,69,0
3100,166,0,0,0,1001,1
3101,167,4,4636,1,290,0
3102,167,4,5397,1,118,0
3103,167,4,5536,1,75,0
3104,167,4,5460,1,92,0
3105,167,4,5327,1,133,0
3106,167,4,5507,1,80,0
3107,167,4,5632,1,44,0
3108,167,4,5446,1,93,0
3109,167,4,5460,1,94,0
3110,167,4,5137,1,169,0
3111,167,4,5385,1,103,0
3112,167,4,5585,1,62,0
3113,167,4,5033,1,243,0
3114,167,4,5444,1,86,0
3115,167,4,5539,1,74,0
3116,167,4,4885,1,219,0
3117,167,4,5426,1,95,0
3118,167,4,4833,1,214,0
3119,167,4,5389,1,119,0
3120,167,4,4807,1,221,0
3121,167,4,5521,1,74,0
3122,167,4,5436,1,88,0
3123,167,4,5391,1,113,0
3124,167,4,5462,1,93,0
3125,167,4,5265,1,156,0
3126,167,4,5378,1,109,0
3127,168,4,4435,1,315,0
3128,168,4,4878,1,214,0
3129,168,4,5142,1,234,0
3130,168,4,5509,1,75,0
3131,168,4,5362,1,126,0
3132,168,4,5377,1,127,0
3133,168,4,5392,1,109,0
3134,168,4,5311,1,126,0
3135,168,4,5247,1,135,0
3136,168,4,5286,1,120,0
3137,168,4,5032,1,165,0
3138,168,4,5526,1,78,0
3139,168,4,5087,1,194,0
3140,168,4,5398,1,100,0
3141,168,4,5225,1,159,0
3142,168,4,4413,1,324,0
3143,168,4,5214,1,123,0
3144,168,4,3720,1,484,0
3145,169,4,5055,1,159,0
3146,169,4,5439,1,84,0
3147,169,4,4413,1,300,0
3148,169,4,5494,1,81,0
3149,169,4,5470,1,95,0
3150,169,4,5451,1,82,0
3151,169,4,5218,1,142,0
3152,169,4,5513,1,67,0
3153,169,4,5155,1,174,0
3154,169,4,5497,1,89,0
3155,169,4,5141,1,161,0
3156,169,4,5456,1,115,0
3157,169,4,5437,1,94,0
3158,169,4,5494,1,87,0
3159,169,4,5369,1,132,0
3160,169,4,5299,1,149,0
3161,169,4,5315,1,126,0
3162,169,4,5511,1,71,0
3163,169,4,5281,1,130,0
3164,169,4,5195,1,187,0
3165,169,4,5317,1,128,0
3166,169,4,4958,1,211,0
3167,169,4,5223,1,136,0
3168,170,4,4523,1,304,0
3169,170,4,4607,1,297,0
3170,170,4,5331,1,134,0
3171,170,4,4982,1,179,0
3172,170,4,5291,1,130,0
3173,170,4,5302,1,158,0
3174,170,4,5019,1,237,0
3175,170,4,5329,1,131,0
3176,170,4,5069,1,167,0
3177,170,4,4310,1,350,0
3178,170,4,5237,1,155,0
3179,170,4,5240,1,164,0
3180,170,4,5463,1,95,0
3181,170,4,5398,1,100,0
3182,170,4,5051,1,182,0
3183,170,4,5412,1,119,0
3184,170,4,5051,1,164,0
3185,170,4,5328,1,152,0
3186,170,4,4898,1,187,0
3187,171,4,4996,1,174,0
3188,171,4,5492,1,69,0
3189,171,4,5418,1,103,0
3190,171,4,5596,1,60,0
3191,171,4,5114,1,167,0
3192,171,4,5577,1,53,0
3193,171,4,4197,1,368,0
3194,171,4,5345,1,124,0
3195,171,4,5244,1,150,0
3196,171,4,4905,1,214,0
3197,171,4,5496,1,76,0
3198,171,4,5489,1,101,0
3199,171,4,5521,1,71,0
3200,171,0,99,0,1001,1
3201,171,4,5494,1,87,0
3202,171,4,5242,1,133,0
3203,171,4,5333,1,114,0
3204,172,4,4812,1,229,0
3205,172,4,5187,1,125,0
3206,172,4,5455,1,96,0
3207,172,4,4741,1,236,0
3208,172,4,5335,1,119,0
3209,172,4,5254,1,162,0
3210,172,4,5492,1,77,0
3211,172,4,4335,1,367,0
3212,172,4,4639,1,259,0
3213,172,4,5177,1,159,0
3214,172,4,4533,1,273,0
3215,172,4,4112,1,377,0
3216,172,4,4865,1,212,0
3217,172,4,5045,1,163,0
3218,172,4,5476,1,83,0
3219,172,4,4582,1,282,0
3220,172,4,5268,1,128,0
3221,173,4,5231,1,147,0
3222,173,4,4940,1,210,0
3223,173,4,5245,1,128,0
3224,173,4,5532,1,73,0
3225,173,4,4554,1,291,0
3226,173,4,5595,1,55,0
3227,173,4,4818,1,205,0
3228,173,4,5202,1,133,0
3229,173,4,5537,1,72,0
3230,173,4,5400,1,96,0
3231,173,4,5571,1,63,0
3232,173,4,5581,1,63,0
3233,173,4,5611,1,50,0
3234,173,4,5368,1,121,0
3235,173,4,5466,1,89,0
3236,173,4,5286,1,156,0
3237,173,4,4986,1,189,0
3238,173,4,4294,1,350,0
3239,173,4,5599,1,58,0
3240,173,4,5588,1,58,0
3241,173,4,5271,1,125,0
3242,173,4,4690,1,285,0
3243,173,4,5303,1,184,0
3244,174,4,5611,1,49,0
3245,174,4,5439,1,97,0
3246,174,4,5166,1,146,0
3247,174,4,5343,1,148,0
3248,174,4,5555,1,70,0
3249,174,4,5544,1,74,0
3250,174,4,5632,1,49,0
3251,174,4,5454,1,106,0
3252,174,4,5421,1,140,0
3253,174,4,5616,1,50,0
3254,174,4,5631,1,45,0
3255,174,4,5424,1,89,0
3256,174,4,5021,1,164,0
3257,174,4,5503,1,69,0
3258,174,4,5537,1,73,0
3259,174,4,5621,1,49,0
3260,174,4,5364,1,128,0
3261,174,4,5460,1,107,0
3262,174,4,5436,1,111,0
3263,174,4,5521,1,66,0
3264,174,4,5404,1,99,0
3265,174,4,5518,1,75,0
3266,174,4,5563,1,69,0
3267,174,4,5577,1,60,0
3268,174,4,5316,1,149,0
3269,174,4,5599,1,55,0
3270,174,4,5545,1,74,0
3271,174,4,5544,1,73,0
3272,174,4,5385,1,120,0
3273,175,2,2353,0,1001,0
3274,175,4,5292,1,118,0
3275,175,4,5591,1,56,0
3276,175,4,5405,1,147,0
3277,175,4,5419,1,135,0
3278,175,4,5523,1,76,0
3279,175,4,5407,1,103,0
3280,175,4,5490,1,99,0
3281,175,4,5084,1,153,0
3282,175,4,5573,1,61,0
3283,175,4,5283,1,112,0
3284,175,4,5414,1,98,0
3285,175,4,5129,1,161,0
3286,175,4,4776,1,263,0
3287,175,4,4793,1,273,0
3288,175,4,4725,1,276,0
3289,175,4,5019,1,194,0
3290,175,4,5361,1,115,0
3291,175,4,5423,1,96,0
3292,176,4,3584,1,599,0
3293,176,4,4653,1,314,0
3294,176,4,5036,1,170,0
3295,176,4,4005,1,448,0
3296,176,4,5467,1,107,0
3297,176,4,5305,1,143,0
3298,176,4,4833,1,297,0
3299,176,4,5086,1,159,0
3300,176,0,99,0,1001,1
3301,176,4,5142,1,182,0
3302,177,4,5257,1,131,0
3303,177,4,4504,1,369,0
3304,177,4,4240,1,353,0
3305,177,4,4609,1,281,0
3306,177,4,5194,1,192,0
3307,177,4,4389,1,309,0
3308,177,4,5539,1,67,0
3309,177,4,4861,1,241,0
3310,177,4,4372,1,339,0
3311,177,4,5452,1,86,0
3312,177,4,5521,1,71,0
3313,177,4,5180,1,192,0
3314,177,4,5011,1,166,0
3315,177,4,5149,1,169,0
3316,177,4,4810,1,234,0
3317,178,4,5437,1,95,0
3318,178,4,4885,1,223,0
3319,178,4,5416,1,126,0
3320,178,4,5231,1,172,0
3321,178,4,5402,1,103,0
3322,178,4,5425,1,111,0
3323,178,4,5589,1,63,0
3324,178,4,5372,1,128,0
3325,178,4,5189,1,174,0
3326,178,3,3417,0,1001,0
3327,178,4,5524,1,81,0
3328,178,4,5072,1,201,0
3329,178,4,5359,1,113,0
3330,178,4,5446,1,91,0
3331,178,4,5449,1,98,0
3332,178,4,5322,1,149,0
3333,178,4,5494,1,91,0
3334,178,4,5442,1,112,0
3335,179,4,5342,1,124,0
3336,179,4,4731,1,345,0
3337,179,4,4810,1,252,0
3338,179,4,5476,1,105,0
3339,179,4,4562,1,349,0
3340,179,4,4455,1,352,0
3341,179,4,5018,1,188,0
3342,179,4,4315,1,351,0
3343,179,4,5239,1,162,0
3344,179,4,5404,1,103,0
3345,179,4,5587,1,56,0
3346,179,4,5248,1,144,0
3347,179,4,5491,1,82,0
3348,179,4,5448,1,94,0
3349,179,4,4535,1,330,0
3350,179,4,5236,1,140,0
3351,180,4,5393,1,106,0
3352,180,4,5524,1,70,0
3353,180,4,5350,1,134,0
3354,180,4,5602,1,55,0
3355,180,4,5100,1,183,0
3356,180,4,5007,1,278,0
3357,180,4,4679,1,283,0
3358,180,4,4755,1,260,0
3359,180,4,5031,1,242,0
3360,180,4,5488,1,95,0
3361,180,4,5507,1,90,0
3362,180,4,5553,1,66,0
3363,180,4,5616,1,47,0
3364,180,4,5328,1,143,0
3365,180,4,5479,1,90,0
3366,180,4,5439,1,99,0
3367,180,4,5491,1,97,0
3368,180,4,5521,1,78,0
3369,180,4,5260,1,159,0
3370,180,4,5070,1,160,0
3371,180,4,4903,1,194,0
3372,180,4,5600,1,53,0
3373,180,4,5542,1,70,0
3374,180,4,5459,1,80,0
3375,180,4,5359,1,104,0
3376,181,4,5500,1,70,0
3377,181,4,5494,1,87,0
3378,181,4,5506,1,77,0
3379,181,4,5563,1,67,0
3380,181,4,5495,1,100,0
3381,181,4,5522,1,101,0
3382,181,4,5500,1,85,0
3383,181,4,5565,1,67,0
3384,181,4,5366,1,109,0
3385,181,4,5503,1,75,0
3386,181,4,5535,1,78,0
3387,181,4,5492,1,98,0
3388,181,4,5291,1,156,0
3389,181,4,5391,1,100,0
3390,181,4,5600,1,56,0
3391,181,4,5570,1,61,0
3392,181,4,5569,1,65,0
3393,181,4,5564,1,66,0
3394,181,4,5433,1,127,0
3395,181,4,5574,1,58,0
3396,181,4,5570,1,71,0
3397,181,4,5580,1,61,0
3398,181,4,5466,1,78,0
3399,181,4,5595,1,54,0
3400,181,0,0,0,1001,1
3401,181,4,5585,1,58,0
3402,181,4,5542,1,72,0
3403,181,4,4841,1,209,0
3404,182,4,5330,1,104,0
3405,182,4,5534,1,72,0
3406,182,4,5126,1,152,0
3407,182,4,5495,1,88,0
3408,182,4,5586,1,60,0
3409,182,4,4813,1,221,0
3410,182,4,5480,1,94,0
3411,182,4,5487,1,77,0
3412,182,4,5397,1,133,0
3413,182,4,5590,1,62,0
3414,182,4,5504,1,78,0
3415,182,4,5541,1,73,0
3416,182,4,5241,1,148,0
3417,182,4,4848,1,263,0
3418,182,4,4929,1,274,0
3419,182,4,5473,1,100,0
3420,182,4,5301,1,141,0
3421,182,4,5540,1,75,0
3422,182,4,5557,1,77,0
3423,182,4,5530,1,90,0
3424,182,4,5575,1,65,0
3425,182,4,5575,1,65,0
3426,182,4,5531,1,72,0
3427,182,4,5557,1,69,0
3428,182,4,5519,1,82,0
3429,182,4,5533,1,82,0
3430,182,4,5510,1,90,0
3431,182,4,5617,1,50,0
3432,182,4,5343,1,114,0
3433,182,4,5239,1,141,0
3434,183,4,5560,1,60,0
3435,183,4,5615,1,51,0
3436,183,4,5537,1,76,0
3437,183,4,5344,1,142,0
3438,183,4,5436,1,115,0
3439,183,4,5388,1,110,0
3440,183,4,5445,1,104,0
3441,183,4,5332,1,152,0
3442,183,4,5085,1,190,0
3443,183,4,4514,1,275,0
3444,183,4,5542,1,64,0
3445,183,4,5489,1,82,0
3446,183,4,5478,1,90,0
3447,183,4,5485,1,91,0
3448,183,4,5593,1,56,0
3449,183,4,5419,1,136,0
3450,183,4,5440,1,97,0
3451,183,4,5530,1,68,0
3452,183,4,5530,1,73,0
3453,183,4,5295,1,154,0
3454,183,4,5460,1,95,0
3455,183,4,5526,1,72,0
3456,183,4,5182,1,204,0
3457,183,4,5510,1,76,0
3458,183,4,5575,1,63,0
3459,183,4,5510,1,94,0
3460,183,4,5487,1,92,0
3461,183,4,5562,1,67,0
3462,183,4,5423,1,105,0
3463,183,4,5332,1,133,0
3464,184,4,5513,1,86,0
3465,184,4,5413,1,109,0
3466,184,4,5443,1,104,0
3467,184,4,5522,1,77,0
3468,184,4,5093,1,277,0
3469,184,4,5198,1,173,0
3470,184,4,5316,1,146,0
3471,184,4,4709,1,298,0
3472,184,4,5289,1,125,0
3473,184,4,5444,1,91,0
3474,184,4,5470,1,82,0
3475,184,4,5502,1,69,0
3476,184,4,5148,1,167,0
3477,184,4,4835,1,236,0
3478,184,4,5350,1,107,0
3479,184,4,5120,1,187,0
3480,184,4,4770,1,211,0
3481,184,4,5365,1,113,0
3482,184,4,5367,1,110,0
3483,184,4,4375,1,335,0
3484,185,4,5088,1,172,0
3485,185,4,5552,1,65,0
3486,185,4,5477,1,85,0
3487,185,4,5552,1,69,0
3488,185,4,5580,1,58,0
3489,185,4,5571,1,62,0
3490,185,4,4990,1,329,0
3491,185,4,5592,1,53,0
3492,185,4,5563,1,62,0
3493,185,4,5019,1,181,0
3494,185,4,5499,1,73,0
3495,185,4,4545,1,272,0
3496,185,4,5594,1,54,0
3497,185,4,5609,1,50,0
3498,185,4,5445,1,105,0
3499,185,4,5607,1,52,0
3500,185,2,2467,0,1001,1
3501,185,4,5482,1,84,0
3502,185,4,5415,1,115,0
3503,185,4,5166,1,201,0
3504,185,4,5367,1,100,0
3505,186,4,5465,1,95,0
3506,186,4,5465,1,106,0
3507,186,4,5530,1,79,0
3508,186,4,5543,1,73,0
3509,186,4,5567,1,66,0
3510,186,4,5411,1,98,0
3511,186,4,5534,1,79,0
3512,186,4,5514,1,84,0
3513,186,4,5632,1,45,0
3514,186,4,5026,1,185,0
3515,186,4,5560,1,69,0
3516,186,4,5566,1,66,0
3517,186,4,5542,1,70,0
3518,186,4,5556,1,70,0
3519,186,4,5137,1,149,0
3520,186,4,5082,1,180,0
3521,186,4,5558,1,81,0
3522,186,4,5531,1,78,0
3523,186,4,5533,1,79,0
3524,186,4,5439,1,100,0
3525,186,4,5146,1,191,0
3526,186,4,5493,1,92,0
3527,186,4,5257,1,159,0
3528,186,4,5200,1,141,0
3529,186,4,5443,1,102,0
3530,186,4,5178,1,166,0
3531,186,4,5437,1,108,0
3532,186,4,5416,1,99,0
3533,186,4,5405,1,104,0
3534,186,4,5348,1,125,0
3535,186,4,5462,1,87,0
3536,187,4,5101,1,164,0
3537,187,4,4501,1,297,0
3538,187,4,5179,1,152,0
3539,187,4,4909,1,295,0
3540,187,4,5257,1,162,0
3541,187,4,5556,1,61,0
3542,187,4,4473,1,282,0
3543,187,4,5372,1,107,0
3544,187,4,4850,1,214,0
3545,187,4,5512,1,73,0
3546,187,4,5454,1,89,0
3547,187,4,5227,1,122,0
3548,187,4,4371,1,327,0
3549,187,4,5360,1,119,0
3550,187,4,5526,1,73,0
3551,187,4,5604,1,59,0
3552,187,4,5500,1,94,0
3553,187,4,5287,1,130,0
3554,187,4,5122,1,163,0
3555,187,4,5398,1,125,0
3556,188,4,5185,1,176,0
3557,188,4,5148,1,142,0
3558,188,4,4849,1,227,0
3559,188,4,5005,1,162,0
3560,188,4,5153,1,147,0
3561,188,4,4862,1,226,0
3562,188,4,4970,1,225,0
3563,188,4,5287,1,124,0
3564,188,4,4964,1,197,0
3565,188,4,4821,1,238,0
3566,188,4,5071,1,192,0
3567,188,4,4852,1,202,0
3568,188,4,5383,1,106,0
3569,188,4,4296,1,324,0
3570,188,4,5580,1,68,0
3571,188,4,5450,1,96,0
3572,188,4,5015,1,181,0
3573,188,4,5528,1,79,0
3574,188,4,5495,1,85,0
3575,188,4,5516,1,81,0
3576,188,4,5583,1,64,0
3577,189,4,5487,1,89,0
3578,189,4,5029,1,230,0
3579,189,4,5439,1,88,0
3580,189,4,5551,1,68,0
3581,189,4,5284,1,141,0
3582,189,4,5445,1,112,0
3583,189,4,5555,1,63,0
3584,189,4,5473,1,93,0
3585,189,4,5566,1,65,0
3586,189,4,5401,1,114,0
3587,189,4,5365,1,103,0
3588,189,4,5179,1,170,0
3589,189,4,5409,1,111,0
3590,189,4,4731,1,259,0
3591,189,4,5272,1,170,0
3592,189,4,4963,1,197,0
3593,189,4,3872,1,470,0
3594,189,4,5467,1,84,0
3595,189,4,5559,1,63,0
3596,189,4,4962,1,177,0
3597,189,4,4769,1,243,0
3598,190,4,4886,1,213,0
3599,190,4,5362,1,117,0
3600,190,0,0,0,1001,1
3601,190,4,5415,1,112,0
3602,190,4,5349,1,105,0
3603,190,4,4805,1,216,0
3604,190,4,4729,1,260,0
3605,190,4,5434,1,98,0
3606,190,4,5147,1,168,0
3607,190,4,5122,1,299,0
3608,190,4,5544,1,66,0
3609,190,4,5511,1,77,0
3610,190,4,5015,1,165,0
3611,190,4,5341,1,121,0
3612,190,4,5305,1,113,0
3613,190,4,5454,1,89,0
3614,191,4,5559,1,68,0
3615,191,4,5505,1,80,0
3616,191,4,5391,1,152,0
3617,191,4,5444,1,86,0
3618,191,4,5505,1,81,0
3619,191,4,5520,1,80,0
3620,191,4,5451,1,92,0
3621,191,4,5540,1,72,0
3622,191,4,5580,1,63,0
3623,191,4,5508,1,67,0
3624,191,4,5557,1,68,0
3625,191,4,5181,1,156,0
3626,191,4,5522,1,72,0
3627,191,4,5343,1,130,0
3628,191,4,5515,1,76,0
3629,191,4,5286,1,114,0
3630,191,4,5486,1,83,0
3631,191,3,3531,0,1001,0
3632,191,4,5573,1,60,0
3633,191,4,5311,1,129,0
3634,191,4,5247,1,121,0
3635,191,4,5563,1,67,0
3636,191,4,5597,1,60,0
3637,191,4,5561,1,59,0
3638,191,4,5443,1,92,0
3639,191,4,5511,1,81,0
3640,192,4,5291,1,158,0
3641,192,4,5515,1,78,0
3642,192,4,5429,1,89,0
3643,192,4,5378,1,99,0
3644,192,4,5468,1,87,0
3645,192,4,5383,1,100,0
3646,192,4,4521,1,292,0
3647,192,4,4979,1,217,0
3648,192,4,5217,1,144,0
3649,192,4,5401,1,108,0
3650,192,4,5007,1,197,0
3651,192,4,5350,1,113,0
3652,192,4,5283,1,162,0
3653,192,4,5357,1,118,0
3654,192,4,4985,1,184,0
3655,192,4,5250,1,141,0
3656,192,4,5399,1,96,0
3657,192,4,5126,1,148,0
3658,192,4,4799,1,229,0
3659,192,4,5128,1,155,0
3660,192,4,4797,1,230,0
3661,193,4,5266,1,122,0
3662,193,4,5127,1,158,0
3663,193,4,5229,1,135,0
3664,193,4,5390,1,128,0
3665,193,4,5364,1,109,0
3666,193,4,5344,1,140,0
3667,193,4,4690,1,237,0
3668,193,4,4950,1,273,0
3669,193,4,5433,1,85,0
3670,193,4,5419,1,94,0
3671,193,4,4911,1,215,0
3672,193,4,5068,1,152,0
3673,193,4,5552,1,67,0
3674,193,4,5594,1,57,0
3675,193,4,5461,1,82,0
3676,193,4,5204,1,130,0
3677,193,4,5474,1,83,0
3678,193,4,5408,1,113,0
3679,193,4,5597,1,55,0
3680,193,4,5287,1,160,0
3681,193,4,5092,1,165,0
3682,193,4,5265,1,132,0
3683,193,4,5137,1,176,0
3684,194,4,5053,1,220,0
3685,194,4,4677,1,304,0
3686,194,4,4945,1,193,0
3687,194,4,5133,1,148,0
3688,194,4,5333,1,115,0
3689,194,4,4974,1,182,0
3690,194,4,5110,1,157,0
3691,194,4,5284,1,144,0
3692,194,4,5386,1,101,0
3693,194,4,5428,1,104,0
3694,194,4,5291,1,139,0
3695,194,4,5321,1,146,0
3696,194,4,5247,1,176,0
3697,194,4,5539,1,61,0
3698,194,4,4934,1,194,0
3699,194,4,5392,1,100,0
3700,195,0,0,0,1001,1
3701,195,4,5241,1,140,0
3702,195,4,5541,1,71,0
3703,195,4,4911,1,196,0
3704,195,4,5188,1,129,0
3705,195,4,4758,1,259,0
3706,195,4,4793,1,240,0
3707,195,4,5341,1,116,0
3708,195,4,4939,1,222,0
3709,195,4,4546,1,307,0
3710,195,4,5535,1,66,0
3711,195,4,4969,1,191,0
3712,195,4,5500,1,89,0
3713,195,4,5445,1,92,0
3714,195,4,5261,1,153,0
3715,195,4,5542,1,75,0
3716,195,4,5519,1,75,0
3717,195,4,5095,1,157,0
3718,195,4,5426,1,84,0
3719,195,4,5613,1,48,0
3720,195,4,5336,1,111,0
3721,195,4,5366,1,114,0
3722,195,4,5192,1,164,0
3723,196,4,4734,1,237,0
3724,196,4,5348,1,130,0
3725,196,4,4921,1,198,0
3726,196,4,5087,1,203,0
3727,196,4,5489,1,92,0
3728,196,4,5334,1,130,0
3729,196,4,5566,1,63,0
3730,196,4,5342,1,115,0
3731,196,4,5400,1,122,0
3732,196,4,5413,1,115,0
3733,196,4,5259,1,144,0
3734,196,4,5479,1,94,0
3735,196,4,5494,1,87,0
3736,196,4,5590,1,57,0
3737,196,4,5435,1,105,0
3738,196,4,5408,1,100,0
3739,196,4,5254,1,138,0
3740,196,4,5384,1,109,0
3741,196,4,5225,1,142,0
3742,196,4,5368,1,120,0
3743,196,4,5114,1,144,0
3744,196,4,5106,1,166,0
3745,196,4,5443,1,89,0
3746,196,4,4654,1,281,0
3747,197,4,5382,1,109,0
3748,197,4,5280,1,132,0
3749,197,4,5449,1,92,0
3750,197,4,5053,1,177,0
3751,197,4,5000,1,235,0
3752,197,4,5358,1,114,0
3753,197,4,5239,1,154,0
3754,197,4,5108,1,160,0
3755,197,4,5437,1,89,0
3756,197,4,5270,1,118,0
3757,197,4,5240,1,143,0
3758,197,4,5312,1,120,0
3759,197,4,5514,1,84,0
3760,197,4,5508,1,88,0
3761,197,4,5466,1,89,0
3762,197,4,5172,1,145,0
3763,197,4,5039,1,218,0
3764,197,4,4767,1,322,0
3765,197,4,5205,1,144,0
3766,197,4,4950,1,245,0
3767,197,4,5241,1,137,0
3768,198,4,4848,1,205,0
3769,198,4,5148,1,166,0
3770,198,4,5260,1,123,0
3771,198,4,5300,1,141,0
3772,198,4,4376,1,335,0
3773,198,4,5496,1,81,0
3774,198,4,5414,1,105,0
3775,198,4,4606,1,278,0
3776,198,4,5561,1,71,0
3777,198,4,5485,1,89,0
3778,198,4,5409,1,108,0
3779,198,4,5372,1,126,0
3780,198,4,5370,1,116,0
3781,198,4,5594,1,55,0
3782,198,4,5515,1,73,0
3783,198,4,5482,1,86,0
3784,198,4,5553,1,67,0
3785,198,4,5567,1,67,0
3786,198,4,5482,1,87,0
3787,198,4,5620,1,48,0
3788,198,4,5410,1,122,0
3789,198,4,5598,1,51,0
3790,198,4,5531,1,84,0
3791,198,4,5564,1,70,0
3792,198,4,5511,1,87,0
3793,198,4,5333,1,141,0
3794,198,4,5203,1,149,0
3795,198,4,5444,1,90,0
3796,199,4,5180,1,173,0
3797,199,4,5104,1,170,0
3798,199,4,5219,1,146,0
3799,199,4,5502,1,78,0
3800,199,1,1288,0,1001,1
3801,199,4,5534,1,71,0
3802,199,4,5468,1,90,0
3803,199,4,5570,1,57,0
3804,199,4,5011,1,167,0
3805,199,3,3037,0,1001,0
3806,199,4,4876,1,199,0
3807,200,4,4640,1,284,0
3808,200,4,4422,1,327,0
3809,200,4,4579,1,301,0
3810,200,4,5370,1,122,0
3811,200,4,5298,1,114,0
3812,200,4,5232,1,158,0
3813,200,4,5020,1,210,0
3814,200,4,5562,1,69,0
3815,200,4,5538,1,67,0
3816,200,3,3329,0,1001,0
3817,200,4,5388,1,94,0
3818,200,4,5350,1,121,0
3819,200,4,5398,1,102,0
3820,200,4,5303,1,139,0
3821,200,4,4880,1,256,0
3822,201,4,5157,1,134,0
3823,201,4,4899,1,257,0
3824,201,4,4640,1,304,0
3825,201,4,5171,1,147,0
3826,201,4,5135,1,150,0
3827,201,4,4940,1,184,0
3828,201,4,5341,1,102,0
3829,201,4,5392,1,98,0
3830,201,4,4866,1,224,0
3831,201,4,5602,1,47,0
3832,201,4,5318,1,134,0
3833,201,4,5379,1,93,0
3834,201,4,5013,1,169,0
3835,201,4,5565,1,68,0
3836,201,4,5534,1,68,0
3837,201,4,5232,1,175,0
3838,201,4,5598,1,53,0
3839,201,4,5634,1,45,0
3840,201,4,5615,1,52,0
3841,201,4,5581,1,55,0
3842,201,4,5567,1,60,0
3843,201,4,5289,1,124,0
3844,201,4,4278,1,349,0
3845,201,4,5402,1,98,0
3846,202,4,5436,1,80,0
3847,202,4,5587,1,55,0
3848,202,4,5342,1,107,0
3849,202,4,5275,1,122,0
3850,202,4,5093,1,150,0
3851,202,4,5147,1,165,0
3852,202,4,5513,1,71,0
3853,202,4,5429,1,100,0
3854,202,4,4824,1,215,0
3855,202,4,4760,1,224,0
3856,202,4,4868,1,193,0
3857,202,4,4403,1,301,0
3858,202,4,5278,1,113,0
3859,202,4,4955,1,179,0
3860,202,4,4578,1,271,0
3861,202,4,5324,1,119,0
3862,202,4,5047,1,290,0
3863,202,4,5339,1,149,0
3864,202,4,5086,1,160,0
3865,202,4,5214,1,134,0
3866,202,4,5487,1,71,0
3867,203,4,5425,1,88,0
3868,203,4,3594,1,504,0
3869,203,4,5570,1,61,0
3870,203,4,5108,1,157,0
3871,203,4,5207,1,137,0
3872,203,4,4815,1,214,0
3873,203,4,5468,1,82,0
3874,203,4,5078,1,179,0
3875,203,4,5166,1,178,0
3876,203,4,5497,1,70,0
3877,203,4,5413,1,92,0
3878,203,4,5523,1,67,0
3879,203,4,5472,1,85,0
3880,203,4,5303,1,105,0
3881,203,4,5178,1,135,0
3882,203,4,5548,1,65,0
3883,203,4,5494,1,103,0
3884,203,4,5489,1,77,0
3885,203,4,5406,1,95,0
3886,203,4,5460,1,106,0
3887,203,4,5547,1,65,0
3888,203,4,5336,1,142,0
3889,203,4,5478,1,85,0
3890,203,4,5373,1,92,0
3891,203,4,5250,1,115,0
3892,203,4,5426,1,94,0
3893,204,4,5280,1,110,0
3894,204,4,5482,1,73,0
3895,204,4,5297,1,111,0
3896,204,4,5192,1,136,0
3897,204,4,5492,1,78,0
3898,204,4,5564,1,61,0
3899,204,4,5432,1,90,0
3900,204,0,0,0,1001,1
3901,204,4,5590,1,58,0
3902,204,4,5475,1,70,0
3903,204,4,5487,1,75,0
3904,204,4,5461,1,81,0
3905,204,4,5450,1,77,0
3906,204,4,5566,1,58,0
3907,204,4,5214,1,125,0
3908,204,4,4771,1,216,0
3909,204,4,5262,1,112,0
3910,204,4,5425,1,85,0
3911,204,4,4696,1,233,0
3912,204,4,5299,1,107,0
3913,204,4,5481,1,84,0
3914,204,4,5463,1,86,0
3915,205,4,5089,1,153,0
3916,205,4,5565,1,58,0
3917,205,4,5228,1,138,0
3918,205,4,5429,1,103,0
3919,205,4,5452,1,91,0
3920,205,4,5597,1,53,0
3921,205,4,5269,1,115,0
3922,205,4,5300,1,121,0
3923,205,4,5510,1,73,0
3924,205,4,5558,1,66,0
3925,205,4,5497,1,73,0
3926,205,4,5469,1,112,0
3927,205,4,5278,1,127,0
3928,205,4,5434,1,84,0
3929,205,4,5540,1,62,0
3930,205,4,5517,1,66,0
3931,205,4,5471,1,85,0
3932,205,4,5026,1,175,0
3933,205,4,5530,1,68,0
3934,205,4,5537,1,61,0
3935,205,4,5437,1,93,0
3936,205,4,5620,1,45,0
3937,205,4,5539,1,66,0
3938,205,4,5574,1,60,0
3939,205,4,5589,1,51,0
3940,205,4,5558,1,58,0
3941,205,4,5652,1,40,0
3942,205,4,5437,1,104,0
3943,205,4,5549,1,63,0
3944,205,4,5386,1,102,0
3945,205,4,5603,1,55,0
3946,205,4,5438,1,91,0
3947,205,4,5498,1,75,0
3948,205,4,5614,1,49,0
3949,205,4,5511,1,78,0
3950,205,4,5631,1,46,0
3951,205,4,5537,1,70,0
3952,205,4,5576,1,58,0
3953,205,4,5424,1,98,0
3954,205,4,5296,1,161,0
3955,206,4,5514,1,74,0
3956,206,4,5629,1,46,0
3957,206,4,5523,1,72,0
3958,206,4,5584,1,56,0
3959,206,4,5540,1,63,0
3960,206,4,5443,1,124,0
3961,206,4,5558,1,70,0
3962,206,4,5563,1,61,0
3963,206,4,5639,1,42,0
3964,206,4,5534,1,70,0
3965,206,4,5513,1,86,0
3966,206,4,5422,1,146,0
3967,206,4,5509,1,75,0
3968,206,4,5568,1,63,0
3969,206,4,5457,1,100,0
3970,206,4,5355,1,118,0
3971,206,4,5500,1,75,0
3972,206,4,5426,1,92,0
3973,206,4,5362,1,113,0
3974,206,4,5509,1,81,0
3975,206,4,5197,1,220,0
3976,206,4,5485,1,83,0
3977,206,4,5453,1,90,0
3978,206,4,5520,1,69,0
3979,206,4,5421,1,105,0
3980,206,4,5402,1,100,0
3981,206,4,5603,1,55,0
3982,206,4,5602,1,55,0
3983,206,4,5446,1,87,0
3984,206,4,5568,1,59,0
3985,206,4,5522,1,70,0
3986,206,4,5510,1,71,0
3987,206,4,5416,1,90,0
3988,206,4,5512,1,79,0
3989,206,4,5485,1,81,0
3990,206,4,5545,1,67,0
3991,206,4,5537,1,67,0
3992,206,4,5477,1,80,0
3993,206,4,5579,1,56,0
3994,207,4,5606,1,54,0
3995,207,4,5290,1,142,0
3996,207,4,5282,1,158,0
3997,207,4,5586,1,61,0
3998,207,4,5497,1,70,0
3999,207,4,5569,1,61,0
4000,207,1,1291,0,1001,1
4001,207,4,5590,1,53,0
