1,0,3,2714,0,1001,0
2,1,3,2223,0,1001,0
3,1,3,2360,0,1001,0
4,1,0,99,0,1001,0
5,2,3,3359,0,1001,0
6,2,3,3051,0,1001,0
7,2,3,2919,0,1001,0
8,3,2,2038,0,1001,0
9,3,2,1270,0,1001,0
10,3,2,1941,0,1001,0
11,4,3,2959,0,1001,0
12,4,3,2828,0,1001,0
13,4,2,2070,0,1001,0
14,5,3,2238,0,1001,0
15,5,3,3000,0,1001,0
16,5,3,1634,0,1001,0
17,6,3,2687,0,1001,0
18,6,3,2859,0,1001,0
19,6,3,1851,0,1001,0
20,7,4,3519,1,794,0
21,7,3,2581,0,1001,0
22,7,4,4886,1,286,0
23,7,4,5127,1,171,0
24,7,4,5016,1,189,0
25,7,4,4836,1,269,0
26,7,4,4761,1,233,0
27,7,4,4760,1,295,0
28,8,2,2045,0,1001,0
29,8,4,5020,1,187,0
30,8,4,5275,1,138,0
31,8,3,3042,0,1001,0
32,8,4,4728,1,292,0
33,8,4,3930,1,429,0
34,9,3,2974,0,1001,0
35,9,2,2044,0,1001,0
36,9,3,2794,0,1001,0
37,10,3,3101,0,1001,0
38,10,4,4169,1,757,0
39,10,4,4112,1,663,0
40,10,3,2962,0,1001,0
41,11,2,1731,0,1001,0
42,11,4,3681,1,902,0
43,11,4,4142,1,747,0
44,12,4,4073,1,984,0
45,12,4,4340,1,539,0
46,12,4,5247,1,176,0
47,12,4,4725,1,400,0
48,12,4,4889,1,337,0
49,12,2,2270,0,1001,0
50,13,4,3955,1,650,0
51,13,4,5107,1,227,0
52,13,4,3425,1,816,0
53,13,4,4459,1,501,0
54,13,4,4839,1,374,0
55,14,3,2397,0,1001,0
56,14,4,4688,1,325,0
57,14,3,2849,0,1001,0
58,14,4,5396,1,88,0
59,14,4,3456,1,821,0
60,14,4,4558,1,437,0
61,15,4,4894,1,380,0
62,15,4,4848,1,362,0
63,15,4,4289,1,463,0
64,15,4,4692,1,241,0
65,15,4,4585,1,472,0
66,15,2,2344,0,1001,0
67,15,4,5174,1,197,0
68,16,4,4404,1,512,0
69,16,4,4674,1,243,0
70,16,4,4738,1,388,0
71,16,4,4309,1,526,0
72,16,3,3268,0,1001,0
73,16,4,5221,1,179,0
74,16,4,4265,1,522,0
75,17,4,4550,1,455,0
76,17,2,2280,0,1001,0
77,17,4,4773,1,366,0
78,17,4,5046,1,248,0
79,17,4,4963,1,187,0
80,17,4,4808,1,274,0
81,17,4,4711,1,324,0
82,18,3,3024,0,1001,0
83,18,4,5065,1,214,0
84,18,4,4677,1,271,0
85,18,4,4960,1,284,0
86,18,4,4921,1,235,0
87,18,4,3968,1,564,0
88,18,4,5091,1,221,0
89,18,4,4540,1,400,0
90,18,4,4954,1,206,0
91,19,4,5201,1,181,0
92,19,4,5236,1,150,0
93,19,2,2336,0,1001,0
94,19,4,5098,1,207,0
95,19,4,3908,1,807,0
96,20,2,2276,0,1001,0
97,20,4,5206,1,160,0
98,20,4,3830,1,757,0
99,20,4,5018,1,229,0
100,20,0,0,0,1001,1
101,20,4,5063,1,199,0
102,20,4,5390,1,147,0
103,20,4,5387,1,101,0
104,21,4,3579,1,651,0
105,21,4,4634,1,300,0
106,21,4,4635,1,282,0
107,21,4,4476,1,309,0
108,21,4,4974,1,214,0
109,21,4,4526,1,345,0
110,21,4,4848,1,297,0
111,21,4,4720,1,276,0
112,21,4,5266,1,113,0
113,21,4,4183,1,457,0
114,22,4,4461,1,386,0
115,22,2,2239,0,1001,0
116,22,4,3719,1,530,0
117,22,4,4032,1,440,0
118,22,4,5079,1,172,0
119,23,2,1915,0,1001,0
120,23,4,5306,1,115,0
121,23,4,5557,1,70,0
122,23,4,4806,1,240,0
123,23,4,4313,1,407,0
124,23,4,4698,1,375,0
125,23,4,4180,1,529,0
126,23,4,4633,1,335,0
127,24,2,2167,0,1001,0
128,24,2,1697,0,1001,0
129,24,4,5290,1,107,0
130,24,4,5272,1,111,0
131,24,3,3314,0,1001,0
132,24,4,4272,1,451,0
133,24,4,5338,1,115,0
134,25,4,4985,1,264,0
135,25,4,3022,1,961,0
136,25,4,3841,1,567,0
137,25,4,4962,1,236,0
138,25,4,5429,1,89,0
139,25,4,5223,1,140,0
140,25,4,4897,1,236,0
141,25,4,4598,1,280,0
142,26,4,3617,1,922,0
143,26,4,4418,1,426,0
144,26,4,4380,1,383,0
145,26,4,4528,1,332,0
146,26,4,5224,1,164,0
147,26,4,4276,1,339,0
148,26,4,4959,1,250,0
149,26,4,5439,1,96,0
150,26,4,5240,1,142,0
151,26,4,5349,1,124,0
152,26,4,4319,1,373,0
153,26,4,5386,1,109,0
154,27,3,2644,0,1001,0
155,27,4,5029,1,183,0
156,27,2,2352,0,1001,0
157,28,1,1161,0,1001,0
158,28,4,4412,1,319,0
159,28,4,4845,1,244,0
160,28,4,5460,1,97,0
161,28,2,2217,0,1001,0
162,28,3,2908,0,1001,0
163,28,4,4757,1,284,0
164,29,2,2260,0,1001,0
165,29,4,4892,1,331,0
166,29,4,5457,1,85,0
167,29,2,2181,0,1001,0
168,29,4,5369,1,145,0
169,29,4,4632,1,359,0
170,30,4,4588,1,310,0
171,30,4,4446,1,411,0
172,30,4,5160,1,170,0
173,30,4,5037,1,178,0
174,30,4,5317,1,159,0
175,30,4,4603,1,360,0
176,30,4,4912,1,239,0
177,30,4,5045,1,287,0
178,30,4,4504,1,401,0
179,31,2,2287,0,1001,0
180,31,2,2314,0,1001,0
181,31,2,2331,0,1001,0
182,31,4,5542,1,69,0
183,31,4,5233,1,162,0
184,31,4,5384,1,126,0
185,31,4,4890,1,219,0
186,32,4,4311,1,556,0
187,32,4,5043,1,175,0
188,32,4,4664,1,330,0
189,32,4,4833,1,276,0
190,32,4,5254,1,152,0
191,32,4,4769,1,259,0
192,32,3,3303,0,1001,0
193,32,4,5098,1,212,0
194,32,4,5232,1,138,0
195,32,4,4720,1,282,0
196,32,4,5560,1,56,0
197,32,4,5290,1,119,0
198,33,3,3420,0,1001,0
199,33,4,4951,1,212,0
200,33,0,0,0,1001,1
201,33,4,5415,1,82,0
202,33,4,5413,1,97,0
203,33,4,5153,1,180,0
204,33,4,5146,1,136,0
205,33,4,4873,1,307,0
206,34,4,4631,1,244,0
207,34,4,5383,1,106,0
208,34,4,5252,1,125,0
209,34,2,2106,0,1001,0
210,34,4,5159,1,145,0
211,34,4,5197,1,134,0
212,34,4,4630,1,352,0
213,34,4,4797,1,243,0
214,35,2,2352,0,1001,0
215,35,2,2192,0,1001,0
216,35,4,4486,1,420,0
217,35,4,4479,1,489,0
218,35,2,2321,0,1001,0
219,36,4,5148,1,161,0
220,36,4,5223,1,129,0
221,36,4,4997,1,227,0
222,36,4,4974,1,213,0
223,36,4,5367,1,114,0
224,36,2,2260,0,1001,0
225,36,4,5095,1,190,0
226,36,4,4989,1,212,0
227,36,4,5385,1,103,0
228,36,4,4910,1,201,0
229,36,4,4254,1,395,0
230,37,3,3252,0,1001,0
231,37,4,4740,1,224,0
232,37,4,4970,1,221,0
233,37,4,5013,1,187,0
234,37,4,5356,1,106,0
235,37,4,5363,1,104,0
236,37,4,5465,1,82,0
237,37,4,4922,1,198,0
238,37,4,5037,1,252,0
239,37,4,4913,1,208,0
240,37,4,4974,1,177,0
241,37,4,4918,1,189,0
242,37,4,5246,1,147,0
243,37,4,4935,1,226,0
244,38,3,3365,0,1001,0
245,38,4,4549,1,272,0
246,38,4,4319,1,365,0
247,38,4,4981,1,172,0
248,38,4,5059,1,173,0
249,38,4,5113,1,155,0
250,38,4,4262,1,356,0
251,38,4,4348,1,409,0
252,38,4,5328,1,113,0
253,39,3,2827,0,1001,0
254,39,4,4976,1,190,0
255,39,4,4349,1,407,0
256,39,4,5040,1,233,0
257,39,4,4822,1,241,0
258,39,4,5428,1,82,0
259,39,4,4459,1,414,0
260,39,4,3913,1,452,0
261,39,4,4789,1,226,0
262,39,4,5441,1,93,0
263,40,4,5167,1,182,0
264,40,4,5240,1,124,0
265,40,4,5015,1,171,0
266,40,4,4759,1,311,0
267,40,4,4899,1,226,0
268,40,4,4960,1,206,0
269,40,4,3979,1,547,0
270,40,4,5353,1,109,0
271,40,4,5088,1,202,0
272,40,4,5545,1,71,0
273,40,4,5460,1,92,0
274,40,4,5097,1,168,0
275,41,1,1224,0,1001,0
276,41,4,5113,1,180,0
277,41,4,5121,1,205,0
278,41,4,5195,1,156,0
279,41,4,5228,1,150,0
280,41,4,5304,1,113,0
281,41,4,5419,1,95,0
282,41,4,5411,1,106,0
283,41,4,4023,1,554,0
284,41,4,4936,1,250,0
285,41,4,4958,1,251,0
286,41,4,5375,1,96,0
287,41,4,4065,1,455,0
288,41,4,5199,1,127,0
289,42,4,4981,1,233,0
290,42,4,4704,1,251,0
291,42,4,5546,1,60,0
292,42,4,5395,1,105,0
293,42,4,4400,1,314,0
294,42,4,5166,1,143,0
295,42,4,4377,1,388,0
296,42,4,5458,1,85,0
297,42,4,5125,1,176,0
298,42,4,4823,1,216,0
299,42,3,3492,0,1001,0
300,43,1,1180,0,1001,1
301,43,4,5251,1,131,0
302,43,4,5545,1,65,0
303,43,4,5563,1,58,0
304,43,4,5240,1,153,0
305,43,4,5383,1,138,0
306,43,3,3499,0,1001,0
307,43,4,5411,1,102,0
308,43,4,5401,1,134,0
309,43,4,5556,1,61,0
310,43,4,5466,1,85,0
311,43,4,5368,1,125,0
312,43,4,4532,1,285,0
313,44,4,5472,1,77,0
314,44,4,5362,1,108,0
315,44,4,5503,1,75,0
316,44,4,5230,1,148,0
317,44,4,4742,1,290,0
318,44,4,5442,1,87,0
319,44,3,3440,0,1001,0
320,44,4,5464,1,88,0
321,44,4,4428,1,324,0
322,44,4,5184,1,137,0
323,44,4,5439,1,97,0
324,44,4,5077,1,197,0
325,44,4,5434,1,90,0
326,44,4,5440,1,88,0
327,45,2,2297,0,1001,0
328,45,3,3030,0,1001,0
329,45,4,5462,1,86,0
330,45,4,5535,1,64,0
331,45,4,5534,1,86,0
332,45,4,5333,1,128,0
333,45,4,5543,1,67,0
334,45,4,5486,1,76,0
335,45,4,5335,1,120,0
336,46,2,2153,0,1001,0
337,46,4,4513,1,304,0
338,46,4,4905,1,233,0
339,46,4,4910,1,191,0
340,46,4,5356,1,98,0
341,46,4,4685,1,274,0
342,46,4,5443,1,85,0
343,46,4,4879,1,244,0
344,46,2,2029,0,1001,0
345,46,4,5387,1,100,0
346,46,4,5471,1,83,0
347,46,4,4922,1,264,0
348,46,4,5557,1,62,0
349,47,3,3472,0,1001,0
350,47,4,5430,1,82,0
351,47,4,5311,1,145,0
352,47,2,2328,0,1001,0
353,48,3,3430,0,1001,0
354,48,4,5354,1,158,0
355,48,4,5274,1,157,0
356,48,4,5375,1,101,0
357,48,4,5030,1,193,0
358,48,4,5252,1,139,0
359,48,4,5274,1,123,0
360,48,4,4333,1,331,0
361,48,4,5210,1,172,0
362,48,4,5434,1,88,0
363,48,2,2270,0,1001,0
364,48,4,4911,1,248,0
365,49,2,2308,0,1001,0
366,49,4,4680,1,336,0
367,49,4,5367,1,108,0
368,49,4,5327,1,110,0
369,49,4,4981,1,201,0
370,49,4,5208,1,166,0
371,49,4,5408,1,94,0
372,49,4,5041,1,194,0
373,49,4,5420,1,91,0
374,49,4,5509,1,68,0
375,49,3,2410,0,1001,0
376,50,4,5628,1,48,0
377,50,4,5450,1,87,0
378,50,4,5322,1,143,0
379,50,4,5537,1,77,0
380,50,4,5195,1,148,0
381,50,4,5166,1,217,0
382,50,4,5313,1,133,0
383,50,4,5434,1,96,0
384,50,4,5336,1,115,0
385,50,4,5343,1,109,0
386,50,4,5132,1,234,0
387,50,4,5494,1,72,0
388,50,4,5483,1,87,0
389,50,4,5439,1,99,0
390,50,4,5576,1,54,0
391,50,4,5525,1,66,0
392,50,4,5568,1,56,0
393,50,4,4745,1,271,0
394,50,4,5420,1,93,0
395,50,4,5534,1,69,0
396,50,4,5564,1,57,0
397,50,4,5606,1,47,0
398,50,4,5177,1,168,0
399,51,3,3455,0,1001,0
400,51,4,5611,1,46,1
401,51,4,5552,1,59,0
402,51,4,5332,1,103,0
403,51,4,5488,1,73,0
404,51,4,5519,1,75,0
405,51,4,5524,1,63,0
406,51,4,5598,1,52,0
407,51,4,4819,1,205,0
408,51,4,5391,1,106,0
409,51,4,4143,1,691,0
410,51,4,5572,1,54,0
411,51,4,5041,1,233,0
412,51,4,5580,1,56,0
413,51,4,5189,1,148,0
414,51,4,4514,1,475,0
415,51,4,5557,1,59,0
416,51,4,5166,1,173,0
417,51,4,5581,1,53,0
418,52,4,5398,1,91,0
419,52,4,4708,1,299,0
420,52,4,5556,1,65,0
421,52,4,4997,1,254,0
422,52,4,5479,1,76,0
423,52,4,5229,1,178,0
424,52,4,5570,1,58,0
425,52,4,5564,1,60,0
426,52,4,5500,1,71,0
427,52,4,5144,1,225,0
428,52,4,5222,1,160,0
429,52,4,4689,1,290,0
430,52,4,5580,1,53,0
431,52,4,5597,1,79,0
432,52,4,5532,1,66,0
433,52,4,5518,1,82,0
434,52,4,5393,1,101,0
435,52,4,5446,1,97,0
436,52,4,5555,1,57,0
437,52,4,5403,1,107,0
438,52,4,5596,1,50,0
439,52,4,5048,1,217,0
440,52,4,5496,1,74,0
441,53,4,3575,1,511,0
442,53,4,5565,1,62,0
443,53,4,5529,1,65,0
444,53,4,5519,1,71,0
445,53,4,5277,1,143,0
446,53,3,3398,0,1001,0
447,53,4,5050,1,183,0
448,53,4,5627,1,42,0
449,53,4,5343,1,112,0
450,53,4,5253,1,139,0
451,53,4,5481,1,76,0
452,53,4,5553,1,60,0
453,53,4,5605,1,48,0
454,53,4,5305,1,155,0
455,53,4,5565,1,62,0
456,53,4,5557,1,62,0
457,53,4,5276,1,123,0
458,53,4,5274,1,167,0
459,53,4,5512,1,91,0
460,54,3,3199,0,1001,0
461,54,4,5011,1,194,0
462,54,4,4628,1,363,0
463,54,4,5525,1,68,0
464,54,4,5588,1,53,0
465,54,3,3183,0,1001,0
466,54,4,5567,1,60,0
467,54,4,5077,1,235,0
468,54,4,5522,1,69,0
469,54,4,5375,1,102,0
470,54,4,5465,1,81,0
471,54,4,5446,1,86,0
472,54,4,5515,1,74,0
473,55,4,5452,1,85,0
474,55,4,4851,1,323,0
475,55,4,4725,1,269,0
476,55,4,5405,1,95,0
477,55,4,5532,1,74,0
478,55,4,5437,1,114,0
479,55,4,5255,1,183,0
480,55,4,4902,1,288,0
481,55,4,5501,1,76,0
482,55,4,5542,1,93,0
483,55,4,4716,1,328,0
484,55,3,3474,0,1001,0
485,55,4,4859,1,264,0
486,56,4,5572,1,54,0
487,56,4,5484,1,81,0
488,56,4,5303,1,138,0
489,56,4,5183,1,142,0
490,56,4,5417,1,101,0
491,56,4,5425,1,94,0
492,56,4,5462,1,88,0
493,56,4,5201,1,179,0
494,56,4,5271,1,135,0
495,56,4,5420,1,104,0
496,56,4,5355,1,125,0
497,56,4,5243,1,137,0
498,56,4,5488,1,78,0
499,56,4,5300,1,125,0
500,56,2,2445,0,1001,1
501,56,4,5429,1,99,0
502,56,4,5047,1,220,0
503,56,4,5184,1,183,0
504,57,4,5001,1,246,0
505,57,4,5495,1,67,0
506,57,4,5515,1,73,0
507,57,4,5202,1,147,0
508,57,4,4981,1,215,0
509,57,4,5348,1,132,0
510,57,4,5345,1,139,0
511,57,4,4503,1,403,0
512,57,4,5466,1,80,0
513,57,3,3501,0,1001,0
514,57,4,5385,1,116,0
515,57,4,5549,1,69,0
516,57,4,4364,1,430,0
517,58,4,5199,1,170,0
518,58,4,5257,1,172,0
519,58,4,5194,1,206,0
520,58,4,5413,1,116,0
521,58,4,5579,1,58,0
522,58,4,5507,1,86,0
523,58,4,5439,1,111,0
524,58,4,4950,1,268,0
525,58,4,5501,1,89,0
526,58,4,5112,1,171,0
527,58,4,5494,1,97,0
528,58,4,4435,1,411,0
529,58,4,5481,1,93,0
530,58,4,5452,1,87,0
531,58,4,5457,1,98,0
532,58,4,5566,1,61,0
533,58,4,5522,1,82,0
534,58,4,5510,1,74,0
535,58,4,5310,1,125,0
536,58,4,5540,1,68,0
537,58,4,5507,1,86,0
538,58,4,5163,1,158,0
539,58,4,5245,1,173,0
540,58,4,5460,1,149,0
541,59,4,4675,1,283,0
542,59,3,3465,0,1001,0
543,59,4,5553,1,68,0
544,59,4,5578,1,56,0
545,59,4,5223,1,146,0
546,59,4,5495,1,92,0
547,59,4,5214,1,152,0
548,59,4,5059,1,197,0
549,59,4,5424,1,101,0
550,59,4,5593,1,83,0
551,59,4,4878,1,244,0
552,59,4,5595,1,53,0
553,59,4,5159,1,178,0
554,59,4,5422,1,133,0
555,59,4,5006,1,211,0
556,60,4,5390,1,153,0
557,60,4,5557,1,81,0
558,60,4,5523,1,70,0
559,60,4,5584,1,55,0
560,60,3,3556,0,1001,0
561,60,4,5124,1,206,0
562,60,4,5593,1,81,0
563,60,4,5564,1,59,0
564,60,4,5529,1,70,0
565,60,4,5570,1,76,0
566,60,4,5550,1,72,0
567,60,4,5657,1,62,0
568,60,4,5419,1,94,0
569,60,4,5563,1,66,0
570,60,4,5595,1,52,0
571,60,4,4561,1,366,0
572,60,4,5568,1,60,0
573,60,4,4952,1,232,0
574,61,4,4162,1,434,0
575,61,4,5268,1,145,0
576,61,4,5550,1,66,0
577,61,4,5577,1,55,0
578,61,4,5534,1,68,0
579,61,4,5526,1,65,0
580,61,4,5535,1,99,0
581,61,4,5542,1,61,0
582,61,2,2337,0,1001,0
583,61,4,5498,1,84,0
584,61,4,5433,1,81,0
585,61,4,4849,1,261,0
586,61,4,5495,1,81,0
587,61,4,5438,1,104,0
588,61,4,5590,1,58,0
589,61,4,5508,1,92,0
590,61,4,5545,1,74,0
591,61,4,5308,1,142,0
592,62,2,2296,0,1001,0
593,62,4,5031,1,202,0
594,62,3,3484,0,1001,0
595,62,4,5166,1,171,0
596,62,4,5565,1,57,0
597,62,4,5423,1,112,0
598,62,4,5433,1,127,0
599,62,4,5394,1,148,0
600,63,3,3602,0,1001,1
601,63,4,5587,1,89,0
602,63,4,5494,1,89,0
603,63,4,5406,1,130,0
604,63,4,4923,1,291,0
605,63,4,5487,1,99,0
606,63,4,5158,1,182,0
607,63,4,5421,1,122,0
608,63,4,5223,1,190,0
609,63,4,5415,1,137,0
610,63,4,5070,1,273,0
611,63,4,4888,1,313,0
612,63,4,5578,1,81,0
613,63,3,3520,0,1001,0
614,64,4,5520,1,86,0
615,64,4,5363,1,160,0
616,64,4,5077,1,196,0
617,64,4,4983,1,199,0
618,64,4,5521,1,75,0
619,64,4,4876,1,245,0
620,64,4,5537,1,64,0
621,64,4,5209,1,151,0
622,64,2,2249,0,1001,0
623,64,4,4698,1,323,0
624,64,4,5546,1,68,0
625,64,4,5477,1,80,0
626,64,4,5499,1,77,0
627,64,4,5466,1,78,0
628,65,3,3474,0,1001,0
629,65,4,5435,1,116,0
630,65,4,5574,1,58,0
631,65,4,5513,1,116,0
632,65,4,5504,1,89,0
633,65,4,5243,1,134,0
634,65,3,3486,0,1001,0
635,65,4,4980,1,211,0
636,65,4,5519,1,69,0
637,65,4,5365,1,131,0
638,65,4,5419,1,98,0
639,65,4,5261,1,145,0
640,65,4,5076,1,188,0
641,66,4,5114,1,189,0
642,66,3,3469,0,1001,0
643,66,3,3456,0,1001,0
644,66,4,5535,1,63,0
645,66,4,5483,1,75,0
646,66,4,5493,1,91,0
647,66,4,5594,1,50,0
648,66,4,5493,1,76,0
649,66,4,5272,1,209,0
650,66,4,5563,1,64,0
651,66,4,5209,1,215,0
652,66,4,5439,1,104,0
653,66,4,5474,1,88,0
654,67,3,3395,0,1001,0
655,67,4,5545,1,65,0
656,67,4,5463,1,86,0
657,67,4,5551,1,58,0
658,67,4,5512,1,69,0
659,67,4,5395,1,96,0
660,67,4,5505,1,80,0
661,67,4,5588,1,53,0
662,67,4,5488,1,94,0
663,67,4,5422,1,84,0
664,67,4,5402,1,96,0
665,67,4,5435,1,117,0
666,67,4,5064,1,181,0
667,67,4,5139,1,224,0
668,67,4,5288,1,109,0
669,67,4,5541,1,63,0
670,67,4,4963,1,223,0
671,67,4,5585,1,54,0
672,67,4,5523,1,77,0
673,67,4,5440,1,126,0
674,67,4,5493,1,76,0
675,68,4,5276,1,147,0
676,68,4,5463,1,80,0
677,68,4,5409,1,87,0
678,68,4,4012,1,500,0
679,68,4,5529,1,69,0
680,68,4,5260,1,126,0
681,68,4,5497,1,89,0
682,68,4,5252,1,132,0
683,68,4,4719,1,266,0
684,68,4,5561,1,58,0
685,68,4,5505,1,71,0
686,68,3,3491,0,1001,0
687,68,4,5165,1,188,0
688,68,4,5567,1,80,0
689,68,4,4962,1,220,0
690,68,4,5567,1,63,0
691,69,4,5548,1,65,0
692,69,4,5366,1,104,0
693,69,4,5562,1,64,0
694,69,4,5502,1,77,0
695,69,4,5572,1,57,0
696,69,4,5537,1,65,0
697,69,4,5084,1,211,0
698,69,4,5517,1,74,0
699,69,4,5405,1,109,0
700,69,4,5605,1,48,1
701,69,4,5091,1,194,0
702,69,4,5386,1,93,0
703,69,4,5509,1,83,0
704,69,4,5532,1,102,0
705,69,4,5088,1,228,0
706,69,4,5554,1,62,0
707,69,3,3477,0,1001,0
708,69,4,5551,1,64,0
709,69,4,5534,1,68,0
710,69,4,4902,1,238,0
711,69,4,5560,1,61,0
712,69,4,5385,1,97,0
713,70,4,5523,1,70,0
714,70,4,5556,1,63,0
715,70,4,5449,1,85,0
716,70,3,3479,0,1001,0
717,70,4,5487,1,87,0
718,70,4,5543,1,72,0
719,70,4,5435,1,111,0
720,70,4,5449,1,88,0
721,70,4,5521,1,87,0
722,70,4,5527,1,70,0
723,70,4,5471,1,110,0
724,70,4,4885,1,334,0
725,70,4,5588,1,52,0
726,70,4,5263,1,139,0
727,70,4,5547,1,66,0
728,70,4,5540,1,70,0
729,70,4,5523,1,71,0
730,70,4,5588,1,53,0
731,70,4,5502,1,74,0
732,70,4,5430,1,103,0
733,70,4,4977,1,223,0
734,70,4,5461,1,103,0
735,71,4,5512,1,72,0
736,71,4,5500,1,73,0
737,71,4,5535,1,65,0
738,71,4,5605,1,48,0
739,71,4,5486,1,80,0
740,71,3,3480,0,1001,0
741,71,4,5510,1,69,0
742,71,4,5506,1,71,0
743,71,4,5520,1,67,0
744,71,4,5535,1,70,0
745,71,4,5552,1,61,0
746,71,4,5555,1,71,0
747,71,4,5471,1,78,0
748,71,4,5457,1,104,0
749,71,4,5369,1,98,0
750,71,4,5351,1,116,0
751,71,4,5585,1,78,0
752,71,4,4691,1,353,0
753,71,4,5070,1,229,0
754,71,4,5570,1,56,0
755,72,3,3506,0,1001,0
756,72,4,5589,1,53,0
757,72,4,5327,1,155,0
758,72,4,5505,1,77,0
759,72,4,5440,1,96,0
760,72,4,5538,1,65,0
761,72,4,5593,1,51,0
762,72,4,5444,1,89,0
763,72,3,3453,0,1001,0
764,72,4,5545,1,59,0
765,72,4,5317,1,115,0
766,72,4,5573,1,58,0
767,72,4,5590,1,52,0
768,72,4,5542,1,63,0
769,72,4,5538,1,67,0
770,72,4,5310,1,103,0
771,72,4,5534,1,70,0
772,73,3,3487,0,1001,0
773,73,4,5422,1,95,0
774,73,4,5522,1,68,0
775,73,4,5587,1,53,0
776,73,4,5333,1,108,0
777,73,4,5429,1,126,0
778,73,4,5129,1,160,0
779,73,4,5465,1,85,0
780,73,4,5455,1,77,0
781,73,4,5521,1,70,0
782,73,4,5614,1,46,0
783,73,4,5324,1,143,0
784,73,4,5502,1,80,0
785,73,4,4972,1,243,0
786,73,4,5561,1,58,0
787,73,4,5532,1,65,0
788,74,3,3302,0,1001,0
789,74,4,5057,1,207,0
790,74,4,5612,1,47,0
791,74,4,5391,1,112,0
792,74,4,5492,1,82,0
793,74,4,5068,1,240,0
794,74,3,3320,0,1001,0
795,74,3,3456,0,1001,0
796,74,4,5280,1,158,0
797,75,4,5333,1,128,0
798,75,4,5418,1,117,0
799,75,4,5066,1,209,0
800,75,1,1278,0,1001,1
801,75,4,4826,1,281,0
802,75,4,5252,1,186,0
803,75,4,5616,1,46,0
804,75,4,5483,1,101,0
805,75,4,5233,1,197,0
806,75,4,5469,1,82,0
807,75,4,5357,1,113,0
808,75,4,5366,1,123,0
809,75,4,5357,1,110,0
810,75,4,5323,1,135,0
811,75,4,5336,1,121,0
812,75,4,5393,1,130,0
813,75,4,5563,1,59,0
814,75,4,5468,1,89,0
815,76,4,5384,1,118,0
816,76,4,5499,1,72,0
817,76,4,5342,1,117,0
818,76,4,5512,1,76,0
819,76,4,5450,1,95,0
820,76,4,5268,1,147,0
821,76,4,5113,1,169,0
822,76,4,5588,1,52,0
823,76,4,5434,1,98,0
824,76,4,5612,1,70,0
825,76,4,5462,1,90,0
826,76,4,5464,1,79,0
827,76,4,5493,1,113,0
828,76,4,5499,1,76,0
829,76,4,5132,1,154,0
830,76,4,5535,1,67,0
831,76,4,5457,1,89,0
832,76,2,2350,0,1001,0
833,76,4,5467,1,150,0
834,76,4,5402,1,114,0
835,76,4,5182,1,194,0
836,76,4,5603,1,54,0
837,77,4,5554,1,70,0
838,77,4,5443,1,118,0
839,77,4,5453,1,107,0
840,77,4,5323,1,179,0
841,77,4,4717,1,284,0
842,77,4,5516,1,71,0
843,77,3,3469,0,1001,0
844,77,4,5604,1,49,0
845,77,4,5471,1,78,0
846,77,4,5420,1,92,0
847,77,4,5062,1,153,0
848,77,4,5168,1,149,0
849,77,4,5304,1,136,0
850,77,4,5601,1,51,0
851,77,4,4971,1,199,0
852,77,4,5493,1,69,0
853,77,4,5552,1,60,0
854,77,4,5392,1,116,0
855,77,4,5571,1,57,0
856,77,4,5441,1,104,0
857,78,4,5167,1,157,0
858,78,4,5598,1,82,0
859,78,4,5530,1,71,0
860,78,3,3490,0,1001,0
861,78,4,5342,1,123,0
862,78,4,5557,1,74,0
863,78,4,5410,1,109,0
864,78,4,5270,1,202,0
865,78,4,5012,1,213,0
866,78,4,5367,1,124,0
867,78,4,5428,1,118,0
868,78,4,5082,1,205,0
869,78,4,5485,1,83,0
870,78,4,5530,1,66,0
871,78,4,5176,1,221,0
872,78,4,5437,1,99,0
873,78,4,5452,1,92,0
874,79,4,5293,1,149,0
875,79,4,5487,1,85,0
876,79,4,5377,1,163,0
877,79,4,4715,1,319,0
878,79,4,5334,1,134,0
879,79,4,5481,1,91,0
880,79,4,5073,1,204,0
881,79,4,5412,1,124,0
882,79,4,5457,1,113,0
883,79,3,3476,0,1001,0
884,79,4,5481,1,81,0
885,79,4,5598,1,86,0
886,79,4,5479,1,94,0
887,79,4,5398,1,111,0
888,79,4,5501,1,85,0
889,79,4,5253,1,174,0
890,79,4,5162,1,184,0
891,80,4,5360,1,123,0
892,80,4,5564,1,56,0
893,80,4,5474,1,98,0
894,80,4,5419,1,106,0
895,80,3,3494,0,1001,0
896,80,4,5258,1,177,0
897,80,4,5335,1,102,0
898,80,4,5012,1,281,0
899,80,4,5264,1,145,0
900,80,3,3510,0,1001,1
901,81,4,4783,1,237,0
902,81,4,5379,1,125,0
903,81,4,5309,1,129,0
904,81,4,5403,1,116,0
905,81,4,5551,1,74,0
906,81,4,5514,1,83,0
907,81,4,4737,1,247,0
908,81,4,4357,1,392,0
909,81,4,5583,1,56,0
910,81,4,5413,1,107,0
911,81,4,5245,1,143,0
912,81,4,5657,1,57,0
913,81,4,5071,1,196,0
914,81,4,5233,1,196,0
915,81,4,5507,1,83,0
916,81,4,5205,1,182,0
917,81,4,5448,1,91,0
918,81,4,5209,1,161,0
919,81,4,5323,1,144,0
920,81,4,5355,1,114,0
921,81,4,5226,1,145,0
922,81,4,5538,1,67,0
923,82,4,5443,1,120,0
924,82,4,5576,1,63,0
925,82,4,5513,1,81,0
926,82,4,5515,1,77,0
927,82,3,3503,0,1001,0
928,82,4,5565,1,61,0
929,82,4,5384,1,102,0
930,82,4,4806,1,239,0
931,82,4,5469,1,81,0
932,82,3,3453,0,1001,0
933,82,4,5136,1,171,0
934,83,4,4999,1,232,0
935,83,4,5076,1,158,0
936,83,4,5324,1,139,0
937,83,4,5377,1,106,0
938,83,4,5541,1,79,0
939,83,2,2182,0,1001,0
940,83,4,5577,1,53,0
941,83,3,3411,0,1001,0
942,84,3,3317,0,1001,0
943,84,4,5335,1,152,0
944,84,4,5531,1,65,0
945,84,4,4752,1,289,0
946,84,4,5509,1,101,0
947,84,4,5152,1,133,0
948,84,4,5522,1,67,0
949,84,4,5573,1,56,0
950,84,4,5574,1,57,0
951,84,3,3481,0,1001,0
952,84,4,5487,1,113,0
953,84,4,5557,1,58,0
954,84,4,5491,1,79,0
955,84,4,5558,1,92,0
956,84,4,5574,1,54,0
957,85,2,1981,0,1001,0
958,85,4,5522,1,68,0
959,85,4,5477,1,91,0
960,85,4,4935,1,208,0
961,85,4,4947,1,179,0
962,85,4,5551,1,68,0
963,85,4,5232,1,153,0
964,85,4,5536,1,72,0
965,85,4,5502,1,73,0
966,85,4,5023,1,209,0
967,85,4,5120,1,159,0
968,85,4,4642,1,310,0
969,85,4,5305,1,167,0
970,86,3,3414,0,1001,0
971,86,4,4964,1,226,0
972,86,4,4884,1,253,0
973,86,4,5502,1,97,0
974,86,4,4870,1,285,0
975,86,4,5423,1,101,0
976,86,4,5481,1,80,0
977,86,4,5493,1,92,0
978,86,4,5509,1,89,0
979,86,4,5209,1,153,0
980,86,4,5272,1,159,0
981,86,4,5490,1,80,0
982,86,4,5405,1,107,0
983,86,4,5368,1,123,0
984,86,4,5312,1,137,0
985,86,4,5458,1,100,0
986,86,4,4908,1,218,0
987,86,4,5486,1,112,0
988,86,4,5515,1,81,0
989,86,4,5528,1,68,0
990,86,4,5484,1,97,0
991,86,4,5386,1,117,0
992,87,4,5149,1,187,0
993,87,4,5547,1,73,0
994,87,3,3547,0,1001,0
995,87,4,5414,1,128,0
996,87,4,5226,1,140,0
997,87,4,5471,1,90,0
998,87,4,5364,1,141,0
999,87,4,5122,1,224,0
1000,87,2,2350,0,1001,1
1001,88,4,5057,1,283,0
1002,88,4,5410,1,112,0
1003,88,4,5230,1,147,0
1004,88,4,5311,1,150,0
1005,88,4,5208,1,165,0
1006,88,4,5291,1,130,0
1007,88,4,5516,1,78,0
1008,88,4,5514,1,81,0
1009,88,4,4884,1,239,0
1010,88,4,5436,1,133,0
1011,88,4,5175,1,177,0
1012,88,2,2238,0,1001,0
1013,88,4,5281,1,129,0
1014,88,4,5407,1,114,0
1015,88,4,5544,1,67,0
1016,88,4,5114,1,223,0
1017,89,4,5112,1,172,0
1018,89,4,5485,1,82,0
1019,89,4,5525,1,78,0
1020,89,4,5390,1,112,0
1021,89,3,3437,0,1001,0
1022,89,4,5432,1,104,0
1023,89,4,4673,1,323,0
1024,89,4,5248,1,149,0
1025,89,4,5160,1,172,0
1026,89,4,5442,1,90,0
1027,89,4,4548,1,359,0
1028,89,4,5502,1,75,0
1029,89,4,5065,1,194,0
1030,89,4,5410,1,100,0
1031,89,4,5055,1,171,0
1032,90,4,5140,1,202,0
1033,90,4,5515,1,81,0
1034,90,4,5360,1,121,0
1035,90,4,5474,1,90,0
1036,90,4,5507,1,73,0
1037,90,4,5497,1,83,0
1038,90,4,5558,1,64,0
1039,90,4,5480,1,90,0
1040,90,4,5432,1,88,0
1041,90,4,5451,1,109,0
1042,90,4,5501,1,96,0
1043,90,4,5538,1,98,0
1044,90,4,5040,1,234,0
1045,90,4,5583,1,55,0
1046,90,4,5418,1,91,0
1047,90,4,5334,1,116,0
1048,90,4,5545,1,69,0
1049,90,4,5242,1,134,0
1050,90,4,5409,1,102,0
1051,90,4,5329,1,113,0
1052,90,4,5399,1,102,0
1053,90,4,5504,1,75,0
1054,90,4,5089,1,172,0
1055,90,4,5511,1,70,0
1056,90,4,5105,1,225,0
1057,90,4,5528,1,74,0
1058,90,4,4880,1,270,0
1059,90,4,5449,1,100,0
1060,91,4,5289,1,153,0
1061,91,4,5451,1,95,0
1062,91,3,3449,0,1001,0
1063,91,4,5574,1,56,0
1064,91,4,5586,1,56,0
1065,91,4,5175,1,133,0
1066,91,4,5451,1,96,0
1067,91,4,5547,1,69,0
1068,91,4,5365,1,129,0
1069,91,4,5467,1,91,0
1070,91,4,5459,1,91,0
1071,91,4,5477,1,90,0
1072,91,4,5120,1,223,0
1073,91,4,5546,1,61,0
1074,91,4,5490,1,81,0
1075,91,4,5289,1,133,0
1076,91,4,5392,1,120,0
1077,91,4,5359,1,121,0
1078,91,4,5342,1,106,0
1079,91,4,5431,1,116,0
1080,91,4,5538,1,69,0
1081,92,4,4548,1,388,0
1082,92,4,5285,1,115,0
1083,92,4,5409,1,115,0
1084,92,4,5499,1,82,0
1085,92,4,5573,1,61,0
1086,92,4,5431,1,97,0
1087,92,4,5184,1,152,0
1088,92,3,3259,0,1001,0
1089,92,4,5434,1,109,0
1090,92,4,5559,1,97,0
1091,92,4,5281,1,148,0
1092,92,4,5513,1,78,0
1093,92,4,5592,1,85,0
1094,92,4,5326,1,115,0
1095,92,4,5583,1,55,0
1096,92,4,5350,1,122,0
1097,92,4,5375,1,126,0
1098,92,4,5543,1,69,0
1099,92,4,5502,1,106,0
1100,93,2,2350,0,1001,1
1101,93,4,5377,1,119,0
1102,93,4,5270,1,120,0
1103,93,4,5164,1,154,0
1104,93,4,5467,1,88,0
1105,93,4,5516,1,82,0
1106,93,4,5160,1,148,0
1107,93,4,5358,1,146,0
1108,93,4,5401,1,97,0
1109,93,4,5452,1,98,0
1110,93,4,5468,1,89,0
1111,93,4,5395,1,107,0
1112,93,4,5354,1,134,0
1113,93,4,5548,1,88,0
1114,93,4,5413,1,113,0
1115,93,4,5383,1,107,0
1116,93,4,5086,1,216,0
1117,93,4,5387,1,119,0
1118,93,4,5376,1,125,0
1119,94,4,5534,1,98,0
1120,94,4,5300,1,157,0
1121,94,4,5042,1,181,0
1122,94,4,5220,1,160,0
1123,94,4,5266,1,133,0
1124,94,4,5486,1,88,0
1125,94,4,5438,1,110,0
1126,94,4,5393,1,100,0
1127,94,4,5157,1,178,0
1128,94,4,5405,1,133,0
1129,94,4,5280,1,212,0
1130,94,3,3439,0,1001,0
1131,94,4,4982,1,201,0
1132,94,4,5392,1,96,0
1133,94,4,4839,1,328,0
1134,95,4,4821,1,283,0
1135,95,3,3327,0,1001,0
1136,95,4,5200,1,139,0
1137,95,4,5400,1,101,0
1138,95,4,5596,1,51,0
1139,95,4,5569,1,61,0
1140,95,4,5451,1,93,0
1141,95,4,5323,1,141,0
1142,95,4,5396,1,100,0
1143,95,4,5330,1,116,0
1144,95,4,5185,1,185,0
1145,95,4,5488,1,85,0
1146,95,4,5531,1,73,0
1147,95,4,5293,1,161,0
1148,95,4,5338,1,141,0
1149,95,4,5278,1,204,0
1150,95,4,5410,1,114,0
1151,96,4,5039,1,217,0
1152,96,1,1176,0,1001,0
1153,96,4,5125,1,184,0
1154,96,4,5414,1,119,0
1155,96,4,4783,1,275,0
1156,96,4,5050,1,184,0
1157,96,4,5519,1,101,0
1158,96,3,3477,0,1001,0
1159,97,4,5533,1,130,0
1160,97,4,5393,1,120,0
1161,97,4,5569,1,61,0
1162,97,4,5533,1,69,0
1163,97,4,5410,1,107,0
1164,97,4,5580,1,86,0
1165,97,4,5387,1,104,0
1166,97,4,4944,1,247,0
1167,97,4,5339,1,118,0
1168,97,4,5469,1,89,0
1169,97,4,5530,1,106,0
1170,97,4,5423,1,107,0
1171,97,3,3432,0,1001,0
1172,97,4,5506,1,80,0
1173,98,2,2245,0,1001,0
1174,98,4,4417,1,365,0
1175,98,4,5527,1,82,0
1176,98,4,5551,1,70,0
1177,98,4,5587,1,75,0
1178,98,4,5450,1,116,0
1179,98,4,5397,1,104,0
1180,98,4,5048,1,222,0
1181,98,4,5276,1,143,0
1182,98,4,5483,1,89,0
1183,98,4,5471,1,109,0
1184,98,4,4999,1,238,0
1185,98,4,5147,1,185,0
1186,98,4,5499,1,82,0
1187,98,4,5531,1,78,0
1188,98,4,5545,1,66,0
1189,98,4,5438,1,84,0
1190,98,4,5180,1,155,0
1191,99,3,3462,0,1001,0
1192,99,4,5411,1,105,0
1193,99,4,5450,1,89,0
1194,99,4,5089,1,194,0
1195,99,4,5452,1,92,0
1196,99,4,5218,1,163,0
1197,99,4,5516,1,74,0
1198,99,4,5057,1,223,0
1199,99,4,5454,1,111,0
1200,99,2,2350,0,1001,1
1201,99,4,5112,1,207,0
1202,99,4,5589,1,84,0
1203,100,4,3973,1,564,0
1204,100,4,5435,1,114,0
1205,100,4,5438,1,99,0
1206,100,4,5008,1,196,0
1207,100,4,5486,1,88,0
1208,100,4,5562,1,66,0
1209,100,4,5479,1,98,0
1210,100,4,5281,1,175,0
1211,100,4,5028,1,204,0
1212,100,4,5250,1,165,0
1213,100,4,5334,1,121,0
1214,100,4,5389,1,99,0
1215,100,4,5471,1,87,0
1216,100,4,4854,1,269,0
1217,100,4,5413,1,104,0
1218,100,4,5386,1,138,0
1219,100,4,5503,1,93,0
1220,100,4,5414,1,113,0
1221,100,4,5390,1,101,0
1222,100,4,5421,1,115,0
1223,100,4,5587,1,84,0
1224,100,4,5491,1,86,0
1225,100,4,5344,1,155,0
1226,100,4,5509,1,91,0
1227,100,4,5442,1,97,0
1228,101,4,5286,1,161,0
1229,101,4,5452,1,111,0
1230,101,4,5450,1,96,0
1231,101,4,5417,1,120,0
1232,101,4,5465,1,84,0
1233,101,4,5121,1,178,0
1234,101,4,5487,1,93,0
1235,101,4,5487,1,85,0
1236,101,4,5317,1,124,0
1237,101,4,4723,1,290,0
1238,101,3,3495,0,1001,0
1239,101,4,5362,1,123,0
1240,101,4,5137,1,196,0
1241,101,4,5340,1,111,0
1242,102,3,3491,0,1001,0
1243,102,4,5492,1,79,0
1244,102,4,5523,1,76,0
1245,102,4,5527,1,71,0
1246,102,4,5533,1,67,0
1247,102,4,5477,1,90,0
1248,102,4,5547,1,64,0
1249,102,4,5589,1,53,0
1250,102,4,5479,1,87,0
1251,102,4,5312,1,134,0
1252,102,4,5559,1,64,0
1253,102,4,5585,1,58,0
1254,102,4,5510,1,76,0
1255,102,4,5348,1,112,0
1256,102,4,5438,1,97,0
1257,102,4,5455,1,83,0
1258,102,4,5177,1,199,0
1259,102,4,5371,1,136,0
1260,102,4,5287,1,125,0
1261,102,4,5383,1,124,0
1262,102,4,5010,1,209,0
1263,102,4,5432,1,110,0
1264,102,4,5400,1,117,0
1265,102,4,5428,1,106,0
1266,102,4,5481,1,94,0
1267,103,4,5369,1,119,0
1268,103,4,5252,1,161,0
1269,103,4,5478,1,87,0
1270,103,4,5282,1,129,0
1271,103,4,4942,1,250,0
1272,103,4,5222,1,185,0
1273,103,4,4648,1,320,0
1274,103,4,4858,1,211,0
1275,103,4,5441,1,120,0
1276,103,4,4930,1,304,0
1277,103,4,5289,1,154,0
1278,103,4,5388,1,106,0
1279,103,4,4567,1,340,0
1280,103,4,5332,1,124,0
1281,103,4,5385,1,123,0
1282,103,4,5557,1,69,0
1283,103,4,5383,1,108,0
1284,103,4,5196,1,150,0
1285,103,4,5542,1,79,0
1286,104,4,5441,1,104,0
1287,104,4,5174,1,160,0
1288,104,4,5155,1,149,0
1289,104,4,5521,1,104,0
1290,104,4,5522,1,78,0
1291,104,4,5189,1,152,0
1292,104,4,5527,1,92,0
1293,104,4,5089,1,169,0
1294,104,4,5502,1,79,0
1295,104,4,5396,1,123,0
1296,104,4,5543,1,74,0
1297,104,4,5552,1,72,0
1298,104,4,5427,1,112,0
1299,104,4,5580,1,58,0
1300,104,4,5604,1,52,1
1301,104,4,5483,1,128,0
1302,104,4,5556,1,64,0
1303,104,4,5073,1,176,0
1304,104,4,5493,1,99,0
1305,104,4,5539,1,75,0
1306,104,4,5553,1,74,0
1307,104,4,5360,1,131,0
1308,104,4,5388,1,114,0
1309,104,4,5574,1,61,0
1310,104,4,5527,1,74,0
1311,104,4,5395,1,105,0
1312,104,4,5105,1,192,0
1313,104,4,5586,1,60,0
1314,104,4,5429,1,95,0
1315,104,4,5437,1,86,0
1316,104,4,5516,1,78,0
1317,105,4,5377,1,98,0
1318,105,4,5107,1,165,0
1319,105,4,5557,1,65,0
1320,105,4,5483,1,90,0
1321,105,4,4610,1,392,0
1322,105,4,5553,1,62,0
1323,105,4,5392,1,114,0
1324,105,4,5478,1,82,0
1325,105,4,5574,1,67,0
1326,105,4,5342,1,109,0
1327,105,4,4963,1,273,0
1328,105,4,5454,1,95,0
1329,105,4,5433,1,95,0
1330,105,4,5534,1,73,0
1331,105,4,5561,1,62,0
1332,105,4,5474,1,87,0
1333,105,4,5561,1,62,0
1334,105,4,5590,1,58,0
1335,105,4,5586,1,55,0
1336,105,3,3444,0,1001,0
1337,106,4,5532,1,74,0
1338,106,4,5562,1,62,0
1339,106,4,5417,1,86,0
1340,106,4,5485,1,100,0
1341,106,4,5302,1,165,0
1342,106,4,5567,1,60,0
1343,106,4,5504,1,77,0
1344,106,4,5510,1,79,0
1345,106,4,5618,1,73,0
1346,106,4,5370,1,109,0
1347,106,4,5312,1,135,0
1348,106,4,5563,1,70,0
1349,106,4,5390,1,101,0
1350,106,4,5344,1,123,0
1351,106,3,3424,0,1001,0
1352,106,4,5374,1,128,0
1353,106,4,5501,1,82,0
1354,106,4,5502,1,79,0
1355,106,4,5179,1,159,0
1356,106,4,5401,1,94,0
1357,106,4,5492,1,85,0
1358,106,4,5401,1,99,0
1359,107,4,5268,1,136,0
1360,107,4,5605,1,48,0
1361,107,4,5231,1,156,0
1362,107,4,5371,1,99,0
1363,107,4,5539,1,78,0
1364,107,4,5518,1,76,0
1365,107,4,5071,1,160,0
1366,107,4,5537,1,113,0
1367,107,4,5555,1,68,0
1368,107,4,5327,1,158,0
1369,107,4,4793,1,262,0
1370,107,4,4258,1,413,0
1371,107,3,3055,0,1001,0
1372,107,4,5302,1,166,0
1373,107,4,5276,1,132,0
1374,108,4,4654,1,248,0
1375,108,4,5107,1,178,0
1376,108,4,4356,1,316,0
1377,108,4,4551,1,362,0
1378,108,4,5507,1,93,0
1379,108,4,5194,1,135,0
1380,108,4,5166,1,177,0
1381,108,4,5324,1,124,0
1382,108,4,5412,1,138,0
1383,108,4,5437,1,115,0
1384,108,4,5416,1,118,0
1385,108,3,3434,0,1001,0
1386,108,4,5412,1,104,0
1387,109,4,5136,1,191,0
1388,109,4,5585,1,58,0
1389,109,4,5442,1,92,0
1390,109,4,5486,1,89,0
1391,109,4,4731,1,330,0
1392,109,4,5494,1,103,0
1393,109,4,5490,1,87,0
1394,109,4,5490,1,86,0
1395,109,4,5506,1,75,0
1396,109,4,5315,1,131,0
1397,109,4,5353,1,140,0
1398,109,4,5061,1,211,0
1399,109,4,5347,1,112,0
1400,109,1,1278,0,1001,1
1401,109,4,4904,1,238,0
1402,109,4,5271,1,138,0
1403,109,4,4799,1,250,0
1404,110,4,5060,1,216,0
1405,110,4,5500,1,87,0
1406,110,4,5339,1,127,0
1407,110,3,3305,0,1001,0
1408,110,4,5205,1,158,0
1409,110,4,5253,1,143,0
1410,110,4,5120,1,180,0
1411,110,4,5075,1,195,0
1412,110,4,5382,1,130,0
1413,110,4,4968,1,215,0
1414,110,4,5136,1,175,0
1415,110,4,4288,1,433,0
1416,111,4,5340,1,121,0
1417,111,4,5227,1,172,0
1418,111,4,5176,1,165,0
1419,111,3,2950,0,1001,0
1420,111,4,4776,1,278,0
1421,111,4,5117,1,174,0
1422,111,4,5223,1,171,0
1423,111,3,3458,0,1001,0
1424,111,4,5603,1,72,0
1425,112,4,5503,1,78,0
1426,112,4,5373,1,111,0
1427,112,4,5116,1,177,0
1428,112,4,5437,1,90,0
1429,112,4,5539,1,75,0
1430,112,4,4849,1,255,0
1431,112,4,5196,1,153,0
1432,112,4,5466,1,93,0
1433,112,4,5457,1,96,0
1434,112,4,5518,1,77,0
1435,112,4,5400,1,123,0
1436,112,4,5449,1,116,0
1437,112,4,5319,1,118,0
1438,112,4,5100,1,153,0
1439,112,4,5480,1,107,0
1440,112,4,4864,1,265,0
1441,112,4,5484,1,95,0
1442,113,3,3431,0,1001,0
1443,113,4,5353,1,142,0
1444,113,4,5157,1,187,0
1445,113,3,3411,0,1001,0
1446,113,4,4498,1,349,0
1447,113,3,3362,0,1001,0
1448,113,4,5000,1,173,0
1449,114,3,3280,0,1001,0
1450,114,2,2134,0,1001,0
1451,114,4,5487,1,88,0
1452,114,4,5466,1,90,0
1453,114,4,5464,1,100,0
1454,114,2,2319,0,1001,0
1455,115,4,4926,1,224,0
1456,115,4,5279,1,159,0
1457,115,4,5504,1,84,0
1458,115,4,5155,1,161,0
1459,115,4,4851,1,231,0
1460,115,4,5461,1,97,0
1461,115,4,5443,1,91,0
1462,115,4,5462,1,131,0
1463,115,4,5510,1,79,0
1464,115,4,5484,1,87,0
1465,115,4,5303,1,118,0
1466,115,4,5436,1,106,0
1467,115,4,5339,1,123,0
1468,115,4,5496,1,86,0
1469,115,4,5383,1,110,0
1470,115,4,4852,1,226,0
1471,115,4,5458,1,88,0
1472,115,4,5333,1,131,0
1473,115,4,5445,1,108,0
1474,115,4,5385,1,107,0
1475,115,4,5173,1,171,0
1476,115,4,5263,1,150,0
1477,115,4,5539,1,66,0
1478,115,4,4859,1,250,0
1479,116,4,5322,1,118,0
1480,116,4,4961,1,261,0
1481,116,4,5365,1,105,0
1482,116,4,5445,1,107,0
1483,116,4,5036,1,215,0
1484,116,4,5356,1,121,0
1485,116,4,4988,1,175,0
1486,116,2,2286,0,1001,0
1487,116,4,5211,1,176,0
1488,116,4,5173,1,157,0
1489,116,4,5252,1,138,0
1490,116,4,5326,1,132,0
1491,116,4,4743,1,260,0
1492,116,4,5350,1,124,0
1493,117,4,5238,1,151,0
1494,117,4,4822,1,244,0
1495,117,4,5426,1,86,0
1496,117,4,4860,1,277,0
1497,117,4,4826,1,261,0
1498,117,4,5539,1,70,0
1499,117,4,5478,1,88,0
1500,117,2,2346,0,1001,1
1501,117,2,2424,0,1001,0
1502,118,4,5491,1,82,0
1503,118,4,5201,1,139,0
1504,118,4,5430,1,104,0
1505,118,4,5442,1,96,0
1506,118,4,4811,1,366,0
1507,118,4,5077,1,157,0
1508,118,4,5427,1,99,0
1509,118,4,5553,1,65,0
1510,118,4,5554,1,68,0
1511,118,4,5481,1,89,0
1512,118,4,4884,1,248,0
1513,118,4,5362,1,108,0
1514,118,4,4695,1,244,0
1515,118,3,3346,0,1001,0
1516,119,3,3425,0,1001,0
1517,119,4,5473,1,82,0
1518,119,4,5414,1,105,0
1519,119,4,5075,1,190,0
1520,119,4,5497,1,74,0
1521,119,4,5522,1,78,0
1522,119,4,5530,1,103,0
1523,119,4,5502,1,78,0
1524,119,4,5487,1,88,0
1525,119,4,5530,1,73,0
1526,119,4,5078,1,171,0
1527,119,4,5299,1,115,0
1528,119,4,5398,1,112,0
1529,119,4,5423,1,112,0
1530,119,4,5352,1,124,0
1531,119,4,5468,1,125,0
1532,119,4,5451,1,88,0
1533,119,4,5535,1,73,0
1534,119,4,5481,1,91,0
1535,120,3,3464,0,1001,0
1536,120,4,5129,1,177,0
1537,120,4,5223,1,148,0
1538,120,4,5190,1,159,0
1539,120,4,5550,1,66,0
1540,120,4,5523,1,77,0
1541,120,4,5208,1,164,0
1542,120,4,5464,1,93,0
1543,120,4,5398,1,120,0
1544,120,4,5464,1,113,0
1545,120,4,5414,1,95,0
1546,120,4,5537,1,70,0
1547,120,4,5242,1,164,0
1548,120,4,5467,1,97,0
1549,120,4,5012,1,202,0
1550,120,4,5433,1,98,0
1551,120,4,5527,1,68,0
1552,120,4,5372,1,130,0
1553,120,4,5347,1,117,0
1554,120,4,5471,1,91,0
1555,120,4,5301,1,141,0
1556,120,4,5470,1,101,0
1557,120,4,5516,1,75,0
1558,121,4,5218,1,174,0
1559,121,3,3233,0,1001,0
1560,121,4,5129,1,153,0
1561,121,4,5354,1,128,0
1562,121,4,5490,1,79,0
1563,121,4,5432,1,101,0
1564,121,3,3389,0,1001,0
1565,121,4,5276,1,132,0
1566,121,4,5206,1,158,0
1567,121,4,5335,1,130,0
1568,122,4,5045,1,191,0
1569,122,4,5042,1,238,0
1570,122,4,5338,1,129,0
1571,122,4,5285,1,146,0
1572,122,4,5528,1,71,0
1573,122,4,4869,1,261,0
1574,122,4,5468,1,89,0
1575,122,3,3307,0,1001,0
1576,122,4,5148,1,168,0
1577,122,4,4240,1,423,0
1578,122,4,5293,1,142,0
1579,122,4,5332,1,137,0
1580,122,4,5307,1,134,0
1581,122,4,5353,1,117,0
1582,123,4,5417,1,113,0
1583,123,4,4367,1,364,0
1584,123,4,5495,1,82,0
1585,123,4,5357,1,122,0
1586,123,4,5185,1,225,0
1587,123,3,3310,0,1001,0
1588,123,4,5425,1,104,0
1589,123,4,4697,1,313,0
1590,123,4,5067,1,214,0
1591,123,4,5127,1,168,0
1592,124,3,3390,0,1001,0
1593,124,4,5482,1,83,0
1594,124,4,5314,1,139,0
1595,124,4,5483,1,99,0
1596,124,4,5442,1,111,0
1597,124,4,5308,1,137,0
1598,124,4,5381,1,113,0
1599,124,4,4801,1,287,0
1600,124,1,1278,0,1001,1
1601,125,3,3376,0,1001,0
1602,125,4,5540,1,80,0
1603,125,4,5159,1,163,0
1604,125,4,5216,1,167,0
1605,125,4,5524,1,76,0
1606,125,4,5406,1,108,0
1607,125,4,5440,1,104,0
1608,125,4,5362,1,121,0
1609,125,4,5183,1,161,0
1610,125,4,5393,1,107,0
1611,125,4,4717,1,264,0
1612,125,4,5159,1,171,0
1613,125,4,5143,1,180,0
1614,125,4,5501,1,78,0
1615,125,4,5461,1,86,0
1616,125,4,5407,1,112,0
1617,125,4,5462,1,97,0
1618,125,4,5390,1,128,0
1619,125,4,5510,1,79,0
1620,125,4,5093,1,182,0
1621,125,4,5366,1,126,0
1622,125,4,5463,1,94,0
1623,126,4,5325,1,138,0
1624,126,4,5454,1,108,0
1625,126,4,5364,1,105,0
1626,126,4,5075,1,214,0
1627,126,4,5478,1,84,0
1628,126,4,5441,1,96,0
1629,126,4,5418,1,102,0
1630,126,4,5430,1,96,0
1631,126,4,5208,1,150,0
1632,126,4,4553,1,376,0
1633,126,4,5408,1,120,0
1634,126,4,5427,1,96,0
1635,126,4,5134,1,173,0
1636,126,4,5461,1,96,0
1637,126,4,5520,1,79,0
1638,126,4,5579,1,55,0
1639,126,4,5069,1,188,0
1640,126,4,5386,1,109,0
1641,126,4,5343,1,111,0
1642,126,4,5350,1,116,0
1643,126,4,5515,1,87,0
1644,126,4,5476,1,95,0
1645,126,4,5138,1,192,0
1646,126,4,5287,1,152,0
1647,127,4,5113,1,178,0
1648,127,3,3504,0,1001,0
1649,127,3,3447,0,1001,0
1650,127,4,5271,1,155,0
1651,127,4,5500,1,89,0
1652,127,4,4997,1,242,0
1653,127,4,5293,1,150,0
1654,127,4,5193,1,171,0
1655,127,4,5492,1,79,0
1656,127,4,5260,1,129,0
1657,128,4,5006,1,236,0
1658,128,4,5271,1,157,0
1659,128,4,5451,1,89,0
1660,128,4,5357,1,140,0
1661,128,4,4501,1,350,0
1662,128,4,5442,1,117,0
1663,128,4,5354,1,127,0
1664,128,4,5277,1,158,0
1665,128,4,5476,1,90,0
1666,128,4,5531,1,72,0
1667,128,4,5500,1,102,0
1668,128,4,5512,1,75,0
1669,128,4,5347,1,139,0
1670,128,4,5128,1,186,0
1671,128,4,5545,1,79,0
1672,128,4,5287,1,148,0
1673,128,4,5379,1,149,0
1674,128,4,5337,1,129,0
1675,128,4,5394,1,128,0
1676,129,3,3400,0,1001,0
1677,129,4,5413,1,125,0
1678,129,4,5181,1,162,0
1679,129,4,5482,1,106,0
1680,129,4,5433,1,112,0
1681,129,4,5278,1,149,0
1682,129,4,5505,1,72,0
1683,129,4,5488,1,92,0
1684,129,3,3255,0,1001,0
1685,129,4,5103,1,188,0
1686,129,4,4750,1,310,0
1687,129,4,5508,1,78,0
1688,129,4,5444,1,113,0
1689,130,4,5386,1,142,0
1690,130,4,5372,1,128,0
1691,130,4,5497,1,88,0
1692,130,4,3951,1,644,0
1693,130,4,5144,1,146,0
1694,130,4,5492,1,94,0
1695,130,4,5365,1,125,0
1696,130,4,5578,1,60,0
1697,130,4,5444,1,99,0
1698,130,4,5414,1,116,0
1699,130,4,5253,1,149,0
1700,130,3,3503,0,1001,1
1701,130,4,5415,1,113,0
1702,130,4,5475,1,98,0
1703,130,4,5500,1,82,0
1704,130,4,5338,1,120,0
1705,131,4,5541,1,68,0
1706,131,4,5491,1,100,0
1707,131,4,4959,1,242,0
1708,131,4,5370,1,157,0
1709,131,4,5431,1,103,0
1710,131,4,5379,1,146,0
1711,131,4,5482,1,97,0
1712,131,3,3068,0,1001,0
1713,131,4,5266,1,152,0
1714,131,4,5141,1,238,0
1715,131,4,5229,1,193,0
1716,131,4,5563,1,66,0
1717,131,4,5449,1,118,0
1718,131,4,4600,1,347,0
1719,132,4,3847,1,567,0
1720,132,4,5378,1,124,0
1721,132,4,5197,1,216,0
1722,132,4,5448,1,119,0
1723,132,4,5348,1,165,0
1724,132,4,5097,1,227,0
1725,132,4,5066,1,253,0
1726,132,4,5011,1,244,0
1727,132,4,5582,1,59,0
1728,132,4,5296,1,140,0
1729,132,4,5424,1,109,0
1730,132,4,5530,1,81,0
1731,132,4,5278,1,155,0
1732,132,4,5368,1,141,0
1733,132,4,5442,1,144,0
1734,132,4,5363,1,119,0
1735,132,4,5326,1,170,0
1736,132,4,5340,1,138,0
1737,133,4,5192,1,176,0
1738,133,4,5086,1,215,0
1739,133,4,5369,1,131,0
1740,133,4,5404,1,114,0
1741,133,4,5515,1,85,0
1742,133,4,5471,1,108,0
1743,133,4,5511,1,82,0
1744,133,3,3372,0,1001,0
1745,133,4,5056,1,196,0
1746,133,4,5561,1,65,0
1747,133,2,2353,0,1001,0
1748,134,4,5306,1,136,0
1749,134,4,5446,1,109,0
1750,134,4,5459,1,114,0
1751,134,4,5353,1,118,0
1752,134,4,5492,1,97,0
1753,134,4,5270,1,132,0
1754,134,4,5362,1,122,0
1755,134,4,5248,1,149,0
1756,134,3,3431,0,1001,0
1757,134,4,5087,1,212,0
1758,134,4,5169,1,180,0
1759,134,4,5315,1,155,0
1760,134,4,4640,1,312,0
1761,134,4,5059,1,244,0
1762,135,4,4884,1,235,0
1763,135,4,5442,1,97,0
1764,135,4,5176,1,155,0
1765,135,3,3032,0,1001,0
1766,135,4,5018,1,189,0
1767,135,4,5532,1,66,0
1768,135,4,4779,1,280,0
1769,135,4,4966,1,213,0
1770,135,4,4917,1,241,0
1771,135,4,5243,1,157,0
1772,135,4,5387,1,102,0
1773,135,4,5140,1,171,0
1774,135,4,5109,1,188,0
1775,135,4,5334,1,118,0
1776,136,4,4787,1,284,0
1777,136,4,5238,1,167,0
1778,136,4,5187,1,208,0
1779,136,4,5290,1,163,0
1780,136,4,5360,1,171,0
1781,136,4,4945,1,190,0
1782,136,4,5280,1,137,0
1783,136,4,5187,1,142,0
1784,136,4,5314,1,171,0
1785,136,4,5081,1,152,0
1786,136,4,4856,1,211,0
1787,136,4,5356,1,123,0
1788,136,4,5543,1,65,0
1789,136,4,5438,1,90,0
1790,136,4,5065,1,171,0
1791,136,4,5531,1,66,0
1792,136,4,4400,1,396,0
1793,137,3,3418,0,1001,0
1794,137,4,5477,1,92,0
1795,137,4,5181,1,137,0
1796,137,4,5372,1,102,0
1797,137,4,4282,1,387,0
1798,137,4,5346,1,129,0
1799,137,4,5327,1,133,0
1800,137,0,99,0,1001,1
1801,137,4,5293,1,140,0
1802,137,4,5251,1,155,0
1803,138,4,5238,1,157,0
1804,138,4,5539,1,76,0
1805,138,4,5433,1,102,0
1806,138,4,5442,1,86,0
1807,138,4,4553,1,292,0
1808,138,4,5416,1,98,0
1809,138,4,5361,1,106,0
1810,138,4,4934,1,197,0
1811,138,4,5404,1,117,0
1812,138,4,5072,1,211,0
1813,138,2,2305,0,1001,0
1814,138,4,5418,1,97,0
1815,138,4,4926,1,194,0
1816,138,4,5210,1,131,0
1817,138,4,5397,1,133,0
1818,138,4,4827,1,248,0
1819,139,4,5392,1,142,0
1820,139,3,3361,0,1001,0
1821,139,4,4957,1,250,0
1822,139,4,5169,1,180,0
1823,139,4,5061,1,200,0
1824,139,4,4933,1,230,0
1825,139,4,5318,1,127,0
1826,139,4,5330,1,120,0
1827,139,4,5330,1,113,0
1828,139,4,4996,1,244,0
1829,139,4,5504,1,88,0
1830,139,4,5172,1,136,0
1831,139,4,5380,1,111,0
1832,139,4,5401,1,97,0
1833,140,4,5038,1,178,0
1834,140,3,2956,0,1001,0
1835,140,4,5393,1,126,0
1836,140,4,5023,1,238,0
1837,140,3,3436,0,1001,0
1838,140,4,4899,1,203,0
1839,140,4,4898,1,242,0
1840,140,4,5054,1,206,0
1841,141,4,4723,1,251,0
1842,141,3,3330,0,1001,0
1843,141,4,5425,1,101,0
1844,141,4,5463,1,83,0
1845,141,4,4945,1,219,0
1846,141,4,4905,1,232,0
1847,141,4,5288,1,120,0
1848,141,3,3095,0,1001,0
1849,142,4,4082,1,545,0
1850,142,4,5077,1,199,0
1851,142,4,4696,1,239,0
1852,142,4,5431,1,105,0
1853,142,4,5396,1,115,0
1854,142,2,2334,0,1001,0
1855,142,4,5127,1,246,0
1856,142,4,5069,1,172,0
1857,142,4,5324,1,117,0
1858,142,4,4327,1,358,0
1859,143,4,5308,1,131,0
1860,143,4,5332,1,120,0
1861,143,3,3318,0,1001,0
1862,143,3,3364,0,1001,0
1863,143,4,5357,1,110,0
1864,143,4,5229,1,160,0
1865,143,4,5058,1,197,0
1866,143,4,5412,1,105,0
1867,143,4,4889,1,300,0
1868,144,4,4606,1,300,0
1869,144,4,5519,1,76,0
1870,144,4,5181,1,191,0
1871,144,4,5221,1,161,0
1872,144,4,5260,1,137,0
1873,144,4,5071,1,187,0
1874,144,4,4880,1,206,0
1875,144,4,5552,1,81,0
1876,144,4,5119,1,176,0
1877,144,4,4833,1,241,0
1878,144,4,5429,1,96,0
1879,144,4,4694,1,343,0
1880,144,4,5096,1,178,0
1881,144,4,5028,1,242,0
1882,144,4,5158,1,144,0
1883,145,1,1115,0,1001,0
1884,145,4,4415,1,408,0
1885,145,4,5518,1,72,0
1886,145,4,5455,1,97,0
1887,145,4,5435,1,103,0
1888,145,4,5158,1,158,0
1889,145,3,3480,0,1001,0
1890,145,4,5426,1,107,0
1891,146,3,3418,0,1001,0
1892,146,4,5460,1,97,0
1893,146,4,5488,1,74,0
1894,146,4,5464,1,89,0
1895,146,4,5344,1,118,0
1896,146,3,3461,0,1001,0
1897,146,3,3461,0,1001,0
1898,146,4,5322,1,135,0
1899,146,4,5362,1,111,0
1900,147,2,2442,0,1001,1
1901,147,4,5385,1,117,0
1902,147,4,5536,1,71,0
1903,147,4,5391,1,109,0
1904,147,4,5426,1,111,0
1905,147,4,5235,1,164,0
1906,147,4,5431,1,102,0
1907,147,4,5477,1,85,0
1908,147,4,5385,1,104,0
1909,147,4,5455,1,97,0
1910,147,4,5390,1,117,0
1911,147,4,5253,1,147,0
1912,147,4,5480,1,88,0
1913,147,4,5360,1,129,0
1914,147,4,5209,1,187,0
1915,147,4,5314,1,134,0
1916,147,4,4983,1,268,0
1917,147,4,5396,1,95,0
1918,147,4,5369,1,133,0
1919,148,3,3384,0,1001,0
1920,148,4,5481,1,79,0
1921,148,4,4544,1,326,0
1922,148,4,5385,1,118,0
1923,148,4,5388,1,140,0
1924,148,4,5423,1,99,0
1925,148,4,5111,1,225,0
1926,148,4,5059,1,196,0
1927,148,4,5424,1,128,0
1928,148,4,5454,1,109,0
1929,148,4,5444,1,98,0
1930,148,4,5092,1,199,0
1931,148,4,5176,1,172,0
1932,149,4,4890,1,267,0
1933,149,4,5380,1,136,0
1934,149,4,5521,1,71,0
1935,149,4,5367,1,128,0
1936,149,4,5366,1,132,0
1937,149,4,5360,1,111,0
1938,149,4,4977,1,239,0
1939,149,4,5459,1,99,0
1940,149,4,5528,1,76,0
1941,149,4,5452,1,103,0
1942,149,4,5285,1,155,0
1943,149,4,5319,1,144,0
1944,149,4,4853,1,319,0
1945,149,4,5356,1,121,0
1946,149,4,5576,1,62,0
1947,149,4,5344,1,158,0
1948,149,4,5407,1,100,0
1949,149,4,5381,1,109,0
1950,149,4,5264,1,131,0
1951,149,4,4518,1,367,0
1952,150,3,3028,0,1001,0
1953,150,4,4977,1,229,0
1954,150,4,5476,1,88,0
1955,150,4,5536,1,71,0
1956,150,4,5006,1,275,0
1957,150,4,5474,1,88,0
1958,150,4,5501,1,81,0
1959,150,4,5404,1,102,0
1960,150,4,5383,1,112,0
1961,150,4,5475,1,106,0
1962,150,4,5335,1,122,0
1963,150,4,5559,1,67,0
1964,150,4,5577,1,61,0
1965,150,4,5429,1,104,0
1966,150,4,5549,1,94,0
1967,150,4,5398,1,104,0
1968,150,4,5317,1,110,0
1969,150,4,5381,1,114,0
1970,150,4,5390,1,137,0
1971,150,4,5467,1,97,0
1972,150,4,5316,1,131,0
1973,150,4,5454,1,101,0
1974,151,4,5581,1,59,0
1975,151,4,5385,1,105,0
1976,151,4,5432,1,106,0
1977,151,4,5497,1,81,0
1978,151,4,5211,1,176,0
1979,151,4,5266,1,163,0
1980,151,3,3481,0,1001,0
1981,151,4,5500,1,80,0
1982,151,4,5269,1,145,0
1983,151,2,2026,0,1001,0
1984,151,4,5049,1,217,0
1985,152,4,5336,1,124,0
1986,152,4,5444,1,100,0
1987,152,4,5513,1,78,0
1988,152,4,5107,1,182,0
1989,152,4,5423,1,98,0
1990,152,4,5312,1,126,0
1991,152,4,5195,1,156,0
1992,152,4,5509,1,80,0
1993,152,4,5277,1,136,0
1994,152,4,5488,1,88,0
1995,152,4,5513,1,76,0
1996,152,4,5274,1,138,0
1997,152,4,5297,1,171,0
1998,152,4,4660,1,255,0
1999,152,4,5389,1,98,0
2000,152,0,99,0,1001,1
2001,152,4,5425,1,104,0
2002,152,4,5273,1,147,0
2003,153,4,5273,1,182,0
2004,153,4,5437,1,103,0
2005,153,4,5488,1,84,0
2006,153,4,5364,1,108,0
2007,153,4,5506,1,77,0
2008,153,4,4629,1,290,0
2009,153,4,5546,1,75,0
2010,153,4,5438,1,96,0
2011,153,4,5321,1,133,0
2012,153,4,5292,1,153,0
2013,153,4,5185,1,160,0
2014,153,4,5463,1,77,0
2015,153,4,5157,1,169,0
2016,153,4,5353,1,110,0
2017,153,4,5365,1,146,0
2018,153,4,5142,1,178,0
2019,153,4,5318,1,110,0
2020,153,4,5128,1,171,0
2021,153,4,5405,1,111,0
2022,153,4,5391,1,104,0
2023,153,4,5449,1,88,0
2024,153,4,5287,1,188,0
2025,153,4,5504,1,98,0
2026,154,4,4690,1,319,0
2027,154,4,5295,1,158,0
2028,154,4,5361,1,105,0
2029,154,4,5253,1,154,0
2030,154,4,5139,1,213,0
2031,154,4,5546,1,76,0
2032,154,4,5483,1,91,0
2033,154,4,4776,1,232,0
2034,154,4,5408,1,121,0
2035,154,4,5136,1,179,0
2036,154,4,5288,1,131,0
2037,154,4,5095,1,164,0
2038,154,4,5464,1,88,0
2039,154,4,5428,1,95,0
2040,154,4,5156,1,155,0
2041,154,4,5542,1,74,0
2042,154,4,5376,1,111,0
2043,155,2,2342,0,1001,0
2044,155,4,5443,1,90,0
2045,155,4,5305,1,120,0
2046,155,2,2284,0,1001,0
2047,155,4,5265,1,143,0
2048,155,4,5496,1,79,0
2049,155,4,5435,1,113,0
2050,155,4,5543,1,71,0
2051,155,4,5479,1,87,0
2052,155,4,5260,1,148,0
2053,155,4,5475,1,84,0
2054,155,4,5131,1,176,0
2055,155,4,5222,1,151,0
2056,155,4,5382,1,122,0
2057,155,4,5244,1,140,0
2058,155,4,5096,1,201,0
2059,155,4,5229,1,166,0
2060,155,4,5499,1,81,0
2061,156,4,5433,1,92,0
2062,156,2,2261,0,1001,0
2063,156,4,5475,1,88,0
2064,156,4,5285,1,119,0
2065,156,4,5430,1,109,0
2066,156,4,5126,1,202,0
2067,156,4,5411,1,107,0
2068,156,4,5359,1,112,0
2069,156,4,5335,1,119,0
2070,156,4,5361,1,116,0
2071,156,4,5274,1,159,0
2072,156,4,5174,1,170,0
2073,157,2,2346,0,1001,0
2074,157,4,5220,1,154,0
2075,157,4,5430,1,112,0
2076,157,2,2332,0,1001,0
2077,157,4,5135,1,196,0
2078,157,4,5201,1,163,0
2079,157,4,4889,1,240,0
2080,158,2,2302,0,1001,0
2081,158,4,5542,1,66,0
2082,158,4,5116,1,209,0
2083,158,4,5408,1,112,0
2084,158,2,2348,0,1001,0
2085,158,4,4951,1,300,0
2086,158,4,5334,1,141,0
2087,158,4,5317,1,131,0
2088,158,4,5219,1,169,0
2089,158,4,5392,1,106,0
2090,158,4,5367,1,116,0
2091,158,4,5334,1,198,0
2092,158,4,5372,1,110,0
2093,158,4,5292,1,161,0
2094,158,4,5365,1,137,0
2095,159,4,5208,1,189,0
2096,159,4,5336,1,132,0
2097,159,4,5398,1,137,0
2098,159,4,5308,1,126,0
2099,159,4,5073,1,186,0
2100,159,0,99,0,1001,1
2101,159,4,5228,1,153,0
2102,159,4,5512,1,88,0
2103,159,4,4956,1,235,0
2104,159,4,5563,1,64,0
2105,159,4,5279,1,136,0
2106,159,4,5399,1,114,0
2107,159,4,5500,1,77,0
2108,159,4,5217,1,142,0
2109,159,4,5486,1,87,0
2110,159,4,5539,1,71,0
2111,159,4,5482,1,87,0
2112,160,4,4633,1,316,0
2113,160,2,2342,0,1001,0
2114,160,4,5578,1,55,0
2115,160,4,5467,1,82,0
2116,160,4,5400,1,93,0
2117,160,4,5347,1,109,0
2118,160,4,5562,1,68,0
2119,160,4,5383,1,98,0
2120,160,4,5414,1,104,0
2121,160,4,5319,1,112,0
2122,160,4,5146,1,153,0
2123,160,4,5616,1,52,0
2124,160,4,5304,1,134,0
2125,160,4,5436,1,90,0
2126,160,4,5398,1,115,0
2127,160,4,5356,1,109,0
2128,160,4,5349,1,105,0
2129,160,4,5487,1,77,0
2130,160,4,5297,1,157,0
2131,160,4,5440,1,99,0
2132,160,4,5580,1,58,0
2133,160,4,5461,1,102,0
2134,161,2,2345,0,1001,0
2135,161,4,5412,1,94,0
2136,161,4,5474,1,96,0
2137,161,3,3471,0,1001,0
2138,161,4,5188,1,151,0
2139,161,4,5470,1,84,0
2140,161,4,5556,1,69,0
2141,161,4,5214,1,166,0
2142,161,4,5348,1,112,0
2143,161,4,5175,1,153,0
2144,161,4,5600,1,54,0
2145,161,4,4930,1,253,0
2146,162,4,5478,1,83,0
2147,162,4,5444,1,93,0
2148,162,4,5517,1,72,0
2149,162,4,5500,1,74,0
2150,162,4,5397,1,103,0
2151,162,4,4956,1,230,0
2152,162,4,5495,1,83,0
2153,162,4,5366,1,116,0
2154,162,4,5543,1,65,0
2155,162,4,5560,1,64,0
2156,162,4,5454,1,103,0
2157,162,4,5523,1,75,0
2158,162,4,5482,1,83,0
2159,162,4,5479,1,80,0
2160,162,4,5569,1,59,0
2161,162,4,5483,1,94,0
2162,162,4,4712,1,348,0
2163,162,4,5266,1,138,0
2164,162,4,5533,1,70,0
2165,162,4,5406,1,103,0
2166,162,4,5545,1,65,0
2167,162,4,5419,1,93,0
2168,162,4,5467,1,82,0
2169,162,4,5509,1,74,0
2170,162,4,5566,1,65,0
2171,162,4,5449,1,126,0
2172,162,4,5542,1,70,0
2173,162,4,5220,1,149,0
2174,162,4,5363,1,110,0
2175,163,2,2356,0,1001,0
2176,163,4,5563,1,64,0
2177,163,4,5282,1,127,0
2178,163,4,5592,1,56,0
2179,163,4,5494,1,100,0
2180,163,4,5639,1,45,0
2181,163,4,5423,1,97,0
2182,163,4,5496,1,77,0
2183,163,4,5422,1,99,0
2184,163,4,5463,1,96,0
2185,163,4,5570,1,91,0
2186,163,4,5454,1,104,0
2187,163,4,5290,1,145,0
2188,163,4,5392,1,105,0
2189,163,4,5268,1,189,0
2190,163,4,5579,1,62,0
2191,163,4,5435,1,95,0
2192,163,4,5504,1,88,0
2193,163,4,5478,1,107,0
2194,163,4,5488,1,85,0
2195,163,4,5525,1,71,0
2196,163,4,5486,1,87,0
2197,163,4,5553,1,66,0
2198,163,4,5507,1,79,0
2199,164,2,2272,0,1001,0
2200,164,1,1187,0,1001,1
2201,164,4,5419,1,112,0
2202,164,4,5555,1,69,0
2203,164,4,4853,1,267,0
2204,164,4,5488,1,93,0
2205,164,4,5450,1,88,0
2206,164,4,5473,1,99,0
2207,165,2,2255,0,1001,0
2208,165,4,5391,1,119,0
2209,165,4,5447,1,93,0
2210,165,4,5493,1,77,0
2211,165,4,5542,1,72,0
2212,165,4,5524,1,71,0
2213,165,4,5444,1,91,0
2214,165,4,5207,1,165,0
2215,165,4,5371,1,113,0
2216,165,4,5505,1,79,0
2217,165,4,5589,1,57,0
2218,165,4,5496,1,81,0
2219,165,4,5469,1,111,0
2220,165,4,5430,1,104,0
2221,165,4,5173,1,172,0
2222,165,4,5498,1,80,0
2223,165,4,5305,1,145,0
2224,165,4,5334,1,139,0
2225,165,4,5487,1,85,0
2226,165,4,5534,1,71,0
2227,165,4,5113,1,211,0
2228,165,4,5274,1,152,0
2229,165,4,5420,1,110,0
2230,165,4,4956,1,231,0
2231,165,4,5531,1,71,0
2232,166,4,5408,1,99,0
2233,166,4,5461,1,86,0
2234,166,4,5500,1,73,0
2235,166,4,5322,1,117,0
2236,166,4,5530,1,71,0
2237,166,4,5342,1,117,0
2238,166,4,5349,1,123,0
2239,166,2,2361,0,1001,0
2240,166,4,5409,1,101,0
2241,166,4,5585,1,57,0
2242,166,4,5281,1,147,0
2243,166,4,5213,1,169,0
2244,166,4,5417,1,111,0
2245,166,4,5464,1,89,0
2246,166,4,5405,1,100,0
2247,166,4,5279,1,145,0
2248,166,4,5547,1,68,0
2249,166,4,5547,1,64,0
2250,166,4,5421,1,97,0
2251,166,4,5377,1,126,0
2252,166,4,5517,1,79,0
2253,166,4,5613,1,50,0
2254,166,4,5603,1,52,0
2255,167,4,5351,1,135,0
2256,167,4,5552,1,63,0
2257,167,4,5595,1,53,0
2258,167,4,5370,1,106,0
2259,167,4,5470,1,91,0
2260,167,4,5394,1,102,0
2261,167,4,5604,1,52,0
2262,167,4,5565,1,65,0
2263,167,4,5446,1,92,0
2264,167,4,5138,1,187,0
2265,167,4,5445,1,95,0
2266,167,4,5582,1,58,0
2267,167,4,5221,1,192,0
2268,167,4,5586,1,58,0
2269,167,4,5335,1,144,0
2270,167,4,5384,1,104,0
2271,167,4,5582,1,60,0
2272,167,4,5567,1,61,0
2273,167,4,5419,1,126,0
2274,167,4,5235,1,146,0
2275,167,4,5499,1,87,0
2276,167,4,5457,1,85,0
2277,167,4,5523,1,71,0
2278,167,4,5377,1,104,0
2279,167,4,5518,1,73,0
2280,167,4,5584,1,55,0
2281,167,4,5489,1,76,0
2282,167,4,5275,1,135,0
2283,167,4,5563,1,60,0
2284,167,4,5280,1,131,0
2285,167,4,5512,1,91,0
2286,167,4,5473,1,109,0
2287,167,4,5578,1,58,0
2288,168,4,5532,1,69,0
2289,168,4,5457,1,86,0
2290,168,4,5436,1,100,0
2291,168,4,5594,1,56,0
2292,168,4,5140,1,208,0
2293,168,4,5434,1,93,0
2294,168,4,5541,1,63,0
2295,168,4,5603,1,55,0
2296,168,4,5503,1,76,0
2297,168,4,5454,1,107,0
2298,168,4,4754,1,333,0
2299,168,4,5537,1,70,0
2300,168,1,1187,0,1001,1
2301,168,4,5465,1,95,0
2302,168,4,5465,1,88,0
2303,168,4,5334,1,116,0
2304,168,4,5549,1,70,0
2305,168,4,5377,1,113,0
2306,168,4,5281,1,129,0
2307,168,4,5510,1,71,0
2308,168,4,5326,1,117,0
2309,169,4,5395,1,116,0
2310,169,4,5542,1,65,0
2311,169,4,5535,1,75,0
2312,169,4,5540,1,65,0
2313,169,4,5457,1,87,0
2314,169,4,5443,1,92,0
2315,169,4,5521,1,73,0
2316,169,4,5436,1,93,0
2317,169,4,5597,1,58,0
2318,169,4,5396,1,100,0
2319,169,4,5570,1,58,0
2320,169,4,5545,1,66,0
2321,169,4,5337,1,127,0
2322,169,4,5491,1,78,0
2323,169,4,5458,1,100,0
2324,169,4,5182,1,154,0
2325,169,4,5555,1,66,0
2326,169,4,5462,1,102,0
2327,169,4,5492,1,79,0
2328,169,4,5487,1,78,0
2329,169,4,5464,1,90,0
2330,169,4,5231,1,138,0
2331,169,4,5254,1,148,0
2332,169,4,5582,1,58,0
2333,169,4,5399,1,102,0
2334,170,3,3516,0,1001,0
2335,170,4,5456,1,87,0
2336,170,4,5260,1,139,0
2337,170,2,2337,0,1001,0
2338,170,4,5491,1,79,0
2339,170,4,5312,1,123,0
2340,170,4,5375,1,112,0
2341,170,4,5268,1,164,0
2342,170,4,4299,1,445,0
2343,170,4,5000,1,229,0
2344,170,4,5106,1,179,0
2345,171,3,3435,0,1001,0
2346,171,4,5191,1,194,0
2347,171,4,4959,1,227,0
2348,171,4,5387,1,124,0
2349,171,4,5173,1,168,0
2350,171,4,4156,1,576,0
2351,171,2,2249,0,1001,0
2352,171,4,5503,1,92,0
2353,171,4,5550,1,69,0
2354,171,4,5561,1,73,0
2355,171,4,5493,1,98,0
2356,172,2,2369,0,1001,0
2357,172,3,3490,0,1001,0
2358,172,4,5438,1,111,0
2359,172,4,5357,1,108,0
2360,172,4,5551,1,63,0
2361,172,4,5243,1,205,0
2362,172,4,5573,1,62,0
2363,172,4,5536,1,69,0
2364,172,4,5564,1,63,0
2365,172,4,5555,1,68,0
2366,172,4,5335,1,116,0
2367,172,4,5393,1,117,0
2368,172,4,5571,1,59,0
2369,172,4,5588,1,58,0
2370,173,4,5463,1,98,0
2371,173,4,5582,1,59,0
2372,173,4,5536,1,67,0
2373,173,4,5515,1,74,0
2374,173,4,5583,1,59,0
2375,173,4,5541,1,65,0
2376,173,4,5603,1,51,0
2377,173,4,5496,1,79,0
2378,173,4,5325,1,115,0
2379,173,4,5506,1,77,0
2380,173,4,5559,1,62,0
2381,173,4,5377,1,124,0
2382,173,4,5533,1,82,0
2383,173,4,5493,1,88,0
2384,173,4,5598,1,56,0
2385,173,4,5565,1,62,0
2386,173,4,5550,1,63,0
2387,173,4,5588,1,54,0
2388,173,4,5599,1,52,0
2389,173,4,5551,1,64,0
2390,173,4,4993,1,231,0
2391,173,4,5526,1,86,0
2392,173,4,5352,1,112,0
2393,173,4,5431,1,103,0
2394,173,4,5533,1,69,0
2395,173,4,5490,1,74,0
2396,173,4,5373,1,99,0
2397,173,4,5501,1,80,0
2398,173,4,5444,1,105,0
2399,173,4,5577,1,56,0
2400,173,4,5617,1,48,1
2401,173,4,5558,1,63,0
2402,173,4,5404,1,108,0
2403,173,4,5451,1,114,0
2404,173,4,5245,1,148,0
2405,173,4,5554,1,64,0
2406,173,4,5428,1,100,0
2407,173,4,5516,1,73,0
2408,174,4,5422,1,131,0
2409,174,4,5587,1,55,0
2410,174,4,5541,1,67,0
2411,174,4,5617,1,49,0
2412,174,4,5229,1,141,0
2413,174,4,5576,1,79,0
2414,174,4,5546,1,69,0
2415,174,2,2356,0,1001,0
2416,174,4,5600,1,57,0
2417,174,4,5475,1,80,0
2418,174,4,4440,1,388,0
2419,174,4,5583,1,60,0
2420,174,4,5592,1,56,0
2421,174,4,5490,1,82,0
2422,175,2,2336,0,1001,0
2423,175,2,2337,0,1001,0
2424,175,4,5341,1,136,0
2425,175,4,5582,1,64,0
2426,175,4,5597,1,55,0
2427,175,4,5571,1,60,0
2428,175,4,5592,1,53,0
2429,175,4,5558,1,63,0
2430,175,4,5419,1,134,0
2431,175,4,5515,1,76,0
2432,175,4,3877,1,476,0
2433,175,4,5383,1,104,0
2434,175,4,5245,1,173,0
2435,175,4,5501,1,79,0
2436,175,4,5461,1,96,0
2437,175,4,5232,1,154,0
2438,176,2,2325,0,1001,0
2439,176,4,5443,1,113,0
2440,176,4,5477,1,89,0
2441,176,4,5485,1,84,0
2442,176,4,5355,1,111,0
2443,176,2,2358,0,1001,0
2444,176,4,5439,1,102,0
2445,176,4,5493,1,87,0
2446,176,4,5481,1,93,0
2447,176,4,5572,1,59,0
2448,177,2,2340,0,1001,0
2449,177,2,2359,0,1001,0
2450,177,4,5584,1,59,0
2451,177,4,5296,1,147,0
2452,177,4,5274,1,163,0
2453,177,4,5383,1,126,0
2454,177,4,5550,1,72,0
2455,177,4,4124,1,690,0
2456,177,4,5373,1,117,0
2457,177,4,5164,1,196,0
2458,178,2,2420,0,1001,0
2459,178,2,2345,0,1001,0
2460,178,4,5211,1,177,0
2461,178,4,4956,1,276,0
2462,178,4,5538,1,107,0
2463,178,4,5125,1,152,0
2464,179,2,2357,0,1001,0
2465,179,4,5555,1,66,0
2466,179,4,5542,1,71,0
2467,179,4,5468,1,90,0
2468,179,4,5066,1,229,0
2469,179,2,2356,0,1001,0
2470,179,4,5464,1,88,0
2471,179,4,5400,1,111,0
2472,179,4,5508,1,77,0
2473,179,4,5165,1,228,0
2474,179,4,5561,1,65,0
2475,179,4,5510,1,75,0
2476,180,2,2362,0,1001,0
2477,180,3,3267,0,1001,0
2478,180,4,5472,1,106,0
2479,180,4,5590,1,57,0
2480,180,2,2361,0,1001,0
2481,181,2,2331,0,1001,0
2482,181,4,5576,1,86,0
2483,181,2,2292,0,1001,0
2484,181,2,2355,0,1001,0
2485,181,4,4958,1,218,0
2486,181,4,5356,1,126,0
2487,181,4,5402,1,114,0
2488,182,2,2359,0,1001,0
2489,182,4,5294,1,153,0
2490,182,4,4988,1,268,0
2491,182,4,5463,1,87,0
2492,182,4,5475,1,96,0
2493,182,4,5301,1,129,0
2494,182,4,5239,1,172,0
2495,182,4,5221,1,173,0
2496,182,4,5377,1,127,0
2497,182,4,5214,1,173,0
2498,182,4,5539,1,68,0
2499,182,4,5194,1,195,0
2500,183,2,2361,0,1001,1
2501,183,4,5339,1,139,0
2502,183,4,5483,1,87,0
2503,183,4,5205,1,219,0
2504,183,2,2341,0,1001,0
2505,183,4,4874,1,324,0
2506,183,4,5511,1,76,0
2507,183,4,5435,1,106,0
2508,183,4,5526,1,71,0
2509,183,4,4502,1,431,0
2510,184,2,2311,0,1001,0
2511,184,4,5399,1,108,0
2512,184,2,2280,0,1001,0
2513,184,4,4961,1,231,0
2514,184,4,5330,1,145,0
2515,184,4,5063,1,265,0
2516,184,4,5252,1,172,0
2517,185,2,2329,0,1001,0
2518,185,4,5038,1,236,0
2519,185,4,5544,1,68,0
2520,185,2,2383,0,1001,0
2521,185,2,2345,0,1001,0
2522,185,4,5449,1,96,0
2523,185,4,5575,1,89,0
2524,185,4,5398,1,93,0
2525,185,4,5579,1,60,0
2526,186,4,5054,1,272,0
2527,186,4,5406,1,118,0
2528,186,4,5366,1,112,0
2529,186,2,2449,0,1001,0
2530,186,2,2445,0,1001,0
2531,186,4,5494,1,97,0
2532,186,4,5519,1,71,0
2533,186,4,5522,1,73,0
2534,186,4,5559,1,61,0
2535,186,4,5366,1,129,0
2536,186,4,5276,1,157,0
2537,187,4,5513,1,79,0
2538,187,4,5465,1,88,0
2539,187,4,5537,1,73,0
2540,187,4,5545,1,65,0
2541,187,4,5525,1,78,0
2542,187,2,2357,0,1001,0
2543,187,4,5287,1,161,0
2544,187,4,5572,1,59,0
2545,187,2,2336,0,1001,0
2546,188,2,2430,0,1001,0
2547,188,4,5531,1,74,0
2548,188,4,5519,1,74,0
2549,188,4,5266,1,135,0
2550,188,2,2298,0,1001,0
2551,188,4,5437,1,91,0
2552,188,4,5555,1,63,0
2553,188,4,5532,1,74,0
2554,188,4,5544,1,70,0
2555,188,4,5132,1,218,0
2556,188,4,5601,1,52,0
2557,188,4,5388,1,119,0
2558,189,2,2327,0,1001,0
2559,189,4,5383,1,99,0
2560,189,2,2287,0,1001,0
2561,189,4,5491,1,76,0
2562,189,4,5348,1,123,0
2563,189,3,3432,0,1001,0
2564,189,4,5568,1,56,0
2565,189,4,5483,1,82,0
2566,189,4,5555,1,60,0
2567,189,4,5446,1,123,0
2568,189,4,5341,1,135,0
2569,190,3,3428,0,1001,0
2570,190,4,5572,1,62,0
2571,190,4,5451,1,97,0
2572,190,2,2363,0,1001,0
2573,190,4,5422,1,110,0
2574,190,4,5045,1,206,0
2575,190,4,5404,1,132,0
2576,190,4,5170,1,162,0
2577,190,4,5356,1,112,0
2578,190,4,5297,1,119,0
2579,191,4,5252,1,169,0
2580,191,4,4702,1,426,0
2581,191,4,5380,1,121,0
2582,191,4,5472,1,101,0
2583,191,4,5518,1,81,0
2584,191,4,5315,1,109,0
2585,191,4,5456,1,79,0
2586,191,4,5571,1,61,0
2587,191,4,5474,1,80,0
2588,191,4,5514,1,86,0
2589,191,4,5440,1,82,0
2590,191,4,5515,1,71,0
2591,191,4,4968,1,306,0
2592,191,4,5439,1,83,0
2593,191,2,2365,0,1001,0
2594,191,4,5027,1,209,0
2595,191,4,5228,1,169,0
2596,192,4,5250,1,158,0
2597,192,4,5339,1,130,0
2598,192,4,5208,1,174,0
2599,192,4,5245,1,184,0
2600,192,0,99,0,1001,1
2601,192,4,5155,1,143,0
2602,192,4,5535,1,68,0
2603,192,4,4832,1,240,0
2604,192,4,5429,1,86,0
2605,192,4,5388,1,100,0
2606,192,4,5456,1,78,0
2607,192,4,5567,1,60,0
2608,192,4,5498,1,73,0
2609,192,4,5509,1,71,0
2610,192,4,5590,1,56,0
2611,192,4,5362,1,98,0
2612,192,4,5267,1,118,0
2613,192,4,5532,1,75,0
2614,192,4,5416,1,97,0
2615,192,4,5256,1,118,0
2616,192,4,5565,1,58,0
2617,193,4,5555,1,60,0
2618,193,4,5499,1,79,0
2619,193,4,5381,1,99,0
2620,193,4,5489,1,85,0
2621,193,4,5466,1,101,0
2622,193,4,5451,1,81,0
2623,193,4,5336,1,111,0
2624,193,4,5513,1,85,0
2625,193,4,5541,1,68,0
2626,193,4,5402,1,96,0
2627,193,4,5046,1,178,0
2628,193,4,5466,1,80,0
2629,193,2,2252,0,1001,0
2630,193,4,5190,1,140,0
2631,193,4,5423,1,112,0
2632,193,4,5489,1,77,0
2633,193,4,5521,1,82,0
2634,193,4,5470,1,82,0
2635,193,4,5582,1,74,0
2636,193,4,5394,1,90,0
2637,193,4,5607,1,52,0
2638,193,4,5544,1,63,0
2639,193,4,5599,1,52,0
2640,193,4,5477,1,92,0
2641,194,4,4982,1,183,0
2642,194,4,5503,1,72,0
2643,194,4,5503,1,72,0
2644,194,4,5608,1,55,0
2645,194,4,5513,1,72,0
2646,194,4,5584,1,55,0
2647,194,4,5380,1,93,0
2648,194,4,5576,1,60,0
2649,194,4,5505,1,72,0
2650,194,4,5498,1,71,0
2651,194,4,5417,1,93,0
2652,194,4,5156,1,139,0
2653,194,4,5345,1,103,0
2654,194,4,5589,1,56,0
2655,194,4,5512,1,74,0
2656,194,4,5614,1,53,0
2657,194,4,5497,1,85,0
2658,194,2,2244,0,1001,0
2659,194,4,5546,1,63,0
2660,194,4,5237,1,161,0
2661,194,4,5514,1,75,0
2662,194,4,4873,1,308,0
2663,195,3,3333,0,1001,0
2664,195,4,5536,1,69,0
2665,195,4,5394,1,102,0
2666,195,4,5502,1,87,0
2667,195,4,5528,1,66,0
2668,195,4,5467,1,81,0
2669,195,2,2345,0,1001,0
2670,195,4,5497,1,82,0
2671,195,4,5443,1,81,0
2672,195,4,5394,1,112,0
2673,195,4,5369,1,100,0
2674,195,4,5433,1,88,0
2675,195,4,5315,1,191,0
2676,195,4,5555,1,60,0
2677,195,4,5386,1,121,0
2678,195,4,5538,1,67,0
2679,196,4,5116,1,144,0
2680,196,4,5319,1,143,0
2681,196,4,5259,1,125,0
2682,196,4,5320,1,130,0
2683,196,4,5250,1,121,0
2684,196,4,5328,1,119,0
2685,196,4,4785,1,239,0
2686,196,4,5465,1,80,0
2687,196,4,5214,1,125,0
2688,196,4,5560,1,66,0
2689,196,4,5063,1,219,0
2690,196,4,4290,1,535,0
2691,196,4,5554,1,61,0
2692,196,4,5524,1,73,0
2693,196,4,5574,1,71,0
2694,196,4,5305,1,140,0
2695,196,4,5318,1,127,0
2696,196,4,4939,1,208,0
2697,196,4,5525,1,76,0
2698,196,4,5258,1,137,0
2699,196,4,5523,1,70,0
2700,197,0,99,0,1001,1
2701,197,4,5240,1,125,0
2702,197,4,5100,1,149,0
2703,197,4,4073,1,411,0
2704,197,4,5301,1,121,0
2705,197,4,5593,1,52,0
2706,197,4,5595,1,58,0
2707,197,4,4968,1,201,0
2708,197,4,5543,1,67,0
2709,197,4,3792,1,475,0
2710,197,4,5160,1,185,0
2711,197,4,4966,1,201,0
2712,197,4,5431,1,90,0
2713,198,4,4946,1,225,0
2714,198,4,5496,1,75,0
2715,198,4,5431,1,96,0
2716,198,4,4862,1,217,0
2717,198,4,4864,1,207,0
2718,198,4,5361,1,120,0
2719,198,4,5077,1,204,0
2720,198,4,5236,1,142,0
2721,198,4,4913,1,190,0
2722,198,4,5570,1,60,0
2723,198,4,5316,1,110,0
2724,198,4,5456,1,78,0
2725,198,4,5540,1,68,0
2726,198,4,5518,1,75,0
2727,198,4,5455,1,90,0
2728,198,4,5327,1,121,0
2729,198,4,5482,1,85,0
2730,198,4,5372,1,107,0
2731,198,4,5396,1,118,0
2732,198,4,5433,1,97,0
2733,198,4,5339,1,104,0
2734,198,4,5540,1,64,0
2735,198,4,5366,1,140,0
2736,198,4,5340,1,105,0
2737,199,2,2282,0,1001,0
2738,199,4,5046,1,165,0
2739,199,4,5472,1,76,0
2740,199,4,5480,1,92,0
2741,199,4,5540,1,71,0
2742,199,4,5343,1,102,0
2743,199,4,5088,1,168,0
2744,199,4,5341,1,103,0
2745,199,4,4958,1,183,0
2746,199,4,5386,1,120,0
2747,199,4,5383,1,104,0
2748,199,4,5503,1,100,0
2749,199,4,5367,1,123,0
2750,199,4,5272,1,129,0
2751,199,4,5384,1,115,0
2752,199,4,5509,1,71,0
2753,199,4,5179,1,138,0
2754,199,4,5348,1,130,0
2755,199,4,5508,1,79,0
2756,199,4,5519,1,72,0
2757,199,4,5312,1,145,0
2758,199,4,4889,1,240,0
2759,200,4,5452,1,87,0
2760,200,4,5313,1,131,0
2761,200,4,5412,1,93,0
2762,200,4,4889,1,198,0
2763,200,4,4370,1,342,0
2764,200,4,5324,1,133,0
2765,200,4,5363,1,110,0
2766,200,4,5416,1,95,0
2767,200,4,5431,1,104,0
2768,200,4,5507,1,76,0
2769,200,4,5287,1,118,0
2770,200,4,5162,1,172,0
2771,200,4,5229,1,155,0
2772,200,4,5433,1,89,0
2773,200,4,5345,1,109,0
2774,200,4,5414,1,91,0
2775,200,4,5338,1,109,0
2776,200,4,5445,1,94,0
2777,200,4,5549,1,95,0
2778,200,4,5308,1,111,0
2779,200,4,5184,1,153,0
2780,200,4,5486,1,92,0
2781,200,4,5494,1,80,0
2782,200,4,5486,1,77,0
2783,201,2,2329,0,1001,0
2784,201,4,5462,1,88,0
2785,201,4,5377,1,106,0
2786,201,4,5191,1,131,0
2787,201,4,5367,1,134,0
2788,201,4,5324,1,131,0
2789,201,4,5520,1,75,0
2790,201,4,4777,1,224,0
2791,201,4,5437,1,102,0
2792,201,4,5510,1,74,0
2793,201,4,5335,1,136,0
2794,201,4,5524,1,67,0
2795,201,4,5389,1,99,0
2796,201,4,5179,1,143,0
2797,202,3,3396,0,1001,0
2798,202,4,5229,1,181,0
2799,202,4,5433,1,100,0
2800,202,0,99,0,1001,1
2801,202,4,5437,1,88,0
2802,202,4,5391,1,99,0
2803,202,2,2325,0,1001,0
2804,202,4,5380,1,153,0
2805,202,4,5538,1,62,0
2806,202,4,4920,1,188,0
2807,202,4,4893,1,197,0
2808,203,4,4173,1,367,0
2809,203,4,5441,1,101,0
2810,203,4,5261,1,165,0
2811,203,4,5573,1,59,0
2812,203,4,5431,1,115,0
2813,203,4,4961,1,191,0
2814,203,4,5482,1,90,0
2815,203,4,5486,1,97,0
2816,203,4,5128,1,156,0
2817,203,4,5396,1,125,0
2818,203,4,5217,1,133,0
2819,203,4,5236,1,135,0
2820,203,4,5608,1,50,0
2821,203,4,5542,1,73,0
2822,203,4,5526,1,72,0
2823,203,4,5510,1,77,0
2824,203,4,5596,1,54,0
2825,203,4,5514,1,75,0
2826,203,4,5506,1,100,0
2827,203,4,5164,1,194,0
2828,203,4,5481,1,83,0
2829,203,4,5568,1,61,0
2830,203,4,5352,1,157,0
2831,203,4,5563,1,65,0
2832,203,4,5371,1,132,0
2833,203,4,5501,1,76,0
2834,203,4,5173,1,186,0
2835,204,4,5521,1,71,0
2836,204,2,2313,0,1001,0
2837,204,2,2345,0,1001,0
2838,204,4,5515,1,80,0
2839,204,4,5466,1,89,0
2840,204,4,5519,1,73,0
2841,204,4,5357,1,114,0
2842,204,4,5476,1,88,0
2843,204,4,5351,1,125,0
2844,204,4,5485,1,89,0
2845,204,4,5567,1,87,0
2846,204,4,5441,1,85,0
2847,204,4,5499,1,85,0
2848,204,4,5430,1,90,0
2849,205,4,5543,1,67,0
2850,205,4,5192,1,182,0
2851,205,4,4793,1,304,0
2852,205,4,5520,1,80,0
2853,205,4,5361,1,108,0
2854,205,4,5451,1,88,0
2855,205,4,5382,1,96,0
2856,205,4,5537,1,70,0
2857,205,4,5487,1,100,0
2858,205,4,5506,1,76,0
2859,205,4,5086,1,197,0
2860,205,4,5407,1,104,0
2861,205,4,5417,1,102,0
2862,205,4,5489,1,78,0
2863,205,4,5370,1,165,0
2864,205,4,5444,1,101,0
2865,205,4,5458,1,88,0
2866,205,4,5466,1,89,0
2867,205,4,5540,1,70,0
2868,205,4,5531,1,74,0
2869,205,4,5492,1,85,0
2870,205,4,5498,1,82,0
2871,206,3,3480,0,1001,0
2872,206,4,5525,1,82,0
2873,206,4,5518,1,74,0
2874,206,4,5432,1,103,0
2875,206,4,5567,1,70,0
2876,206,4,5449,1,101,0
2877,206,4,5524,1,76,0
2878,206,4,5437,1,93,0
2879,206,4,5424,1,104,0
2880,206,4,5520,1,78,0
2881,206,4,5456,1,97,0
2882,206,4,5337,1,128,0
2883,206,4,5536,1,72,0
2884,206,4,5377,1,114,0
2885,206,4,5326,1,149,0
2886,206,4,5448,1,105,0
2887,206,2,2346,0,1001,0
2888,206,4,5562,1,63,0
2889,206,4,5484,1,85,0
2890,206,4,5253,1,224,0
2891,206,4,5461,1,79,0
2892,207,4,5479,1,89,0
2893,207,4,5074,1,331,0
2894,207,2,2320,0,1001,0
2895,207,4,5259,1,165,0
2896,207,4,5560,1,59,0
2897,207,4,5467,1,96,0
2898,207,4,5294,1,145,0
2899,207,4,5485,1,88,0
2900,207,2,2361,0,1001,1
2901,207,4,5530,1,75,0
2902,208,4,5389,1,122,0
2903,208,4,5413,1,112,0
2904,208,4,5005,1,199,0
2905,208,4,5154,1,193,0
2906,208,4,5527,1,68,0
2907,208,4,5277,1,114,0
2908,208,4,5414,1,117,0
2909,208,4,5471,1,80,0
2910,208,4,5363,1,106,0
2911,208,4,5354,1,104,0
2912,208,4,5199,1,163,0
2913,208,4,5456,1,86,0
2914,208,4,5320,1,120,0
2915,208,4,5444,1,98,0
2916,208,4,5254,1,131,0
2917,208,4,5418,1,116,0
2918,208,4,5544,1,66,0
2919,208,4,5416,1,83,0
2920,208,4,5035,1,219,0
2921,208,4,4851,1,255,0
2922,208,4,5274,1,132,0
2923,208,4,5529,1,80,0
2924,208,4,5261,1,139,0
2925,208,4,5332,1,124,0
2926,208,4,5399,1,97,0
2927,209,4,5357,1,105,0
2928,209,4,4979,1,184,0
2929,209,4,5426,1,109,0
2930,209,4,5444,1,97,0
2931,209,4,5061,1,226,0
2932,209,4,5439,1,99,0
2933,209,4,5328,1,178,0
2934,209,4,5134,1,165,0
2935,209,4,5515,1,75,0
2936,209,4,5279,1,141,0
2937,209,4,5253,1,186,0
2938,209,4,5498,1,69,0
2939,209,4,5400,1,117,0
2940,209,4,5426,1,97,0
2941,209,4,5232,1,151,0
2942,209,4,5094,1,201,0
2943,209,4,5425,1,92,0
2944,209,4,5425,1,97,0
2945,209,4,5346,1,113,0
2946,209,4,5345,1,102,0
2947,209,4,5579,1,57,0
2948,209,4,5090,1,182,0
2949,209,4,5575,1,56,0
2950,209,4,5422,1,106,0
2951,210,4,4795,1,270,0
2952,210,4,5280,1,132,0
2953,210,4,4745,1,255,0
2954,210,4,5129,1,264,0
2955,210,4,5385,1,108,0
2956,210,4,5071,1,165,0
2957,210,4,5404,1,110,0
2958,210,4,5353,1,105,0
2959,210,4,5424,1,88,0
2960,210,4,5523,1,68,0
2961,210,4,5441,1,81,0
2962,210,4,5407,1,97,0
2963,210,4,5405,1,92,0
2964,210,2,2349,0,1001,0
2965,210,4,5418,1,90,0
2966,210,4,5377,1,94,0
2967,210,4,5137,1,182,0
2968,210,4,5398,1,103,0
2969,210,4,5395,1,97,0
2970,211,4,5402,1,131,0
2971,211,4,5442,1,96,0
2972,211,4,5456,1,99,0
2973,211,4,4818,1,245,0
2974,211,4,5162,1,176,0
2975,211,4,5440,1,87,0
2976,211,4,5293,1,137,0
2977,211,4,5263,1,141,0
2978,211,4,4936,1,219,0
2979,211,3,3388,0,1001,0
2980,211,4,5353,1,112,0
2981,211,4,5212,1,128,0
2982,211,4,5473,1,81,0
2983,211,4,5394,1,98,0
2984,211,4,5452,1,92,0
2985,211,4,5338,1,109,0
2986,211,4,5345,1,111,0
2987,212,4,5455,1,95,0
2988,212,4,4938,1,181,0
2989,212,4,5388,1,93,0
2990,212,4,5492,1,82,0
2991,212,4,5300,1,114,0
2992,212,4,5266,1,134,0
2993,212,4,5197,1,137,0
2994,212,4,5217,1,137,0
2995,212,4,5334,1,106,0
2996,212,4,5325,1,104,0
2997,212,4,5155,1,163,0
2998,212,4,5355,1,139,0
2999,212,4,5385,1,107,0
3000,212,0,0,0,1001,1
3001,212,4,5139,1,172,0
3002,212,4,5312,1,102,0
3003,212,4,5331,1,123,0
3004,212,4,5335,1,105,0
3005,212,4,5278,1,127,0
3006,213,4,5260,1,124,0
3007,213,4,5004,1,177,0
3008,213,4,5444,1,87,0
3009,213,4,5215,1,129,0
3010,213,4,4911,1,216,0
3011,213,4,5230,1,130,0
3012,213,4,4906,1,199,0
3013,213,4,5110,1,149,0
3014,213,4,5270,1,130,0
3015,213,4,5491,1,74,0
3016,213,4,5348,1,120,0
3017,213,4,5026,1,183,0
3018,213,4,5028,1,191,0
3019,213,4,5205,1,148,0
3020,213,4,5300,1,119,0
3021,213,4,5428,1,101,0
3022,213,4,5412,1,101,0
3023,213,4,5053,1,158,0
3024,213,4,5377,1,108,0
3025,213,4,5239,1,122,0
3026,214,2,2297,0,1001,0
3027,214,4,5124,1,168,0
3028,214,4,5184,1,144,0
3029,214,4,5457,1,82,0
3030,214,4,4958,1,190,0
3031,214,2,2354,0,1001,0
3032,214,4,5534,1,70,0
3033,214,4,5564,1,61,0
3034,214,4,5480,1,81,0
3035,214,4,5298,1,145,0
3036,214,4,5057,1,210,0
3037,214,4,5570,1,67,0
3038,214,4,5477,1,91,0
3039,214,4,5217,1,173,0
3040,215,4,5010,1,227,0
3041,215,4,5273,1,165,0
3042,215,4,5299,1,155,0
3043,215,4,5411,1,114,0
3044,215,4,5238,1,170,0
3045,215,4,4763,1,321,0
3046,215,4,5556,1,68,0
3047,215,4,5438,1,94,0
3048,215,4,5521,1,87,0
3049,215,4,5413,1,94,0
3050,215,4,5500,1,116,0
3051,215,4,5339,1,122,0
3052,215,4,5362,1,120,0
3053,215,4,4841,1,283,0
3054,215,4,5530,1,81,0
3055,215,4,5583,1,61,0
3056,215,4,5470,1,90,0
3057,215,4,5485,1,81,0
3058,215,4,5289,1,144,0
3059,215,4,5469,1,102,0
3060,215,4,5385,1,106,0
3061,215,4,5442,1,88,0
3062,215,4,5490,1,81,0
3063,216,2,2312,0,1001,0
3064,216,4,5200,1,158,0
3065,216,4,5500,1,75,0
3066,216,4,5506,1,83,0
3067,216,4,5538,1,78,0
3068,216,4,5479,1,84,0
3069,216,4,5273,1,139,0
3070,216,4,5595,1,54,0
3071,216,4,5304,1,111,0
3072,216,4,5463,1,82,0
3073,216,4,5474,1,90,0
3074,216,4,5527,1,71,0
3075,216,4,5379,1,133,0
3076,216,3,3429,0,1001,0
3077,216,4,5527,1,69,0
3078,216,4,5502,1,80,0
3079,217,4,5391,1,121,0
3080,217,4,5237,1,140,0
3081,217,4,5428,1,108,0
3082,217,4,5190,1,149,0
3083,217,4,5434,1,95,0
3084,217,4,5425,1,115,0
3085,217,4,5518,1,86,0
3086,217,4,5393,1,112,0
3087,217,2,2310,0,1001,0
3088,217,4,5538,1,69,0
3089,217,4,5599,1,55,0
3090,217,4,5489,1,82,0
3091,217,4,5511,1,72,0
3092,217,4,5508,1,74,0
3093,217,4,5570,1,62,0
3094,217,4,5511,1,77,0
3095,217,4,5465,1,90,0
3096,217,4,5297,1,125,0
3097,217,4,5599,1,56,0
3098,218,2,2324,0,1001,0
3099,218,2,2348,0,1001,0
3100,218,1,1187,0,1001,1
3101,218,4,5464,1,84,0
3102,218,4,5463,1,97,0
3103,219,2,2312,0,1001,0
3104,219,4,5333,1,122,0
3105,219,4,5477,1,90,0
3106,219,4,5491,1,92,0
3107,219,4,5466,1,82,0
3108,219,4,5418,1,130,0
3109,219,4,5594,1,58,0
3110,219,4,5328,1,143,0
3111,219,4,5439,1,102,0
3112,219,4,5534,1,70,0
3113,219,4,5328,1,113,0
3114,219,4,5198,1,164,0
3115,219,4,5345,1,113,0
3116,219,4,4575,1,303,0
3117,219,4,5344,1,117,0
3118,219,4,5469,1,92,0
3119,219,4,5569,1,61,0
3120,219,4,5404,1,102,0
3121,219,4,5257,1,136,0
3122,219,4,5235,1,150,0
3123,219,4,5529,1,72,0
3124,219,4,5463,1,91,0
3125,220,4,5188,1,182,0
3126,220,4,5586,1,63,0
3127,220,4,5499,1,104,0
3128,220,4,5551,1,67,0
3129,220,2,2297,0,1001,0
3130,220,4,5528,1,73,0
3131,220,4,5419,1,103,0
3132,220,2,2256,0,1001,0
3133,220,4,5553,1,65,0
3134,220,4,5523,1,77,0
3135,220,4,5239,1,148,0
3136,220,4,4534,1,319,0
3137,221,4,5488,1,80,0
3138,221,4,4771,1,253,0
3139,221,4,5313,1,125,0
3140,221,4,5400,1,101,0
3141,221,4,5363,1,112,0
3142,221,4,5343,1,121,0
3143,221,4,5247,1,127,0
3144,221,4,5308,1,122,0
3145,221,4,5327,1,114,0
3146,221,4,4902,1,202,0
3147,221,4,5461,1,88,0
3148,221,3,3319,0,1001,0
3149,221,4,4772,1,281,0
3150,221,4,5449,1,99,0
3151,222,2,2429,0,1001,0
3152,222,4,5113,1,161,0
3153,222,4,5064,1,167,0
3154,222,4,4635,1,298,0
3155,222,4,5088,1,176,0
3156,222,4,4566,1,273,0
3157,222,4,5197,1,153,0
3158,222,4,4735,1,291,0
3159,222,4,5053,1,178,0
3160,223,2,2302,0,1001,0
3161,223,4,5464,1,84,0
3162,223,4,5004,1,214,0
3163,223,4,5135,1,165,0
3164,223,4,5186,1,150,0
3165,223,4,5209,1,141,0
3166,223,4,5093,1,155,0
3167,223,4,4882,1,421,0
3168,223,4,5007,1,195,0
3169,223,4,5023,1,188,0
3170,223,4,4796,1,223,0
3171,223,4,5164,1,161,0
3172,223,4,5155,1,144,0
3173,223,4,5069,1,162,0
3174,223,4,5116,1,148,0
3175,223,4,5188,1,150,0
3176,223,4,5059,1,158,0
3177,224,4,5084,1,158,0
3178,224,4,5092,1,160,0
3179,224,4,4638,1,257,0
3180,224,4,4602,1,278,0
3181,224,4,5346,1,110,0
3182,224,4,4942,1,213,0
3183,224,4,5396,1,102,0
3184,224,4,5244,1,136,0
3185,224,4,5379,1,110,0
3186,224,4,5458,1,83,0
3187,224,4,5237,1,122,0
3188,224,4,5126,1,171,0
3189,224,4,5324,1,116,0
3190,224,4,5366,1,106,0
3191,224,4,5366,1,96,0
3192,224,4,5538,1,69,0
3193,224,4,5208,1,137,0
3194,224,4,5186,1,141,0
3195,224,4,5170,1,138,0
3196,224,4,5099,1,180,0
3197,224,4,5536,1,75,0
3198,224,4,5277,1,156,0
3199,225,4,4380,1,311,0
3200,225,0,99,0,1001,1
3201,225,4,5375,1,110,0
3202,225,4,5247,1,146,0
3203,225,4,5554,1,64,0
3204,225,4,5149,1,165,0
3205,225,4,5454,1,100,0
3206,225,4,5407,1,100,0
3207,225,4,5491,1,83,0
3208,225,4,5322,1,140,0
3209,225,4,4485,1,298,0
3210,225,4,5291,1,124,0
3211,225,4,5506,1,75,0
3212,225,4,4812,1,262,0
3213,226,4,4913,1,285,0
3214,226,4,5509,1,74,0
3215,226,3,3336,0,1001,0
3216,226,2,2192,0,1001,0
3217,226,4,5158,1,166,0
3218,226,4,4753,1,237,0
3219,226,4,5355,1,140,0
3220,226,4,4875,1,319,0
3221,227,4,4448,1,305,0
3222,227,4,5393,1,107,0
3223,227,4,3203,1,712,0
3224,227,4,5296,1,135,0
3225,227,4,5502,1,84,0
3226,227,4,5200,1,151,0
3227,227,2,2296,0,1001,0
3228,227,4,4868,1,200,0
3229,227,4,5404,1,106,0
3230,227,4,5294,1,120,0
3231,227,4,5247,1,130,0
3232,227,4,5394,1,105,0
3233,228,4,5544,1,65,0
3234,228,4,5367,1,116,0
3235,228,4,5268,1,179,0
3236,228,3,3023,0,1001,0
3237,228,4,5428,1,107,0
3238,228,4,5358,1,120,0
3239,228,4,4607,1,362,0
3240,228,4,5192,1,205,0
3241,228,4,4322,1,318,0
3242,228,4,5177,1,183,0
3243,228,4,5557,1,63,0
3244,228,4,5245,1,136,0
3245,228,4,5336,1,115,0
3246,229,4,4799,1,229,0
3247,229,4,5429,1,96,0
3248,229,4,5349,1,117,0
3249,229,4,5324,1,123,0
3250,229,4,5563,1,64,0
3251,229,4,5092,1,181,0
3252,229,4,5269,1,143,0
3253,229,4,5439,1,88,0
3254,229,4,5361,1,111,0
3255,229,4,5424,1,91,0
3256,229,4,4517,1,344,0
3257,229,4,5426,1,93,0
3258,229,4,5525,1,70,0
3259,229,4,5362,1,114,0
3260,229,4,5550,1,71,0
3261,229,4,5476,1,86,0
3262,229,2,2276,0,1001,0
3263,229,4,5456,1,87,0
3264,229,4,5538,1,68,0
3265,229,4,5344,1,123,0
3266,230,4,5200,1,164,0
3267,230,4,5415,1,103,0
3268,230,4,5458,1,87,0
3269,230,4,5394,1,113,0
3270,230,4,5471,1,99,0
3271,230,4,5505,1,79,0
3272,230,4,5527,1,77,0
3273,230,4,5455,1,87,0
3274,230,4,5427,1,108,0
3275,230,4,5165,1,183,0
3276,230,4,5369,1,120,0
3277,230,4,5515,1,78,0
3278,230,4,5002,1,211,0
3279,230,4,5576,1,60,0
3280,230,4,5417,1,96,0
3281,230,4,5396,1,98,0
3282,230,3,3434,0,1001,0
3283,230,4,5455,1,100,0
3284,230,4,5282,1,185,0
3285,231,2,2350,0,1001,0
3286,231,4,5381,1,107,0
3287,231,4,5081,1,178,0
3288,231,4,5547,1,70,0
3289,231,4,4958,1,248,0
3290,231,4,5258,1,153,0
3291,231,4,5406,1,139,0
3292,231,4,5373,1,143,0
3293,231,2,2182,0,1001,0
3294,232,3,3253,0,1001,0
3295,232,4,5098,1,166,0
3296,232,4,5168,1,222,0
3297,232,3,3265,0,1001,0
3298,232,4,5216,1,142,0
3299,232,4,4820,1,336,0
3300,233,0,99,0,1001,1
3301,233,4,5362,1,106,0
3302,233,4,5190,1,144,0
3303,233,4,4685,1,274,0
3304,233,4,5126,1,182,0
3305,233,3,3361,0,1001,0
3306,233,4,5074,1,228,0
3307,233,4,5442,1,98,0
3308,234,2,2149,0,1001,0
3309,234,4,5322,1,134,0
3310,234,4,5206,1,150,0
3311,234,4,5075,1,163,0
3312,234,4,5107,1,176,0
3313,234,3,3436,0,1001,0
3314,234,4,5235,1,150,0
3315,235,3,3345,0,1001,0
3316,235,4,5130,1,148,0
3317,235,4,4954,1,207,0
3318,235,4,4851,1,251,0
3319,235,4,5516,1,81,0
3320,235,4,4932,1,205,0
3321,235,4,4766,1,243,0
3322,235,4,4085,1,403,0
3323,235,4,5237,1,131,0
3324,235,4,5191,1,174,0
3325,235,4,4971,1,188,0
3326,236,3,2969,0,1001,0
3327,236,4,4598,1,279,0
3328,236,4,5392,1,106,0
3329,236,4,4878,1,219,0
3330,236,4,5343,1,122,0
3331,236,2,2217,0,1001,0
3332,236,4,4820,1,253,0
3333,236,4,5462,1,111,0
3334,236,4,5289,1,137,0
3335,236,4,5482,1,94,0
3336,236,4,5295,1,135,0
3337,236,4,5265,1,194,0
3338,236,4,5248,1,167,0
3339,236,4,5085,1,214,0
3340,237,4,5501,1,83,0
3341,237,4,5153,1,189,0
3342,237,4,5223,1,163,0
3343,237,4,5425,1,114,0
3344,237,4,5138,1,164,0
3345,237,4,5157,1,162,0
3346,237,4,5183,1,191,0
3347,237,4,5335,1,137,0
3348,237,4,4985,1,233,0
3349,237,4,5037,1,226,0
3350,237,4,5093,1,210,0
3351,237,4,5318,1,121,0
3352,237,4,5139,1,192,0
3353,237,4,5123,1,215,0
3354,237,4,5453,1,93,0
3355,237,4,4984,1,241,0
3356,237,4,5024,1,244,0
3357,238,4,4807,1,332,0
3358,238,4,5395,1,105,0
3359,238,4,5337,1,132,0
3360,238,4,5151,1,207,0
3361,238,4,5355,1,128,0
3362,238,4,5331,1,133,0
3363,238,4,5224,1,171,0
3364,238,4,5400,1,106,0
3365,238,4,5288,1,157,0
3366,238,4,4938,1,250,0
3367,238,2,2447,0,1001,0
3368,238,4,5011,1,256,0
3369,238,4,5304,1,138,0
3370,239,4,4962,1,237,0
3371,239,4,4135,1,634,0
3372,239,4,5379,1,102,0
3373,239,4,5406,1,108,0
3374,239,4,5436,1,90,0
3375,239,4,5455,1,94,0
3376,239,4,5478,1,86,0
3377,239,4,5315,1,119,0
3378,239,4,5230,1,151,0
3379,239,4,5450,1,90,0
3380,239,4,5522,1,82,0
3381,239,4,5164,1,145,0
3382,239,2,2318,0,1001,0
3383,239,4,4812,1,237,0
3384,239,4,5554,1,68,0
3385,240,4,5001,1,204,0
3386,240,4,5220,1,137,0
3387,240,2,2358,0,1001,0
3388,240,4,5619,1,51,0
3389,240,4,5426,1,98,0
3390,240,4,5463,1,86,0
3391,240,4,5459,1,88,0
3392,240,4,5582,1,58,0
3393,240,4,5519,1,77,0
3394,240,4,5483,1,82,0
3395,240,4,5498,1,81,0
3396,240,4,5400,1,114,0
3397,240,4,5541,1,74,0
3398,240,4,5487,1,86,0
3399,240,4,5400,1,136,0
3400,241,1,1291,0,1001,1
3401,241,4,5355,1,174,0
3402,241,4,5598,1,54,0
3403,241,4,5548,1,64,0
3404,241,4,5538,1,67,0
3405,241,4,5514,1,74,0
3406,241,4,5486,1,86,0
3407,241,4,5491,1,77,0
3408,241,4,5554,1,66,0
3409,241,4,5476,1,84,0
3410,241,4,5536,1,70,0
3411,241,4,5346,1,109,0
3412,241,4,5482,1,84,0
3413,241,4,5413,1,128,0
3414,241,4,5415,1,104,0
3415,241,4,4823,1,227,0
3416,241,4,5062,1,200,0
3417,241,4,5355,1,118,0
3418,241,4,5455,1,95,0
3419,241,4,5282,1,129,0
3420,241,4,5509,1,78,0
3421,241,4,5476,1,82,0
3422,241,4,5416,1,108,0
3423,242,2,2220,0,1001,0
3424,242,4,5536,1,72,0
3425,242,4,5533,1,72,0
3426,242,4,5338,1,122,0
3427,242,4,5129,1,182,0
3428,242,4,5111,1,204,0
3429,242,4,4912,1,250,0
3430,242,4,4988,1,250,0
3431,242,4,5459,1,88,0
3432,242,4,4900,1,248,0
3433,242,4,5507,1,83,0
3434,242,4,5397,1,128,0
3435,242,4,4949,1,229,0
3436,243,2,2349,0,1001,0
3437,243,4,5265,1,154,0
3438,243,4,4881,1,253,0
3439,243,4,5439,1,102,0
3440,243,4,4912,1,227,0
3441,243,4,5029,1,238,0
3442,243,4,5245,1,150,0
3443,243,4,5385,1,128,0
3444,243,4,5527,1,73,0
3445,243,4,5537,1,74,0
3446,243,4,5396,1,123,0
3447,243,4,5348,1,121,0
3448,243,4,5104,1,208,0
3449,243,4,4988,1,246,0
3450,243,4,4607,1,354,0
3451,243,4,5152,1,193,0
3452,243,4,5183,1,173,0
3453,244,4,4749,1,291,0
3454,244,4,5247,1,204,0
3455,244,4,5441,1,106,0
3456,244,4,4906,1,273,0
3457,244,4,5256,1,212,0
3458,244,4,5413,1,98,0
3459,244,4,5374,1,122,0
3460,244,4,5242,1,182,0
3461,244,4,5525,1,83,0
3462,244,4,5199,1,168,0
3463,244,4,5470,1,121,0
3464,244,4,5227,1,149,0
3465,244,4,5378,1,121,0
3466,244,4,5374,1,125,0
3467,244,4,5197,1,180,0
3468,244,4,5509,1,79,0
3469,244,4,4168,1,657,0
3470,245,4,4448,1,459,0
3471,245,4,4948,1,267,0
3472,245,4,5389,1,120,0
3473,245,4,5608,1,87,0
3474,245,4,5317,1,173,0
3475,245,4,5254,1,153,0
3476,245,4,5356,1,135,0
3477,245,4,5314,1,144,0
3478,245,2,2371,0,1001,0
3479,245,4,5559,1,103,0
3480,245,4,5507,1,116,0
3481,245,4,5240,1,168,0
3482,245,4,5508,1,115,0
3483,246,4,4831,1,422,0
3484,246,4,5391,1,143,0
3485,246,4,5379,1,116,0
3486,246,4,5258,1,159,0
3487,246,4,5544,1,69,0
3488,246,4,4984,1,275,0
3489,246,4,5435,1,91,0
3490,246,4,5411,1,115,0
3491,246,4,5318,1,137,0
3492,246,4,5363,1,131,0
3493,246,4,5089,1,192,0
3494,246,4,5329,1,138,0
3495,246,4,5085,1,242,0
3496,246,4,5142,1,211,0
3497,246,4,5379,1,127,0
3498,246,4,5347,1,124,0
3499,246,4,5401,1,118,0
3500,247,1,1192,0,1001,1
3501,247,4,5226,1,157,0
3502,247,4,5088,1,190,0
3503,247,4,5471,1,100,0
3504,247,4,5354,1,135,0
3505,247,4,5400,1,115,0
3506,247,4,5468,1,83,0
3507,247,4,5529,1,81,0
3508,247,4,5411,1,119,0
3509,247,4,5181,1,197,0
3510,247,4,5455,1,105,0
3511,247,4,5458,1,101,0
3512,247,4,5513,1,84,0
3513,247,4,5080,1,188,0
3514,247,4,5415,1,116,0
3515,247,4,5228,1,180,0
3516,247,4,5274,1,197,0
3517,247,4,5346,1,135,0
3518,247,4,5276,1,171,0
3519,247,4,5157,1,194,0
3520,248,2,2351,0,1001,0
3521,248,4,5627,1,51,0
3522,248,4,5568,1,67,0
3523,248,4,5422,1,90,0
3524,248,4,5540,1,61,0
3525,248,4,5506,1,84,0
3526,248,4,5489,1,82,0
3527,248,4,5608,1,53,0
3528,248,4,5336,1,128,0
3529,248,4,5611,1,56,0
3530,248,4,5573,1,68,0
3531,248,4,5452,1,84,0
3532,248,3,3511,0,1001,0
3533,248,4,5472,1,95,0
3534,248,4,5631,1,46,0
3535,248,4,5591,1,54,0
3536,248,4,5452,1,84,0
3537,248,4,5544,1,70,0
3538,249,4,5345,1,140,0
3539,249,4,5536,1,81,0
3540,249,4,5592,1,56,0
3541,249,4,5589,1,58,0
3542,249,4,5266,1,136,0
3543,249,4,5440,1,96,0
3544,249,4,5605,1,54,0
3545,249,4,5604,1,52,0
3546,249,4,5224,1,170,0
3547,249,2,2353,0,1001,0
3548,249,4,5503,1,93,0
3549,249,4,5325,1,130,0
3550,249,4,5459,1,89,0
3551,249,4,5537,1,105,0
3552,249,4,5471,1,134,0
3553,250,2,2341,0,1001,0
3554,250,4,5376,1,130,0
3555,250,4,5325,1,122,0
3556,250,4,5188,1,161,0
3557,250,4,5556,1,66,0
3558,250,4,5489,1,81,0
3559,250,4,5447,1,97,0
3560,250,4,5008,1,208,0
3561,250,4,5403,1,109,0
3562,250,4,5278,1,157,0
3563,250,4,5638,1,45,0
3564,250,4,5597,1,61,0
3565,250,4,5412,1,117,0
3566,250,4,5450,1,88,0
3567,250,4,5556,1,70,0
3568,250,4,5531,1,74,0
3569,250,4,5491,1,78,0
3570,250,4,5509,1,82,0
3571,250,4,5396,1,144,0
3572,250,4,5117,1,179,0
3573,250,4,5528,1,81,0
3574,250,4,5387,1,117,0
3575,250,4,5452,1,102,0
3576,251,2,2371,0,1001,0
3577,251,4,5445,1,120,0
3578,251,4,5443,1,115,0
3579,251,4,5314,1,125,0
3580,251,4,4855,1,269,0
3581,251,4,5423,1,113,0
3582,251,4,5542,1,75,0
3583,251,4,5430,1,104,0
3584,251,4,5236,1,206,0
3585,251,4,5472,1,92,0
3586,251,4,5280,1,160,0
3587,251,4,5239,1,167,0
3588,251,4,5404,1,104,0
3589,251,4,5477,1,97,0
3590,251,3,3301,0,1001,0
3591,252,4,5552,1,72,0
3592,252,4,5640,1,76,0
3593,252,2,2368,0,1001,0
3594,252,4,5488,1,120,0
3595,252,4,5338,1,158,0
3596,252,4,5553,1,71,0
3597,252,4,5383,1,152,0
3598,252,4,5324,1,131,0
3599,252,4,5341,1,126,0
3600,252,1,1291,0,1001,1
3601,252,4,5542,1,98,0
3602,252,4,5302,1,122,0
3603,253,4,5528,1,71,0
3604,253,4,5489,1,108,0
3605,253,4,5380,1,142,0
3606,253,4,5540,1,79,0
3607,253,2,2443,0,1001,0
3608,253,4,5379,1,108,0
3609,253,4,5417,1,114,0
3610,253,4,5480,1,116,0
3611,253,4,5445,1,128,0
3612,253,4,5612,1,52,0
3613,253,4,5391,1,123,0
3614,253,4,5141,1,191,0
3615,253,4,5498,1,79,0
3616,253,4,5338,1,171,0
3617,253,4,5588,1,59,0
3618,253,4,5550,1,68,0
3619,253,4,5567,1,70,0
3620,253,4,5564,1,63,0
3621,253,4,5465,1,105,0
3622,253,4,5228,1,146,0
3623,253,4,5419,1,98,0
3624,254,4,5413,1,121,0
3625,254,4,5448,1,83,0
3626,254,4,5526,1,73,0
3627,254,4,5373,1,125,0
3628,254,4,5553,1,99,0
3629,254,4,5534,1,82,0
3630,254,4,5585,1,59,0
3631,254,4,5555,1,70,0
3632,254,4,5255,1,189,0
3633,254,4,5566,1,68,0
3634,254,4,4615,1,306,0
3635,254,4,5376,1,117,0
3636,254,4,5558,1,63,0
3637,254,4,4635,1,514,0
3638,254,4,5325,1,157,0
3639,254,4,5328,1,129,0
3640,254,4,5491,1,90,0
3641,254,4,5211,1,179,0
3642,254,4,5398,1,116,0
3643,254,4,5109,1,203,0
3644,254,4,5628,1,78,0
3645,254,4,5310,1,176,0
3646,254,4,5567,1,63,0
3647,255,4,5570,1,64,0
3648,255,4,5561,1,62,0
3649,255,4,5546,1,74,0
3650,255,4,5537,1,83,0
3651,255,4,5595,1,55,0
3652,255,4,5512,1,80,0
3653,255,4,5631,1,74,0
3654,255,4,5633,1,48,0
3655,255,4,5469,1,98,0
3656,255,4,5495,1,82,0
3657,255,2,2313,0,1001,0
3658,255,4,5573,1,65,0
3659,255,4,5394,1,98,0
3660,255,4,5534,1,72,0
3661,255,4,5372,1,140,0
3662,255,4,5039,1,227,0
3663,255,4,5371,1,109,0
3664,255,4,5464,1,109,0
3665,255,4,5441,1,88,0
3666,255,4,5524,1,75,0
3667,255,4,5641,1,94,0
3668,255,4,4670,1,279,0
3669,255,4,5386,1,102,0
3670,256,4,5334,1,124,0
3671,256,4,5397,1,98,0
3672,256,4,5467,1,94,0
3673,256,4,5538,1,100,0
3674,256,4,5182,1,159,0
3675,256,4,5488,1,79,0
3676,256,4,5471,1,79,0
3677,256,4,5583,1,55,0
3678,256,4,5199,1,160,0
3679,256,4,5386,1,102,0
3680,256,4,5344,1,142,0
3681,256,4,5419,1,134,0
3682,256,4,5312,1,141,0
3683,256,4,5544,1,74,0
3684,256,4,5361,1,151,0
3685,256,4,5453,1,90,0
3686,256,4,5485,1,83,0
3687,256,4,5374,1,105,0
3688,256,4,5405,1,102,0
3689,256,4,5058,1,190,0
3690,256,4,5406,1,107,0
3691,256,4,5158,1,158,0
3692,256,4,5503,1,76,0
3693,256,4,5416,1,100,0
3694,256,4,5372,1,112,0
3695,256,4,5425,1,96,0
3696,256,4,4997,1,186,0
3697,256,4,5565,1,66,0
3698,257,4,5318,1,128,0
3699,257,2,2316,0,1001,0
3700,257,0,99,0,1001,1
3701,257,4,5378,1,120,0
3702,257,4,5080,1,208,0
3703,257,4,4941,1,258,0
3704,257,4,5619,1,75,0
3705,257,4,5468,1,114,0
3706,257,4,4937,1,238,0
3707,258,4,5427,1,91,0
3708,258,4,5507,1,85,0
3709,258,2,2157,0,1001,0
3710,258,4,5407,1,108,0
3711,258,4,5546,1,72,0
3712,258,4,5022,1,202,0
3713,258,4,4688,1,267,0
3714,258,4,5354,1,129,0
3715,258,4,5038,1,192,0
3716,258,4,5437,1,91,0
3717,258,4,4798,1,251,0
3718,258,4,5138,1,174,0
3719,258,4,5499,1,91,0
3720,258,4,5461,1,99,0
3721,258,4,5418,1,100,0
3722,258,4,5364,1,144,0
3723,258,4,5535,1,75,0
3724,259,4,5019,1,213,0
3725,259,4,5470,1,89,0
3726,259,4,5239,1,153,0
3727,259,4,5402,1,155,0
3728,259,4,5467,1,93,0
3729,259,2,2305,0,1001,0
3730,259,4,5293,1,151,0
3731,259,4,5410,1,122,0
3732,259,4,5328,1,134,0
3733,259,4,5490,1,105,0
3734,259,4,5610,1,52,0
3735,259,4,5605,1,78,0
3736,259,4,5263,1,161,0
3737,259,4,5432,1,107,0
3738,259,4,5053,1,191,0
3739,259,4,5442,1,99,0
3740,259,4,4890,1,234,0
3741,260,4,5310,1,151,0
3742,260,4,5176,1,191,0
3743,260,2,2353,0,1001,0
3744,260,4,4518,1,341,0
3745,260,4,5083,1,233,0
3746,260,2,2275,0,1001,0
3747,260,4,5476,1,106,0
3748,261,4,4461,1,376,0
3749,261,4,5447,1,94,0
3750,261,4,5295,1,160,0
3751,261,4,5597,1,54,0
3752,261,4,5434,1,93,0
3753,261,4,5253,1,124,0
3754,261,4,5473,1,94,0
3755,261,4,5456,1,110,0
3756,261,2,2317,0,1001,0
3757,261,2,2358,0,1001,0
3758,262,4,5334,1,116,0
3759,262,4,4967,1,236,0
3760,262,4,5427,1,92,0
3761,262,4,4899,1,275,0
3762,262,4,4898,1,192,0
3763,262,4,5339,1,113,0
3764,262,4,4898,1,220,0
3765,262,4,5480,1,80,0
3766,262,4,5283,1,130,0
3767,262,2,2284,0,1001,0
3768,262,4,5185,1,176,0
3769,262,4,4998,1,206,0
3770,262,4,5015,1,197,0
3771,262,4,5342,1,119,0
3772,263,4,5157,1,185,0
3773,263,4,4933,1,224,0
3774,263,4,4886,1,308,0
3775,263,4,5599,1,52,0
3776,263,4,4794,1,323,0
3777,263,4,5475,1,88,0
3778,263,4,4978,1,262,0
3779,263,2,2443,0,1001,0
3780,263,4,5087,1,203,0
3781,263,4,4875,1,252,0
3782,263,4,5182,1,168,0
3783,264,4,5172,1,150,0
3784,264,4,5146,1,189,0
3785,264,4,5219,1,238,0
3786,264,4,5188,1,218,0
3787,264,4,4838,1,281,0
3788,264,4,5378,1,101,0
3789,264,4,4655,1,320,0
3790,264,2,2409,0,1001,0
3791,264,4,5300,1,139,0
3792,264,4,5336,1,121,0
3793,264,4,5604,1,103,0
3794,264,4,5335,1,147,0
3795,264,4,5324,1,138,0
3796,265,4,5376,1,137,0
3797,265,4,5345,1,159,0
3798,265,4,5202,1,147,0
3799,265,4,5254,1,166,0
3800,265,1,1187,0,1001,1
3801,265,4,5418,1,136,0
3802,265,4,5274,1,181,0
3803,265,4,5562,1,70,0
3804,265,4,5113,1,216,0
3805,265,4,5300,1,154,0
3806,265,4,5506,1,88,0
3807,265,4,5509,1,99,0
3808,265,4,5434,1,117,0
3809,265,4,5420,1,101,0
3810,265,4,5070,1,191,0
3811,265,4,5477,1,93,0
3812,265,4,5474,1,81,0
3813,265,4,5460,1,99,0
3814,266,4,5408,1,125,0
3815,266,4,5218,1,143,0
3816,266,4,5593,1,86,0
3817,266,4,5270,1,144,0
3818,266,4,5501,1,111,0
3819,266,4,5175,1,206,0
3820,266,4,5357,1,153,0
3821,266,4,4553,1,472,0
3822,266,4,4459,1,399,0
3823,266,4,5077,1,185,0
3824,266,4,4877,1,265,0
3825,266,4,5087,1,181,0
3826,266,4,5375,1,113,0
3827,266,4,5094,1,208,0
3828,267,4,4570,1,352,0
3829,267,4,5446,1,107,0
3830,267,3,2712,0,1001,0
3831,267,3,3057,0,1001,0
3832,267,4,5301,1,134,0
3833,267,4,5101,1,203,0
3834,267,4,5051,1,230,0
3835,268,2,2181,0,1001,0
3836,268,4,4937,1,222,0
3837,268,4,4350,1,341,0
3838,268,4,4428,1,296,0
3839,268,4,4561,1,332,0
3840,268,4,5168,1,154,0
3841,268,4,4388,1,339,0
3842,268,4,4943,1,221,0
3843,269,2,1977,0,1001,0
3844,269,4,5016,1,194,0
3845,269,4,4983,1,222,0
3846,269,4,5167,1,163,0
3847,269,4,3848,1,481,0
3848,269,4,4767,1,241,0
3849,269,2,2221,0,1001,0
3850,269,4,5368,1,125,0
3851,269,4,5113,1,214,0
3852,270,4,5271,1,147,0
3853,270,4,5204,1,194,0
3854,270,2,2013,0,1001,0
3855,270,4,5316,1,141,0
3856,270,4,4788,1,324,0
3857,270,4,4203,1,479,0
3858,271,2,2064,0,1001,0
3859,271,4,4493,1,306,0
3860,271,4,5287,1,134,0
3861,271,4,5203,1,162,0
3862,271,4,5270,1,193,0
3863,271,4,4736,1,328,0
3864,271,4,5129,1,211,0
3865,271,4,4909,1,274,0
3866,271,4,5354,1,124,0
3867,271,4,4340,1,322,0
3868,271,4,5180,1,186,0
3869,271,4,4714,1,316,0
3870,271,4,5215,1,141,0
3871,271,4,5177,1,224,0
3872,272,4,5104,1,221,0
3873,272,4,4930,1,266,0
3874,272,4,4879,1,231,0
3875,272,4,4970,1,256,0
3876,272,4,5526,1,71,0
3877,272,4,5329,1,136,0
3878,272,4,5046,1,239,0
3879,272,4,5305,1,138,0
3880,272,4,5234,1,142,0
3881,272,4,5410,1,105,0
3882,272,4,5371,1,110,0
3883,272,4,5198,1,150,0
3884,272,4,5098,1,223,0
3885,272,4,5332,1,126,0
3886,272,4,5324,1,137,0
3887,272,4,5178,1,158,0
3888,272,4,5236,1,142,0
3889,272,4,4916,1,241,0
3890,273,4,5055,1,228,0
3891,273,4,5367,1,112,0
3892,273,4,5230,1,160,0
3893,273,4,5031,1,230,0
3894,273,4,4877,1,274,0
3895,273,4,5045,1,212,0
3896,273,4,5279,1,156,0
3897,273,4,5140,1,215,0
3898,273,4,4897,1,190,0
3899,273,4,4984,1,206,0
3900,273,0,0,0,1001,1
3901,273,4,5339,1,175,0
3902,273,4,4918,1,200,0
3903,274,4,5242,1,152,0
3904,274,4,5264,1,129,0
3905,274,4,5265,1,146,0
3906,274,4,5221,1,163,0
3907,274,3,3413,0,1001,0
3908,274,4,5364,1,125,0
3909,274,4,5236,1,176,0
3910,274,4,4958,1,196,0
3911,274,4,5176,1,155,0
3912,274,4,5021,1,245,0
3913,274,4,5264,1,150,0
3914,274,4,5141,1,144,0
3915,274,4,5441,1,104,0
3916,275,4,4945,1,244,0
3917,275,4,5013,1,231,0
3918,275,4,5025,1,188,0
3919,275,4,4548,1,317,0
3920,275,4,4785,1,290,0
3921,275,4,5166,1,153,0
3922,275,4,4744,1,285,0
3923,275,4,5244,1,168,0
3924,275,3,3179,0,1001,0
3925,275,4,5188,1,164,0
3926,275,4,5139,1,163,0
3927,276,4,5018,1,212,0
3928,276,4,5244,1,156,0
3929,276,4,4530,1,378,0
3930,276,4,3767,1,836,0
3931,276,4,4814,1,242,0
3932,276,4,5403,1,115,0
3933,276,4,5414,1,101,0
3934,276,4,5157,1,182,0
3935,276,4,5175,1,182,0
3936,276,4,5138,1,191,0
3937,276,4,5233,1,128,0
3938,276,4,5399,1,125,0
3939,276,4,4697,1,352,0
3940,277,1,1218,0,1001,0
3941,277,4,4942,1,379,0
3942,277,4,4967,1,235,0
3943,277,4,4732,1,240,0
3944,277,4,5246,1,120,0
3945,277,4,5142,1,158,0
3946,277,4,5392,1,94,0
3947,277,4,5045,1,209,0
3948,277,4,5300,1,142,0
3949,277,4,5090,1,199,0
3950,277,4,5505,1,103,0
3951,277,4,5036,1,270,0
3952,278,4,5095,1,200,0
3953,278,4,5204,1,212,0
3954,278,4,5074,1,215,0
3955,278,4,5157,1,149,0
3956,278,4,4827,1,335,0
3957,278,4,4914,1,246,0
3958,278,3,3416,0,1001,0
3959,278,4,5315,1,145,0
3960,278,4,5141,1,152,0
3961,278,4,4927,1,217,0
3962,279,3,3317,0,1001,0
3963,279,4,5297,1,131,0
3964,279,4,5274,1,144,0
3965,279,4,5152,1,188,0
3966,279,4,5111,1,186,0
3967,279,4,5189,1,151,0
3968,279,4,4642,1,282,0
3969,279,2,2306,0,1001,0
3970,280,3,2753,0,1001,0
3971,280,4,4501,1,406,0
3972,280,4,5171,1,164,0
3973,280,4,5000,1,235,0
3974,280,4,4795,1,233,0
3975,280,4,5435,1,110,0
3976,280,4,5401,1,93,0
3977,280,4,5108,1,204,0
3978,281,3,3230,0,1001,0
3979,281,4,5255,1,167,0
3980,281,4,5398,1,89,0
3981,281,4,5198,1,164,0
3982,281,4,4840,1,245,0
3983,281,4,5341,1,133,0
3984,281,4,4923,1,283,0
3985,281,4,4939,1,232,0
3986,281,4,4616,1,280,0
3987,281,4,5323,1,143,0
3988,281,4,5025,1,171,0
3989,281,4,4967,1,222,0
3990,281,4,4182,1,567,0
3991,281,4,4928,1,230,0
3992,282,4,4748,1,266,0
3993,282,4,5119,1,159,0
3994,282,4,5172,1,186,0
3995,282,4,5245,1,136,0
3996,282,4,5462,1,82,0
3997,282,4,5330,1,113,0
3998,282,4,5337,1,107,0
3999,282,4,5412,1,104,0
4000,282,0,0,0,1001,1
4001,282,4,4522,1,375,0
