1,0,3,2123,0,1001,0
2,1,1,1005,0,1001,0
3,1,3,3233,0,1001,0
4,1,2,1670,0,1001,0
5,2,2,1234,0,1001,0
6,2,3,2774,0,1001,0
7,2,3,2932,0,1001,0
8,3,3,3053,0,1001,0
9,3,3,2983,0,1001,0
10,3,3,3407,0,1001,0
11,4,4,4360,1,782,0
12,4,3,2895,0,1001,0
13,4,4,4083,1,843,0
14,4,4,5165,1,169,0
15,5,0,98,0,1001,0
16,5,0,98,0,1001,0
17,5,2,2346,0,1001,0
18,6,3,2557,0,1001,0
19,6,4,5133,1,213,0
20,6,4,5044,1,240,0
21,6,4,5643,1,42,0
22,6,4,5416,1,112,0
23,6,4,4606,1,467,0
24,6,4,4991,1,289,0
25,6,4,4467,1,537,0
26,6,4,5069,1,194,0
27,6,4,3646,1,526,0
28,6,4,5163,1,182,0
29,7,4,5065,1,237,0
30,7,4,5251,1,193,0
31,7,4,5048,1,213,0
32,7,4,5369,1,145,0
33,7,4,4882,1,441,0
34,7,4,5359,1,122,0
35,7,3,3370,0,1001,0
36,7,4,5147,1,191,0
37,7,4,4889,1,292,0
38,8,4,4605,1,373,0
39,8,4,5405,1,116,0
40,8,3,2134,0,1001,0
41,8,4,5131,1,193,0
42,8,4,5077,1,174,0
43,8,4,5339,1,144,0
44,8,4,5411,1,98,0
45,8,4,4380,1,618,0
46,8,4,5040,1,222,0
47,8,4,4967,1,355,0
48,9,4,5159,1,176,0
49,9,4,5032,1,194,0
50,9,4,5069,1,223,0
51,9,4,4718,1,364,0
52,9,4,4944,1,212,0
53,9,4,4777,1,294,0
54,9,4,5077,1,168,0
55,9,4,4995,1,251,0
56,9,4,4969,1,216,0
57,9,4,4257,1,464,0
58,9,4,5200,1,147,0
59,9,4,5091,1,236,0
60,9,4,4945,1,223,0
61,10,4,4920,1,342,0
62,10,4,5011,1,222,0
63,10,4,5341,1,122,0
64,10,4,5309,1,120,0
65,10,4,5457,1,84,0
66,10,4,5041,1,194,0
67,10,4,5331,1,146,0
68,10,4,4643,1,276,0
69,10,4,5463,1,91,0
70,10,4,5138,1,227,0
71,10,4,4395,1,520,0
72,10,4,5263,1,171,0
73,10,4,4304,1,558,0
74,11,4,4349,1,406,0
75,11,4,5319,1,151,0
76,11,4,4871,1,247,0
77,11,4,5233,1,149,0
78,11,4,5280,1,124,0
79,11,4,4999,1,249,0
80,11,4,5488,1,85,0
81,11,4,4661,1,277,0
82,11,4,5189,1,168,0
83,11,4,4669,1,251,0
84,11,4,5430,1,92,0
85,11,4,5410,1,108,0
86,11,4,5364,1,107,0
87,11,4,4818,1,308,0
88,11,4,5128,1,175,0
89,12,4,4086,1,542,0
90,12,4,4686,1,413,0
91,12,4,4708,1,405,0
92,12,4,5283,1,138,0
93,12,4,5321,1,177,0
94,12,4,5436,1,78,0
95,12,4,5561,1,63,0
96,12,4,5108,1,188,0
97,12,4,5507,1,68,0
98,12,4,5413,1,92,0
99,12,4,5366,1,105,0
100,12,0,99,0,1001,1
101,12,4,5440,1,82,0
102,12,4,5314,1,157,0
103,13,4,5279,1,114,0
104,13,4,4180,1,388,0
105,13,4,5305,1,125,0
106,13,4,5206,1,124,0
107,13,4,4871,1,246,0
108,13,4,5506,1,67,0
109,13,4,5463,1,76,0
110,13,4,3871,1,444,0
111,13,4,5467,1,76,0
112,13,4,4334,1,315,0
113,13,4,4655,1,275,0
114,13,4,5553,1,59,0
115,13,4,5331,1,183,0
116,13,4,4804,1,238,0
117,13,4,5503,1,67,0
118,13,4,5384,1,92,0
119,13,4,5443,1,80,0
120,14,4,5013,1,191,0
121,14,4,5520,1,87,0
122,14,4,5115,1,167,0
123,14,4,5029,1,164,0
124,14,4,5089,1,151,0
125,14,4,4948,1,209,0
126,14,4,4738,1,272,0
127,14,4,5154,1,170,0
128,14,4,4958,1,207,0
129,14,4,4455,1,317,0
130,14,4,5387,1,105,0
131,14,4,4990,1,197,0
132,14,4,5576,1,60,0
133,14,4,5495,1,71,0
134,15,2,1866,0,1001,0
135,15,4,5517,1,70,0
136,15,4,5275,1,177,0
137,15,4,5503,1,72,0
138,15,4,5347,1,99,0
139,15,4,5569,1,60,0
140,15,4,5595,1,50,0
141,15,4,4659,1,294,0
142,15,4,5593,1,56,0
143,15,2,1602,0,1001,0
144,15,4,5505,1,88,0
145,15,2,2466,0,1001,0
146,16,4,5569,1,64,0
147,16,4,5460,1,77,0
148,16,4,5614,1,47,0
149,16,4,5596,1,53,0
150,16,4,5575,1,58,0
151,16,4,5596,1,52,0
152,16,4,5551,1,64,0
153,16,4,5428,1,87,0
154,16,4,5551,1,61,0
155,16,4,4892,1,212,0
156,16,4,5583,1,57,0
157,16,4,5417,1,105,0
158,16,4,5604,1,52,0
159,16,4,5463,1,108,0
160,16,4,5542,1,83,0
161,16,4,5614,1,47,0
162,16,4,5568,1,60,0
163,16,4,5216,1,172,0
164,16,4,5611,1,48,0
165,16,4,5511,1,75,0
166,16,4,5601,1,51,0
167,16,4,5569,1,60,0
168,16,4,4268,1,416,0
169,16,4,5594,1,53,0
170,16,4,5601,1,51,0
171,16,4,5569,1,58,0
172,16,4,5450,1,106,0
173,16,4,5583,1,53,0
174,16,4,5579,1,60,0
175,17,2,2086,0,1001,0
176,17,4,5537,1,62,0
177,17,4,5532,1,67,0
178,17,4,4110,1,491,0
179,17,4,5451,1,107,0
180,17,4,5477,1,87,0
181,17,4,5584,1,57,0
182,17,4,5579,1,55,0
183,17,4,5617,1,47,0
184,17,4,5544,1,67,0
185,17,4,5581,1,61,0
186,17,4,5608,1,51,0
187,17,4,5534,1,65,0
188,17,4,5051,1,173,0
189,17,4,5039,1,159,0
190,17,4,5456,1,88,0
191,17,4,5545,1,64,0
192,17,4,5476,1,81,0
193,17,4,5545,1,72,0
194,17,4,5563,1,64,0
195,17,4,5417,1,119,0
196,17,4,5558,1,64,0
197,17,4,5443,1,84,0
198,18,4,3575,1,733,0
199,18,3,3506,0,1001,0
200,18,4,5631,1,43,1
201,18,3,3377,0,1001,0
202,18,4,5454,1,84,0
203,18,4,5471,1,80,0
204,18,4,5558,1,60,0
205,18,4,5554,1,67,0
206,18,4,5612,1,48,0
207,18,4,5563,1,63,0
208,18,4,5529,1,71,0
209,18,4,5645,1,41,0
210,18,4,5514,1,69,0
211,18,4,5552,1,65,0
212,18,4,5425,1,105,0
213,18,4,5588,1,56,0
214,19,4,5359,1,169,0
215,19,4,5593,1,51,0
216,19,4,5562,1,64,0
217,19,4,5571,1,59,0
218,19,4,5583,1,56,0
219,19,4,4792,1,251,0
220,19,4,5288,1,118,0
221,19,4,5433,1,88,0
222,19,4,5610,1,53,0
223,19,4,5594,1,54,0
224,19,4,5546,1,62,0
225,19,4,5537,1,80,0
226,19,4,5497,1,87,0
227,19,4,5627,1,47,0
228,19,3,3140,0,1001,0
229,19,4,5487,1,87,0
230,19,4,5420,1,92,0
231,20,4,4194,1,929,0
232,20,4,5606,1,48,0
233,20,4,5574,1,57,0
234,20,4,5561,1,61,0
235,20,4,5608,1,50,0
236,20,4,5608,1,52,0
237,20,4,5297,1,180,0
238,20,4,5616,1,48,0
239,20,4,5477,1,89,0
240,20,4,5631,1,43,0
241,20,4,5519,1,94,0
242,20,4,5559,1,60,0
243,20,4,5616,1,48,0
244,20,4,5303,1,110,0
245,20,4,5471,1,79,0
246,20,4,5402,1,91,0
247,20,3,2743,0,1001,0
248,20,4,5502,1,81,0
249,20,4,5478,1,76,0
250,20,4,5579,1,52,0
251,20,4,5297,1,113,0
252,20,4,5045,1,181,0
253,20,4,5148,1,150,0
254,20,4,5505,1,73,0
255,20,4,5554,1,61,0
256,21,4,5284,1,131,0
257,21,4,5604,1,49,0
258,21,4,5461,1,77,0
259,21,4,5611,1,48,0
260,21,4,5509,1,67,0
261,21,4,5216,1,128,0
262,21,4,5538,1,69,0
263,21,4,5186,1,126,0
264,21,4,5556,1,58,0
265,21,4,5490,1,70,0
266,21,4,5575,1,62,0
267,21,4,5563,1,59,0
268,21,4,5501,1,71,0
269,21,4,5593,1,57,0
270,21,4,5472,1,79,0
271,21,4,5571,1,59,0
272,21,4,5540,1,74,0
273,21,4,5387,1,95,0
274,21,4,5301,1,115,0
275,21,4,5520,1,69,0
276,21,4,5485,1,77,0
277,21,4,5630,1,45,0
278,21,4,5518,1,69,0
279,21,4,5283,1,117,0
280,21,4,5569,1,57,0
281,21,4,5508,1,78,0
282,21,4,5582,1,54,0
283,21,4,5574,1,55,0
284,21,4,5385,1,113,0
285,21,4,5466,1,75,0
286,21,4,5626,1,45,0
287,21,4,5542,1,69,0
288,21,4,5499,1,92,0
289,21,4,5490,1,70,0
290,21,4,5544,1,60,0
291,21,4,5315,1,130,0
292,21,4,5380,1,142,0
293,21,4,5640,1,42,0
294,21,4,5486,1,72,0
295,21,4,5583,1,54,0
296,21,4,5177,1,135,0
297,22,4,5438,1,107,0
298,22,4,5532,1,65,0
299,22,4,5419,1,86,0
300,22,0,99,0,1001,1
301,22,4,5267,1,117,0
302,22,4,5426,1,95,0
303,22,4,5509,1,70,0
304,22,4,5457,1,83,0
305,22,4,5566,1,57,0
306,22,4,5472,1,73,0
307,22,4,5454,1,89,0
308,22,4,5249,1,119,0
309,22,4,5398,1,105,0
310,22,4,5518,1,72,0
311,22,4,5543,1,65,0
312,22,4,5096,1,200,0
313,22,4,5457,1,78,0
314,22,4,5448,1,81,0
315,22,4,5532,1,70,0
316,22,4,5389,1,92,0
317,22,4,5512,1,72,0
318,22,4,5400,1,134,0
319,22,4,5420,1,92,0
320,22,4,5563,1,62,0
321,22,4,5430,1,90,0
322,22,4,5568,1,57,0
323,23,4,5480,1,76,0
324,23,4,5552,1,65,0
325,23,4,5546,1,63,0
326,23,4,5534,1,67,0
327,23,4,5560,1,59,0
328,23,4,5484,1,77,0
329,23,4,5577,1,56,0
330,23,4,5392,1,95,0
331,23,4,5415,1,84,0
332,23,4,5399,1,93,0
333,23,4,5229,1,132,0
334,23,4,5524,1,65,0
335,23,4,5568,1,60,0
336,23,3,3322,0,1001,0
337,23,4,5486,1,74,0
338,23,4,5195,1,134,0
339,23,4,5601,1,59,0
340,23,4,4499,1,301,0
341,23,4,5523,1,81,0
342,23,4,5016,1,209,0
343,24,4,3578,1,803,0
344,24,4,5505,1,74,0
345,24,4,5006,1,188,0
346,24,2,2096,0,1001,0
347,24,4,5484,1,75,0
348,24,4,5019,1,172,0
349,24,4,5552,1,66,0
350,24,4,5490,1,78,0
351,24,4,5308,1,145,0
352,24,4,5403,1,99,0
353,24,4,5477,1,93,0
354,24,4,5463,1,78,0
355,24,4,5427,1,95,0
356,24,4,5299,1,119,0
357,24,4,5489,1,78,0
358,24,4,5466,1,84,0
359,24,4,5178,1,132,0
360,25,4,5323,1,116,0
361,25,4,5589,1,56,0
362,25,4,5485,1,79,0
363,25,4,5497,1,73,0
364,25,4,5497,1,74,0
365,25,4,4731,1,251,0
366,25,4,5512,1,66,0
367,25,4,5467,1,88,0
368,25,4,5446,1,81,0
369,25,4,5503,1,74,0
370,25,4,5505,1,75,0
371,25,4,5333,1,101,0
372,25,4,5547,1,67,0
373,25,4,5393,1,88,0
374,25,4,5142,1,142,0
375,25,4,5508,1,71,0
376,25,4,5559,1,60,0
377,25,4,5576,1,55,0
378,25,4,5569,1,60,0
379,25,4,5331,1,105,0
380,25,4,4949,1,192,0
381,25,4,5538,1,64,0
382,25,4,5101,1,154,0
383,25,4,5264,1,120,0
384,25,4,5310,1,118,0
385,25,4,5434,1,86,0
386,25,4,5455,1,77,0
387,25,4,5366,1,97,0
388,25,4,5575,1,57,0
389,25,4,5330,1,106,0
390,25,4,5282,1,119,0
391,25,4,5482,1,77,0
392,26,4,5058,1,189,0
393,26,3,2141,0,1001,0
394,26,4,5564,1,63,0
395,26,4,5391,1,113,0
396,26,4,5279,1,144,0
397,26,4,5530,1,70,0
398,26,4,5248,1,129,0
399,26,4,5250,1,154,0
400,26,0,99,0,1001,1
401,26,4,5401,1,97,0
402,26,4,5241,1,163,0
403,26,4,5434,1,96,0
404,27,4,5204,1,160,0
405,27,4,5441,1,97,0
406,27,4,5229,1,168,0
407,27,4,5336,1,118,0
408,27,4,5609,1,50,0
409,27,1,1045,0,1001,0
410,27,4,5537,1,66,0
411,27,4,5190,1,145,0
412,27,4,5282,1,125,0
413,27,4,4888,1,219,0
414,27,4,5576,1,59,0
415,27,4,5380,1,94,0
416,27,4,5063,1,195,0
417,27,4,5384,1,90,0
418,27,4,5160,1,147,0
419,27,4,5560,1,58,0
420,28,3,2767,0,1001,0
421,28,4,5077,1,153,0
422,28,4,5451,1,86,0
423,28,4,5031,1,162,0
424,28,3,3060,0,1001,0
425,28,4,5268,1,125,0
426,28,4,5404,1,90,0
427,28,4,5492,1,77,0
428,28,4,5438,1,87,0
429,28,4,5420,1,92,0
430,28,4,5444,1,86,0
431,28,4,5275,1,150,0
432,28,4,5524,1,69,0
433,28,4,5167,1,132,0
434,28,4,5453,1,86,0
435,29,4,5315,1,105,0
436,29,4,5300,1,119,0
437,29,4,4952,1,184,0
438,29,4,5526,1,66,0
439,29,4,5223,1,149,0
440,29,4,5501,1,78,0
441,29,4,5514,1,71,0
442,29,4,5315,1,105,0
443,29,4,4865,1,194,0
444,29,4,5433,1,82,0
445,29,4,5326,1,141,0
446,29,4,5187,1,139,0
447,29,4,4511,1,740,0
448,29,4,5560,1,63,0
449,29,4,5513,1,73,0
450,29,4,5403,1,87,0
451,29,4,5607,1,50,0
452,29,4,5478,1,81,0
453,29,4,4704,1,235,0
454,29,4,5476,1,80,0
455,29,4,5290,1,112,0
456,29,4,5527,1,69,0
457,29,4,5484,1,87,0
458,30,4,5181,1,147,0
459,30,4,5467,1,82,0
460,30,3,3197,0,1001,0
461,30,4,5492,1,79,0
462,30,4,5582,1,57,0
463,30,4,5461,1,92,0
464,30,4,5453,1,97,0
465,30,4,5378,1,121,0
466,30,4,5429,1,103,0
467,30,3,3001,0,1001,0
468,31,3,3401,0,1001,0
469,31,4,5523,1,75,0
470,31,4,4968,1,219,0
471,31,4,5268,1,153,0
472,31,4,5410,1,118,0
473,31,4,5449,1,91,0
474,31,4,5267,1,165,0
475,31,4,5262,1,146,0
476,31,4,5596,1,56,0
477,31,4,5477,1,79,0
478,31,4,5317,1,142,0
479,31,4,5489,1,80,0
480,31,4,5319,1,149,0
481,31,4,5601,1,51,0
482,31,3,3086,0,1001,0
483,32,4,5479,1,75,0
484,32,4,5501,1,79,0
485,32,4,5604,1,52,0
486,32,4,5306,1,136,0
487,32,3,3326,0,1001,0
488,32,4,4896,1,324,0
489,32,4,5429,1,83,0
490,32,4,5355,1,124,0
491,32,4,5426,1,85,0
492,32,4,5168,1,184,0
493,32,4,5476,1,75,0
494,32,4,5539,1,63,0
495,33,3,3258,0,1001,0
496,33,4,5241,1,138,0
497,33,4,5595,1,56,0
498,33,4,5539,1,67,0
499,33,4,5503,1,71,0
500,33,0,99,0,1001,1
501,33,4,5527,1,71,0
502,33,4,5542,1,67,0
503,33,4,5536,1,72,0
504,33,4,5565,1,56,0
505,33,4,5260,1,125,0
506,33,4,5461,1,83,0
507,33,4,5535,1,74,0
508,33,4,5556,1,66,0
509,33,4,5345,1,109,0
510,33,4,5598,1,51,0
511,33,4,5539,1,68,0
512,33,4,5559,1,63,0
513,33,4,5578,1,59,0
514,33,4,5238,1,139,0
515,33,4,5478,1,76,0
516,33,4,5600,1,54,0
517,33,4,5503,1,66,0
518,33,4,5534,1,66,0
519,33,4,5424,1,84,0
520,33,4,5601,1,50,0
521,33,4,5547,1,65,0
522,34,4,5239,1,168,0
523,34,4,5263,1,122,0
524,34,4,5544,1,63,0
525,34,4,4023,1,885,0
526,34,4,5409,1,92,0
527,34,4,5116,1,236,0
528,34,4,4769,1,352,0
529,34,4,5430,1,87,0
530,34,4,5436,1,88,0
531,34,4,5422,1,89,0
532,34,4,5540,1,65,0
533,34,4,5560,1,61,0
534,34,4,5546,1,65,0
535,34,4,5231,1,132,0
536,34,4,5546,1,62,0
537,34,4,5535,1,67,0
538,34,4,5566,1,61,0
539,34,4,4982,1,259,0
540,34,4,5496,1,78,0
541,34,4,5319,1,113,0
542,35,4,5583,1,53,0
543,35,4,5061,1,174,0
544,35,4,5169,1,168,0
545,35,4,5291,1,136,0
546,35,4,5344,1,105,0
547,35,4,5505,1,70,0
548,35,4,5506,1,71,0
549,35,4,5427,1,86,0
550,35,4,5577,1,60,0
551,35,4,5541,1,65,0
552,35,4,5043,1,168,0
553,35,4,5578,1,58,0
554,35,4,5365,1,95,0
555,35,4,5583,1,62,0
556,35,4,5554,1,63,0
557,35,4,4099,1,529,0
558,35,4,5316,1,123,0
559,35,4,5615,1,48,0
560,35,4,5555,1,61,0
561,35,4,5497,1,70,0
562,35,4,5384,1,103,0
563,35,4,5576,1,64,0
564,35,4,5575,1,59,0
565,35,4,5382,1,126,0
566,35,4,5116,1,157,0
567,35,4,5460,1,98,0
568,35,4,5461,1,94,0
569,35,4,5290,1,147,0
570,36,4,5526,1,75,0
571,36,4,5384,1,110,0
572,36,4,5327,1,132,0
573,36,4,5292,1,148,0
574,36,4,5474,1,90,0
575,36,4,5074,1,242,0
576,36,4,5459,1,95,0
577,36,4,5217,1,178,0
578,36,4,5613,1,52,0
579,36,4,5637,1,46,0
580,36,4,5432,1,130,0
581,36,4,3922,1,697,0
582,36,4,5598,1,52,0
583,36,4,4624,1,403,0
584,36,4,5202,1,150,0
585,36,4,5202,1,135,0
586,36,4,5609,1,48,0
587,36,4,5433,1,99,0
588,36,4,5390,1,106,0
589,36,4,5441,1,82,0
590,36,4,5480,1,76,0
591,37,4,5508,1,101,0
592,37,4,5215,1,130,0
593,37,4,5396,1,143,0
594,37,4,5517,1,70,0
595,37,4,5546,1,65,0
596,37,4,5483,1,78,0
597,37,4,5501,1,74,0
598,37,4,5611,1,50,0
599,37,4,5545,1,65,0
600,37,0,99,0,1001,1
601,37,4,5610,1,50,0
602,37,4,5581,1,56,0
603,37,4,5202,1,175,0
604,37,4,5510,1,71,0
605,37,4,5495,1,73,0
606,37,4,5571,1,58,0
607,37,4,5345,1,123,0
608,37,4,5539,1,77,0
609,37,4,5439,1,90,0
610,37,4,5574,1,57,0
611,37,4,4925,1,260,0
612,37,4,5482,1,79,0
613,37,4,5227,1,161,0
614,37,4,5518,1,69,0
615,38,4,5573,1,58,0
616,38,4,5438,1,89,0
617,38,4,5590,1,56,0
618,38,4,5457,1,90,0
619,38,4,5567,1,61,0
620,38,4,5584,1,57,0
621,38,4,5588,1,56,0
622,38,4,5413,1,96,0
623,38,4,5294,1,123,0
624,38,4,5280,1,138,0
625,38,4,5566,1,60,0
626,38,4,5493,1,81,0
627,38,4,5570,1,58,0
628,38,4,5316,1,112,0
629,38,4,5482,1,78,0
630,38,4,5591,1,52,0
631,38,4,5498,1,85,0
632,38,4,5561,1,57,0
633,38,4,5500,1,74,0
634,38,4,5164,1,186,0
635,38,4,5590,1,53,0
636,38,4,5403,1,91,0
637,38,4,5502,1,73,0
638,38,4,4753,1,456,0
639,38,4,5405,1,100,0
640,38,4,5192,1,214,0
641,38,4,5530,1,79,0
642,38,4,5580,1,58,0
643,38,4,5583,1,54,0
644,38,4,5403,1,154,0
645,38,4,5263,1,153,0
646,39,4,5523,1,67,0
647,39,4,5299,1,142,0
648,39,4,5502,1,72,0
649,39,4,5480,1,87,0
650,39,4,5459,1,92,0
651,39,4,5449,1,90,0
652,39,4,5111,1,195,0
653,39,4,5559,1,60,0
654,39,4,5511,1,68,0
655,39,4,5332,1,109,0
656,39,3,2845,0,1001,0
657,39,4,5373,1,110,0
658,39,4,5347,1,106,0
659,39,4,5194,1,172,0
660,39,4,5598,1,51,0
661,39,4,5494,1,77,0
662,39,4,4715,1,371,0
663,39,4,5433,1,86,0
664,40,4,4732,1,254,0
665,40,4,5213,1,156,0
666,40,4,5340,1,112,0
667,40,4,5469,1,81,0
668,40,4,5532,1,68,0
669,40,4,5055,1,185,0
670,40,4,5387,1,103,0
671,40,4,5436,1,99,0
672,40,4,5168,1,163,0
673,40,4,5351,1,165,0
674,40,4,5247,1,173,0
675,40,4,5459,1,86,0
676,40,4,5548,1,64,0
677,40,4,5377,1,106,0
678,40,4,5623,1,47,0
679,40,4,5156,1,160,0
680,40,4,5556,1,62,0
681,40,4,5446,1,88,0
682,40,4,4834,1,222,0
683,40,4,5468,1,83,0
684,40,4,5425,1,99,0
685,40,4,5115,1,177,0
686,40,4,5300,1,115,0
687,40,4,5314,1,137,0
688,40,4,5565,1,62,0
689,40,4,5336,1,131,0
690,40,4,5565,1,58,0
691,41,4,5356,1,114,0
692,41,4,5311,1,139,0
693,41,4,5306,1,128,0
694,41,4,5443,1,90,0
695,41,4,5527,1,77,0
696,41,4,4955,1,318,0
697,41,4,5576,1,58,0
698,41,4,5487,1,79,0
699,41,4,5619,1,51,0
700,41,1,1291,0,1001,1
701,41,4,5553,1,65,0
702,41,4,5539,1,66,0
703,41,4,5185,1,154,0
704,41,4,5571,1,59,0
705,41,4,5522,1,70,0
706,41,4,5483,1,107,0
707,41,4,5378,1,129,0
708,41,4,5470,1,87,0
709,41,4,5569,1,62,0
710,41,4,5519,1,81,0
711,41,4,5549,1,77,0
712,41,4,5409,1,118,0
713,41,4,5426,1,100,0
714,42,4,5540,1,69,0
715,42,4,5433,1,98,0
716,42,4,5236,1,173,0
717,42,4,5277,1,151,0
718,42,4,5157,1,167,0
719,42,4,5384,1,124,0
720,42,4,5270,1,143,0
721,42,4,5131,1,221,0
722,42,4,5513,1,81,0
723,42,4,4555,1,433,0
724,42,4,5393,1,132,0
725,42,4,5297,1,159,0
726,42,4,5541,1,71,0
727,42,4,5375,1,128,0
728,42,4,5442,1,106,0
729,42,4,5483,1,81,0
730,42,4,5314,1,138,0
731,42,4,5356,1,112,0
732,42,4,5434,1,92,0
733,42,4,5345,1,137,0
734,42,4,5500,1,78,0
735,42,4,5392,1,108,0
736,42,4,5539,1,69,0
737,42,4,5445,1,91,0
738,43,4,5455,1,91,0
739,43,4,5567,1,61,0
740,43,4,5450,1,99,0
741,43,4,5267,1,142,0
742,43,4,5465,1,88,0
743,43,4,5495,1,77,0
744,43,4,5479,1,85,0
745,43,4,5585,1,56,0
746,43,4,5529,1,73,0
747,43,4,5532,1,70,0
748,43,4,5599,1,56,0
749,43,4,5388,1,107,0
750,43,4,5474,1,77,0
751,43,4,5454,1,97,0
752,43,4,5413,1,104,0
753,43,4,5618,1,48,0
754,43,4,5605,1,51,0
755,43,4,5599,1,53,0
756,43,4,5497,1,77,0
757,43,4,5602,1,52,0
758,43,4,5541,1,66,0
759,43,4,5507,1,75,0
760,43,4,5544,1,65,0
761,43,4,5250,1,127,0
762,43,4,5630,1,45,0
763,43,4,5399,1,91,0
764,43,4,5286,1,152,0
765,43,4,5542,1,67,0
766,43,4,5520,1,72,0
767,43,4,5384,1,93,0
768,43,4,5512,1,75,0
769,43,4,5428,1,91,0
770,43,4,5640,1,44,0
771,43,4,5534,1,72,0
772,43,4,5305,1,125,0
773,43,4,5365,1,103,0
774,44,3,3466,0,1001,0
775,44,4,5528,1,72,0
776,44,4,5644,1,41,0
777,44,4,5159,1,145,0
778,44,4,5114,1,150,0
779,44,4,5391,1,97,0
780,44,4,5403,1,107,0
781,44,4,5506,1,84,0
782,44,4,5337,1,125,0
783,44,4,5160,1,140,0
784,44,4,5317,1,123,0
785,44,4,5097,1,197,0
786,44,4,5332,1,107,0
787,44,4,5353,1,123,0
788,44,4,5322,1,122,0
789,44,4,5453,1,91,0
790,44,4,5437,1,86,0
791,44,4,5508,1,73,0
792,44,4,5347,1,110,0
793,44,4,5548,1,60,0
794,44,4,5184,1,147,0
795,44,4,5415,1,92,0
796,45,4,5260,1,122,0
797,45,4,5373,1,103,0
798,45,4,5197,1,136,0
799,45,4,5246,1,151,0
800,45,0,99,0,1001,1
801,45,4,5544,1,61,0
802,45,4,5307,1,117,0
803,45,4,5249,1,124,0
804,45,4,5298,1,132,0
805,45,4,4854,1,237,0
806,45,4,5404,1,90,0
807,45,4,5594,1,56,0
808,45,4,4832,1,266,0
809,45,4,5420,1,90,0
810,45,4,5117,1,159,0
811,45,4,5181,1,135,0
812,45,4,5129,1,166,0
813,45,4,5573,1,61,0
814,46,4,5512,1,68,0
815,46,4,5539,1,67,0
816,46,4,4998,1,175,0
817,46,4,5282,1,143,0
818,46,4,5262,1,132,0
819,46,4,5579,1,56,0
820,46,4,5105,1,164,0
821,46,4,5565,1,61,0
822,46,4,5497,1,80,0
823,46,4,5134,1,153,0
824,46,4,5489,1,88,0
825,46,4,5340,1,163,0
826,46,4,5333,1,119,0
827,46,4,5608,1,52,0
828,46,4,5421,1,117,0
829,46,4,5412,1,117,0
830,46,4,5341,1,101,0
831,46,4,5578,1,57,0
832,46,4,5605,1,50,0
833,46,4,5457,1,95,0
834,46,4,5328,1,102,0
835,46,4,5448,1,102,0
836,46,4,5260,1,129,0
837,46,4,5448,1,84,0
838,46,4,5589,1,56,0
839,46,4,5519,1,71,0
840,46,4,5490,1,86,0
841,46,4,5322,1,142,0
842,46,4,5241,1,140,0
843,46,4,4984,1,176,0
844,47,4,5387,1,107,0
845,47,4,5491,1,87,0
846,47,4,5575,1,60,0
847,47,4,5426,1,87,0
848,47,4,5196,1,165,0
849,47,4,4907,1,202,0
850,47,4,5325,1,115,0
851,47,4,5558,1,63,0
852,47,4,5359,1,115,0
853,47,4,4936,1,213,0
854,47,4,4913,1,219,0
855,47,4,5267,1,126,0
856,47,4,4830,1,218,0
857,47,4,5494,1,82,0
858,47,4,5200,1,163,0
859,47,4,5577,1,58,0
860,47,4,4670,1,270,0
861,47,4,5366,1,110,0
862,47,4,5012,1,191,0
863,47,4,5064,1,173,0
864,47,4,5578,1,57,0
865,47,4,5609,1,50,0
866,47,4,5432,1,97,0
867,47,4,5447,1,96,0
868,48,4,5388,1,104,0
869,48,4,4504,1,439,0
870,48,4,4929,1,198,0
871,48,4,5606,1,52,0
872,48,4,5570,1,62,0
873,48,4,5567,1,64,0
874,48,4,5315,1,148,0
875,48,4,4622,1,267,0
876,48,4,5416,1,106,0
877,48,4,5304,1,142,0
878,48,4,5592,1,54,0
879,48,4,5522,1,78,0
880,48,4,5540,1,78,0
881,48,4,5452,1,93,0
882,48,4,5370,1,130,0
883,48,4,5505,1,85,0
884,48,4,5377,1,123,0
885,48,4,5189,1,181,0
886,48,4,5411,1,93,0
887,48,4,5584,1,59,0
888,48,4,5331,1,126,0
889,48,4,5451,1,96,0
890,48,4,5115,1,193,0
891,48,4,5487,1,84,0
892,49,4,5381,1,115,0
893,49,4,5449,1,113,0
894,49,4,5262,1,204,0
895,49,4,5512,1,85,0
896,49,4,5296,1,150,0
897,49,4,5440,1,102,0
898,49,4,5355,1,126,0
899,49,4,5591,1,62,0
900,49,1,1291,0,1001,1
901,49,4,5379,1,137,0
902,49,4,5548,1,72,0
903,49,4,5365,1,126,0
904,49,4,5590,1,60,0
905,49,4,5530,1,82,0
906,49,4,5081,1,185,0
907,49,4,5560,1,68,0
908,49,4,5446,1,88,0
909,49,4,5132,1,198,0
910,49,4,5464,1,113,0
911,49,4,5558,1,68,0
912,49,4,5443,1,81,0
913,50,4,5537,1,72,0
914,50,4,5469,1,92,0
915,50,4,5266,1,142,0
916,50,4,5283,1,134,0
917,50,4,5337,1,124,0
918,50,4,5322,1,133,0
919,50,4,5304,1,131,0
920,50,4,5439,1,94,0
921,50,4,5277,1,137,0
922,50,4,4776,1,249,0
923,50,4,5069,1,185,0
924,50,4,5003,1,205,0
925,50,4,4874,1,240,0
926,50,4,5592,1,63,0
927,50,4,5320,1,139,0
928,50,4,5623,1,48,0
929,50,4,5413,1,114,0
930,50,4,5576,1,66,0
931,50,4,4988,1,201,0
932,50,4,5165,1,167,0
933,50,4,5347,1,108,0
934,50,4,5473,1,77,0
935,50,4,5332,1,114,0
936,51,4,5061,1,169,0
937,51,4,5287,1,134,0
938,51,4,5371,1,123,0
939,51,4,5570,1,67,0
940,51,4,5474,1,90,0
941,51,4,5569,1,62,0
942,51,4,5265,1,124,0
943,51,4,5458,1,89,0
944,51,4,5420,1,94,0
945,51,4,5275,1,148,0
946,51,4,5518,1,77,0
947,51,4,5079,1,167,0
948,51,4,5449,1,91,0
949,51,4,5157,1,180,0
950,51,4,5568,1,68,0
951,51,4,5394,1,101,0
952,51,4,5292,1,120,0
953,51,4,5270,1,142,0
954,51,4,5269,1,147,0
955,51,4,5442,1,90,0
956,51,4,4615,1,330,0
957,51,4,5522,1,75,0
958,51,4,5220,1,152,0
959,51,4,4989,1,197,0
960,51,4,5294,1,133,0
961,51,4,5518,1,76,0
962,52,4,5355,1,134,0
963,52,4,5329,1,123,0
964,52,4,5015,1,215,0
965,52,4,5179,1,187,0
966,52,4,5418,1,102,0
967,52,4,5246,1,148,0
968,52,4,5436,1,105,0
969,52,4,5168,1,152,0
970,52,4,5020,1,234,0
971,52,4,5084,1,184,0
972,52,4,5347,1,112,0
973,52,4,4918,1,271,0
974,52,4,5454,1,90,0
975,52,4,5344,1,139,0
976,52,4,5247,1,172,0
977,52,4,5302,1,123,0
978,52,4,5578,1,63,0
979,52,4,5227,1,127,0
980,52,4,5270,1,156,0
981,52,4,5229,1,149,0
982,52,4,5418,1,99,0
983,53,4,5401,1,92,0
984,53,4,5123,1,175,0
985,53,4,5468,1,91,0
986,53,4,4765,1,266,0
987,53,4,5007,1,214,0
988,53,4,5221,1,126,0
989,53,4,4981,1,214,0
990,53,4,5065,1,192,0
991,53,4,5173,1,148,0
992,53,4,5292,1,135,0
993,53,4,5400,1,96,0
994,53,4,4862,1,250,0
995,53,4,4964,1,206,0
996,53,4,4788,1,274,0
997,53,4,4780,1,272,0
998,53,4,5131,1,175,0
999,53,4,4979,1,177,0
1000,54,0,0,0,1001,1
1001,54,4,5129,1,165,0
1002,54,4,5477,1,86,0
1003,54,4,4696,1,264,0
1004,54,4,5390,1,107,0
1005,54,4,5007,1,174,0
1006,54,4,5369,1,111,0
1007,54,4,5459,1,89,0
1008,54,4,5206,1,168,0
1009,54,4,5018,1,220,0
1010,54,4,4718,1,315,0
1011,54,4,5211,1,157,0
1012,54,4,5364,1,111,0
1013,55,4,5029,1,212,0
1014,55,4,5071,1,234,0
1015,55,4,5000,1,191,0
1016,55,4,5381,1,112,0
1017,55,4,5532,1,74,0
1018,55,4,5555,1,68,0
1019,55,4,5428,1,96,0
1020,55,4,5560,1,61,0
1021,55,4,5388,1,109,0
1022,55,4,5468,1,90,0
1023,55,4,5286,1,144,0
1024,55,4,5448,1,103,0
1025,55,4,5581,1,61,0
1026,55,4,5110,1,179,0
1027,55,4,5592,1,59,0
1028,55,4,5563,1,62,0
1029,55,4,5380,1,110,0
1030,55,4,5199,1,140,0
1031,55,4,5300,1,163,0
1032,55,4,5182,1,155,0
1033,55,4,4938,1,220,0
1034,55,4,4918,1,265,0
1035,55,4,5066,1,185,0
1036,55,4,5301,1,135,0
1037,56,4,5416,1,100,0
1038,56,4,5541,1,67,0
1039,56,4,5590,1,55,0
1040,56,4,5290,1,138,0
1041,56,4,5562,1,63,0
1042,56,4,4755,1,266,0
1043,56,4,5403,1,105,0
1044,56,4,5425,1,98,0
1045,56,4,5409,1,111,0
1046,56,4,5501,1,76,0
1047,56,4,5486,1,85,0
1048,56,4,5589,1,58,0
1049,56,4,5586,1,57,0
1050,56,4,4709,1,286,0
1051,56,4,5541,1,71,0
1052,56,4,5079,1,180,0
1053,56,4,5308,1,128,0
1054,56,4,5600,1,60,0
1055,56,4,5362,1,117,0
1056,56,4,5578,1,57,0
1057,56,4,5570,1,60,0
1058,56,4,5475,1,86,0
1059,56,4,5550,1,66,0
1060,56,4,5627,1,49,0
1061,56,4,5225,1,178,0
1062,56,4,5566,1,64,0
1063,56,4,5497,1,74,0
1064,56,4,5359,1,111,0
1065,56,4,5584,1,56,0
1066,56,4,5575,1,67,0
1067,56,4,5589,1,60,0
1068,56,4,5552,1,71,0
1069,56,4,5608,1,52,0
1070,57,4,5235,1,155,0
1071,57,4,5501,1,81,0
1072,57,4,5386,1,107,0
1073,57,4,5413,1,97,0
1074,57,4,5440,1,111,0
1075,57,4,5614,1,51,0
1076,57,4,5595,1,55,0
1077,57,4,5617,1,51,0
1078,57,4,5641,1,43,0
1079,57,4,5544,1,70,0
1080,57,4,5609,1,54,0
1081,57,4,5591,1,61,0
1082,57,4,5495,1,88,0
1083,57,4,5542,1,65,0
1084,57,4,5612,1,53,0
1085,57,4,5461,1,82,0
1086,57,4,5376,1,119,0
1087,57,4,5221,1,228,0
1088,57,4,5403,1,100,0
1089,57,4,5564,1,67,0
1090,57,4,5466,1,92,0
1091,57,4,5504,1,72,0
1092,57,4,5583,1,62,0
1093,57,4,5414,1,102,0
1094,57,4,5569,1,59,0
1095,57,4,5621,1,47,0
1096,57,4,5606,1,54,0
1097,57,4,5600,1,53,0
1098,57,4,5597,1,52,0
1099,57,4,5531,1,76,0
1100,57,4,5643,1,43,1
1101,57,4,5630,1,46,0
1102,57,4,5577,1,63,0
1103,57,4,5306,1,126,0
1104,57,4,5514,1,75,0
1105,57,4,5556,1,71,0
1106,57,4,5415,1,103,0
1107,57,4,5365,1,120,0
1108,58,4,4705,1,271,0
1109,58,4,5262,1,140,0
1110,58,4,5351,1,121,0
1111,58,4,5369,1,117,0
1112,58,4,5571,1,59,0
1113,58,4,5569,1,66,0
1114,58,4,5344,1,107,0
1115,58,4,5388,1,120,0
1116,58,4,5537,1,73,0
1117,58,4,5610,1,51,0
1118,58,4,5497,1,86,0
1119,58,4,5204,1,165,0
1120,58,4,5549,1,70,0
1121,58,4,5490,1,79,0
1122,58,4,5560,1,68,0
1123,58,4,5526,1,75,0
1124,58,4,5617,1,52,0
1125,58,4,5443,1,101,0
1126,58,4,5605,1,52,0
1127,58,4,5621,1,53,0
1128,58,4,5577,1,63,0
1129,58,4,5567,1,65,0
1130,58,4,5527,1,64,0
1131,58,4,5555,1,64,0
1132,58,4,5573,1,68,0
1133,58,4,5497,1,87,0
1134,58,4,5589,1,61,0
1135,58,4,5535,1,78,0
1136,58,4,5556,1,65,0
1137,58,4,5421,1,85,0
1138,58,4,5441,1,85,0
1139,58,4,5325,1,124,0
1140,58,4,5526,1,71,0
1141,59,3,3496,0,1001,0
1142,59,4,5258,1,169,0
1143,59,4,5513,1,74,0
1144,59,4,5601,1,55,0
1145,59,4,5357,1,98,0
1146,59,4,5592,1,57,0
1147,59,4,5500,1,73,0
1148,59,4,5561,1,69,0
1149,59,4,5515,1,77,0
1150,59,4,5569,1,63,0
1151,59,4,5608,1,53,0
1152,59,4,5619,1,49,0
1153,59,4,5493,1,92,0
1154,59,4,5635,1,49,0
1155,59,4,5574,1,64,0
1156,59,4,5583,1,59,0
1157,59,4,5544,1,73,0
1158,59,4,5398,1,106,0
1159,59,4,5626,1,49,0
1160,59,4,5412,1,106,0
1161,59,4,5563,1,63,0
1162,59,4,5528,1,73,0
1163,59,4,5442,1,89,0
1164,59,4,5422,1,107,0
1165,59,4,5538,1,76,0
1166,59,4,5528,1,78,0
1167,59,4,5537,1,76,0
1168,59,4,5345,1,150,0
1169,59,4,5588,1,65,0
1170,59,4,5434,1,108,0
1171,59,4,5566,1,62,0
1172,59,4,5424,1,97,0
1173,60,4,5511,1,87,0
1174,60,4,5124,1,172,0
1175,60,4,5232,1,211,0
1176,60,4,5348,1,121,0
1177,60,4,5235,1,154,0
1178,60,4,5220,1,163,0
1179,60,4,4802,1,262,0
1180,60,4,5472,1,89,0
1181,60,4,5391,1,112,0
1182,60,4,4793,1,281,0
1183,60,4,4842,1,301,0
1184,60,4,4810,1,262,0
1185,60,4,5357,1,111,0
1186,60,4,5368,1,104,0
1187,60,4,5365,1,110,0
1188,60,4,5535,1,71,0
1189,60,4,5101,1,173,0
1190,60,4,5179,1,161,0
1191,60,4,5164,1,190,0
1192,61,4,5502,1,76,0
1193,61,4,5386,1,141,0
1194,61,4,5620,1,45,0
1195,61,4,5390,1,105,0
1196,61,4,5596,1,54,0
1197,61,4,5601,1,54,0
1198,61,4,4919,1,260,0
1199,61,4,5089,1,165,0
1200,61,1,1291,0,1001,1
1201,61,4,5479,1,79,0
1202,61,4,5571,1,62,0
1203,61,4,5548,1,65,0
1204,61,4,5381,1,103,0
1205,61,4,5440,1,100,0
1206,61,4,5613,1,53,0
1207,61,4,5372,1,106,0
1208,61,4,5498,1,82,0
1209,61,4,5412,1,101,0
1210,61,4,5638,1,43,0
1211,61,4,5470,1,80,0
1212,61,4,5636,1,45,0
1213,61,4,5516,1,75,0
1214,61,4,5493,1,79,0
1215,61,4,5593,1,57,0
1216,61,4,5588,1,55,0
1217,62,4,5494,1,81,0
1218,62,4,5062,1,186,0
1219,62,4,5523,1,75,0
1220,62,4,5323,1,120,0
1221,62,4,5210,1,154,0
1222,62,4,5473,1,85,0
1223,62,4,5459,1,86,0
1224,62,4,5388,1,110,0
1225,62,4,5488,1,98,0
1226,62,4,5300,1,125,0
1227,62,4,5577,1,58,0
1228,62,4,5469,1,85,0
1229,62,4,5258,1,136,0
1230,62,4,5564,1,61,0
1231,62,4,5598,1,55,0
1232,62,4,5597,1,59,0
1233,62,3,3381,0,1001,0
1234,62,4,5286,1,167,0
1235,62,4,5391,1,111,0
1236,62,4,5453,1,94,0
1237,62,4,5612,1,50,0
1238,62,4,5264,1,137,0
1239,63,4,5232,1,131,0
1240,63,4,4639,1,289,0
1241,63,4,5518,1,76,0
1242,63,4,5582,1,65,0
1243,63,4,5231,1,125,0
1244,63,4,5435,1,109,0
1245,63,4,5524,1,71,0
1246,63,4,5632,1,45,0
1247,63,4,5258,1,136,0
1248,63,4,5558,1,65,0
1249,63,4,5426,1,94,0
1250,63,4,5242,1,147,0
1251,63,4,5559,1,66,0
1252,63,4,5414,1,102,0
1253,63,4,5451,1,93,0
1254,63,4,5583,1,59,0
1255,63,4,5397,1,96,0
1256,63,4,5497,1,68,0
1257,63,4,5598,1,54,0
1258,63,4,5553,1,64,0
1259,63,4,5461,1,79,0
1260,63,4,5462,1,94,0
1261,63,4,5307,1,127,0
1262,63,4,5490,1,103,0
1263,63,4,5270,1,161,0
1264,63,4,4617,1,345,0
1265,63,4,4790,1,288,0
1266,64,4,4914,1,228,0
1267,64,4,5299,1,133,0
1268,64,4,5417,1,107,0
1269,64,4,5000,1,198,0
1270,64,4,5347,1,114,0
1271,64,4,5276,1,162,0
1272,64,4,5305,1,116,0
1273,64,4,5314,1,119,0
1274,64,4,4721,1,234,0
1275,64,4,4948,1,220,0
1276,64,4,4854,1,234,0
1277,64,4,5477,1,88,0
1278,64,4,5589,1,59,0
1279,64,4,5556,1,63,0
1280,64,4,5569,1,61,0
1281,64,4,5525,1,67,0
1282,64,4,5543,1,70,0
1283,64,4,5040,1,193,0
1284,64,4,5550,1,62,0
1285,64,4,5429,1,92,0
1286,64,4,5187,1,150,0
1287,64,4,5274,1,149,0
1288,64,4,5568,1,60,0
1289,64,4,5415,1,104,0
1290,64,4,5352,1,110,0
1291,65,4,5460,1,88,0
1292,65,4,5118,1,170,0
1293,65,4,5564,1,61,0
1294,65,4,5153,1,154,0
1295,65,4,5171,1,159,0
1296,65,4,5438,1,105,0
1297,65,4,5500,1,78,0
1298,65,4,5599,1,53,0
1299,65,4,5637,1,42,0
1300,65,1,1291,0,1001,1
1301,65,4,5614,1,49,0
1302,65,4,5553,1,75,0
1303,65,4,5400,1,100,0
1304,65,4,5558,1,65,0
1305,65,4,5568,1,62,0
1306,65,4,5534,1,71,0
1307,65,4,5427,1,110,0
1308,65,4,5041,1,190,0
1309,65,4,5582,1,58,0
1310,65,4,5374,1,108,0
1311,65,4,5207,1,147,0
1312,65,4,5611,1,56,0
1313,65,4,5563,1,61,0
1314,66,4,5128,1,167,0
1315,66,4,4456,1,405,0
1316,66,4,5279,1,131,0
1317,66,4,5121,1,176,0
1318,66,4,5434,1,96,0
1319,66,4,5582,1,56,0
1320,66,4,5482,1,82,0
1321,66,4,5571,1,57,0
1322,66,4,5470,1,85,0
1323,66,4,5575,1,58,0
1324,66,4,5571,1,58,0
1325,66,4,5222,1,139,0
1326,66,4,5623,1,46,0
1327,66,4,5541,1,65,0
1328,66,4,5507,1,76,0
1329,66,4,5469,1,83,0
1330,66,4,5431,1,89,0
1331,66,4,5583,1,60,0
1332,66,4,5533,1,71,0
1333,66,4,5317,1,125,0
1334,66,4,5497,1,74,0
1335,66,4,5046,1,189,0
1336,66,4,5570,1,55,0
1337,66,4,5501,1,76,0
1338,66,4,5491,1,79,0
1339,66,4,5593,1,56,0
1340,66,4,5476,1,83,0
1341,66,4,5341,1,113,0
1342,66,4,5356,1,106,0
1343,66,4,5421,1,93,0
1344,66,4,5589,1,57,0
1345,66,4,5545,1,65,0
1346,66,4,5621,1,48,0
1347,67,4,5448,1,86,0
1348,67,4,5097,1,175,0
1349,67,4,5437,1,92,0
1350,67,4,5620,1,45,0
1351,67,4,5013,1,197,0
1352,67,4,5448,1,85,0
1353,67,4,5620,1,47,0
1354,67,4,5101,1,173,0
1355,67,4,5651,1,39,0
1356,67,4,5601,1,53,0
1357,67,4,5639,1,42,0
1358,67,4,5593,1,54,0
1359,67,4,5579,1,60,0
1360,67,4,5636,1,42,0
1361,67,4,5605,1,51,0
1362,67,4,5490,1,83,0
1363,67,4,5605,1,48,0
1364,67,4,5562,1,65,0
1365,67,4,5641,1,44,0
1366,67,4,5615,1,46,0
1367,67,4,5552,1,64,0
1368,67,4,5635,1,47,0
1369,67,4,5627,1,47,0
1370,67,4,5606,1,53,0
1371,67,3,3481,0,1001,0
1372,67,4,5244,1,137,0
1373,67,4,5585,1,56,0
1374,67,4,5540,1,73,0
1375,67,4,5584,1,57,0
1376,67,4,5590,1,55,0
1377,68,4,5565,1,62,0
1378,68,4,5605,1,49,0
1379,68,4,5650,1,40,0
1380,68,4,5613,1,52,0
1381,68,4,5588,1,56,0
1382,68,4,5391,1,107,0
1383,68,4,5493,1,89,0
1384,68,4,5181,1,194,0
1385,68,4,5548,1,72,0
1386,68,4,5480,1,91,0
1387,68,4,5336,1,139,0
1388,68,4,5205,1,183,0
1389,68,4,5300,1,155,0
1390,68,4,5500,1,92,0
1391,68,4,5609,1,50,0
1392,68,4,5578,1,60,0
1393,68,4,5600,1,49,0
1394,68,4,5262,1,139,0
1395,68,4,5296,1,152,0
1396,68,4,5597,1,52,0
1397,68,4,5629,1,47,0
1398,68,4,5595,1,56,0
1399,68,4,5591,1,56,0
1400,68,1,1192,0,1001,1
1401,68,4,5544,1,66,0
1402,69,4,5108,1,170,0
1403,69,4,5266,1,134,0
1404,69,4,5194,1,147,0
1405,69,4,5543,1,64,0
1406,69,4,5544,1,67,0
1407,69,4,5504,1,72,0
1408,69,4,5610,1,48,0
1409,69,4,5562,1,56,0
1410,69,4,5433,1,97,0
1411,69,4,5566,1,60,0
1412,69,4,5611,1,47,0
1413,69,4,5203,1,155,0
1414,69,4,5503,1,78,0
1415,69,4,5544,1,64,0
1416,69,4,4911,1,220,0
1417,69,4,5571,1,57,0
1418,69,4,5384,1,105,0
1419,69,4,5599,1,50,0
1420,69,4,5180,1,149,0
1421,69,4,5442,1,93,0
1422,69,4,5616,1,50,0
1423,69,4,5517,1,70,0
1424,69,4,5343,1,119,0
1425,69,4,5537,1,67,0
1426,69,4,5585,1,58,0
1427,69,4,5618,1,47,0
1428,69,4,5326,1,120,0
1429,69,4,5396,1,102,0
1430,69,4,5493,1,73,0
1431,69,4,5246,1,138,0
1432,69,4,5545,1,63,0
1433,69,4,5540,1,63,0
1434,69,4,5509,1,77,0
1435,69,4,5530,1,71,0
1436,69,4,5508,1,75,0
1437,69,4,5491,1,73,0
1438,70,4,5624,1,46,0
1439,70,4,5475,1,81,0
1440,70,4,5513,1,71,0
1441,70,4,5502,1,74,0
1442,70,4,5623,1,46,0
1443,70,4,5552,1,64,0
1444,70,4,4959,1,211,0
1445,70,4,5445,1,88,0
1446,70,4,5547,1,66,0
1447,70,4,5594,1,53,0
1448,70,4,5595,1,52,0
1449,70,4,5515,1,69,0
1450,70,4,5469,1,86,0
1451,70,4,5586,1,54,0
1452,70,4,5534,1,76,0
1453,70,4,5509,1,78,0
1454,70,4,5489,1,92,0
1455,70,4,5117,1,198,0
1456,70,4,5523,1,70,0
1457,70,4,5619,1,46,0
1458,70,4,5608,1,53,0
1459,70,4,5547,1,67,0
1460,70,4,5369,1,114,0
1461,70,4,5164,1,167,0
1462,70,4,5507,1,78,0
1463,70,4,5570,1,59,0
1464,70,4,5516,1,76,0
1465,70,4,5361,1,130,0
1466,70,4,5228,1,151,0
1467,70,4,5487,1,83,0
1468,70,4,5428,1,99,0
1469,70,4,5438,1,102,0
1470,71,4,5369,1,123,0
1471,71,4,5410,1,101,0
1472,71,4,5552,1,62,0
1473,71,4,5497,1,80,0
1474,71,4,5286,1,144,0
1475,71,4,5040,1,207,0
1476,71,4,5437,1,98,0
1477,71,4,5051,1,186,0
1478,71,4,5237,1,153,0
1479,71,4,5456,1,100,0
1480,71,4,5639,1,42,0
1481,71,4,5478,1,92,0
1482,71,4,5411,1,111,0
1483,71,4,4920,1,316,0
1484,71,4,5391,1,121,0
1485,71,4,4985,1,280,0
1486,71,4,5546,1,71,0
1487,71,4,5447,1,131,0
1488,71,4,5437,1,108,0
1489,71,4,5622,1,47,0
1490,71,4,5337,1,135,0
1491,71,4,5535,1,76,0
1492,71,4,5575,1,66,0
1493,71,4,5568,1,66,0
1494,71,4,5412,1,114,0
1495,71,4,5580,1,57,0
1496,71,4,5504,1,85,0
1497,71,4,5506,1,79,0
1498,72,4,5256,1,196,0
1499,72,4,5135,1,178,0
1500,72,2,2369,0,1001,1
1501,72,4,5529,1,72,0
1502,72,4,5191,1,189,0
1503,72,4,5520,1,77,0
1504,72,4,5468,1,89,0
1505,72,4,5557,1,68,0
1506,72,4,5603,1,49,0
1507,72,4,5489,1,81,0
1508,72,4,5421,1,109,0
1509,72,4,5529,1,74,0
1510,72,4,5455,1,96,0
1511,72,4,5560,1,62,0
1512,72,4,5606,1,53,0
1513,72,4,5582,1,55,0
1514,72,4,5224,1,170,0
1515,72,4,5618,1,49,0
1516,72,4,5624,1,48,0
1517,72,4,5403,1,118,0
1518,72,4,5181,1,214,0
1519,73,4,5434,1,108,0
1520,73,4,5558,1,71,0
1521,73,4,5527,1,73,0
1522,73,4,5435,1,91,0
1523,73,4,4793,1,264,0
1524,73,4,5416,1,134,0
1525,73,4,4903,1,249,0
1526,73,4,5347,1,134,0
1527,73,3,3407,0,1001,0
1528,73,4,5390,1,106,0
1529,73,4,5271,1,150,0
1530,73,4,5424,1,98,0
1531,73,4,5426,1,94,0
1532,73,4,5421,1,93,0
1533,73,4,5445,1,88,0
1534,73,4,5494,1,84,0
1535,73,4,5486,1,80,0
1536,73,4,5425,1,101,0
1537,73,4,5508,1,75,0
1538,74,4,4943,1,315,0
1539,74,4,5312,1,152,0
1540,74,4,5172,1,166,0
1541,74,4,5450,1,120,0
1542,74,4,5558,1,68,0
1543,74,4,5528,1,75,0
1544,74,4,5071,1,191,0
1545,74,4,5284,1,130,0
1546,74,4,5416,1,103,0
1547,74,4,4883,1,327,0
1548,74,4,5092,1,315,0
1549,74,4,5403,1,110,0
1550,74,4,4839,1,255,0
1551,74,4,5283,1,153,0
1552,74,4,4913,1,205,0
1553,74,4,4907,1,268,0
1554,74,4,5563,1,63,0
1555,75,4,5271,1,204,0
1556,75,4,5499,1,76,0
1557,75,4,5559,1,65,0
1558,75,4,5491,1,81,0
1559,75,4,5211,1,210,0
1560,75,4,5303,1,174,0
1561,75,4,4925,1,242,0
1562,75,4,5491,1,79,0
1563,75,4,5497,1,76,0
1564,75,4,5216,1,217,0
1565,75,4,4939,1,241,0
1566,75,4,5479,1,86,0
1567,75,4,5537,1,69,0
1568,75,4,5461,1,85,0
1569,75,4,5529,1,69,0
1570,75,4,5200,1,204,0
1571,75,4,5400,1,109,0
1572,75,4,4955,1,277,0
1573,75,4,4973,1,284,0
1574,76,4,4782,1,467,0
1575,76,4,5347,1,130,0
1576,76,4,5093,1,181,0
1577,76,4,5243,1,195,0
1578,76,4,5602,1,52,0
1579,76,4,5262,1,170,0
1580,76,4,5446,1,89,0
1581,76,4,5328,1,125,0
1582,76,4,5060,1,201,0
1583,76,4,4764,1,270,0
1584,76,4,5293,1,138,0
1585,76,4,5518,1,73,0
1586,76,4,5050,1,196,0
1587,76,4,5534,1,71,0
1588,76,4,5446,1,93,0
1589,76,4,5486,1,76,0
1590,76,4,5436,1,101,0
1591,76,4,5275,1,154,0
1592,76,4,5545,1,64,0
1593,76,4,5178,1,174,0
1594,76,4,5414,1,108,0
1595,76,4,5375,1,105,0
1596,76,4,5022,1,214,0
1597,77,4,5345,1,127,0
1598,77,4,5504,1,86,0
1599,77,4,5050,1,207,0
1600,77,1,1291,0,1001,1
1601,77,4,5221,1,184,0
1602,77,4,5557,1,62,0
1603,77,4,5265,1,135,0
1604,77,4,5220,1,149,0
1605,77,4,5161,1,175,0
1606,77,4,5471,1,86,0
1607,77,4,4903,1,240,0
1608,78,3,3427,0,1001,0
1609,78,4,5372,1,121,0
1610,78,4,5432,1,102,0
1611,78,4,5536,1,71,0
1612,78,4,5308,1,124,0
1613,78,4,5453,1,98,0
1614,78,4,5246,1,160,0
1615,78,4,5469,1,96,0
1616,78,4,5144,1,206,0
1617,78,4,5370,1,148,0
1618,78,4,5343,1,118,0
1619,78,4,5365,1,125,0
1620,78,4,5268,1,141,0
1621,78,4,4725,1,299,0
1622,78,4,4881,1,245,0
1623,78,4,5036,1,229,0
1624,78,4,4792,1,280,0
1625,79,4,4688,1,298,0
1626,79,4,4704,1,264,0
1627,79,4,5061,1,207,0
1628,79,4,5186,1,159,0
1629,79,4,4632,1,305,0
1630,79,4,5304,1,123,0
1631,79,4,4790,1,272,0
1632,79,4,5319,1,126,0
1633,79,4,5217,1,147,0
1634,79,4,5052,1,229,0
1635,79,4,5262,1,144,0
1636,79,4,4865,1,269,0
1637,79,4,5420,1,110,0
1638,79,4,5520,1,78,0
1639,79,4,4975,1,232,0
1640,79,4,5580,1,60,0
1641,79,4,5541,1,65,0
1642,79,4,5539,1,71,0
1643,79,4,5494,1,88,0
1644,80,4,5156,1,206,0
1645,80,4,5471,1,82,0
1646,80,4,5462,1,88,0
1647,80,4,5292,1,140,0
1648,80,4,5491,1,88,0
1649,80,4,5644,1,41,0
1650,80,4,5588,1,50,0
1651,80,4,5244,1,124,0
1652,80,4,5211,1,121,0
1653,80,4,5281,1,120,0
1654,80,4,5392,1,103,0
1655,80,4,5142,1,152,0
1656,80,4,5254,1,127,0
1657,80,4,5012,1,200,0
1658,80,4,5337,1,113,0
1659,80,4,5344,1,112,0
1660,80,4,5181,1,174,0
1661,80,4,4617,1,303,0
1662,80,4,5506,1,75,0
1663,80,4,5500,1,76,0
1664,80,4,5038,1,191,0
1665,80,4,5540,1,71,0
1666,80,4,5626,1,50,0
1667,80,4,5577,1,61,0
1668,80,4,5345,1,124,0
1669,80,4,5635,1,45,0
1670,80,4,5535,1,65,0
1671,80,4,5561,1,67,0
1672,81,4,5454,1,99,0
1673,81,4,5601,1,49,0
1674,81,4,5620,1,45,0
1675,81,4,5475,1,90,0
1676,81,4,5571,1,63,0
1677,81,4,5486,1,82,0
1678,81,4,5566,1,65,0
1679,81,4,5403,1,109,0
1680,81,4,5418,1,106,0
1681,81,4,5414,1,110,0
1682,81,4,5448,1,103,0
1683,81,4,5514,1,76,0
1684,81,4,5520,1,79,0
1685,81,4,5422,1,99,0
1686,81,4,5164,1,171,0
1687,81,4,5500,1,88,0
1688,81,4,5272,1,162,0
1689,81,4,5613,1,53,0
1690,81,4,5600,1,55,0
1691,81,4,5428,1,107,0
1692,81,4,5556,1,67,0
1693,81,4,5580,1,61,0
1694,81,4,5618,1,52,0
1695,81,4,5554,1,67,0
1696,81,4,5380,1,111,0
1697,81,4,5527,1,74,0
1698,81,4,5550,1,59,0
1699,81,4,5574,1,64,0
1700,82,2,2369,0,1001,1
1701,82,4,5500,1,78,0
1702,82,4,5351,1,112,0
1703,82,4,5610,1,51,0
1704,82,4,5575,1,59,0
1705,82,4,5608,1,53,0
1706,82,4,5116,1,174,0
1707,82,4,5492,1,78,0
1708,82,4,5044,1,211,0
1709,82,4,5141,1,173,0
1710,82,4,5265,1,143,0
1711,82,4,4901,1,230,0
1712,82,4,5161,1,169,0
1713,82,4,5488,1,80,0
1714,82,4,3891,1,562,0
1715,82,4,4794,1,257,0
1716,82,4,5328,1,121,0
1717,82,4,5510,1,78,0
1718,82,4,5495,1,89,0
1719,82,4,5581,1,60,0
1720,82,4,5443,1,112,0
1721,82,4,5611,1,48,0
1722,83,4,5384,1,110,0
1723,83,4,5550,1,70,0
1724,83,4,5455,1,86,0
1725,83,4,5526,1,82,0
1726,83,4,5283,1,146,0
1727,83,4,5501,1,77,0
1728,83,4,5108,1,181,0
1729,83,4,5509,1,86,0
1730,83,4,5558,1,66,0
1731,83,4,5101,1,236,0
1732,83,4,5618,1,47,0
1733,83,4,5433,1,94,0
1734,83,4,5571,1,62,0
1735,83,4,5409,1,105,0
1736,83,4,5540,1,64,0
1737,83,4,5621,1,48,0
1738,83,4,5379,1,106,0
1739,83,4,5427,1,111,0
1740,83,4,5599,1,51,0
1741,83,4,5588,1,56,0
1742,83,4,5581,1,62,0
1743,83,4,5638,1,43,0
1744,83,4,5121,1,218,0
1745,83,4,5359,1,127,0
1746,83,4,5599,1,51,0
1747,83,4,5586,1,58,0
1748,83,4,5548,1,62,0
1749,83,4,5557,1,62,0
1750,83,4,5641,1,42,0
1751,83,4,5509,1,89,0
1752,83,4,5606,1,52,0
1753,83,4,5654,1,38,0
1754,83,4,5653,1,38,0
1755,83,4,5566,1,69,0
1756,83,4,5613,1,51,0
1757,83,4,5569,1,58,0
1758,83,4,5537,1,65,0
1759,83,4,5558,1,61,0
1760,83,4,5569,1,59,0
1761,83,4,5519,1,70,0
1762,83,4,5556,1,65,0
1763,84,4,5567,1,63,0
1764,84,4,5621,1,48,0
1765,84,4,5547,1,67,0
1766,84,4,5635,1,41,0
1767,84,4,5555,1,78,0
1768,84,4,5629,1,45,0
1769,84,4,5616,1,49,0
1770,84,4,5639,1,43,0
1771,84,4,5612,1,49,0
1772,84,4,5627,1,45,0
1773,84,4,5444,1,88,0
1774,84,4,5376,1,126,0
1775,84,4,5610,1,51,0
1776,84,4,5618,1,52,0
1777,84,4,5155,1,167,0
1778,84,4,5603,1,55,0
1779,84,4,5268,1,118,0
1780,84,4,5592,1,50,0
1781,84,4,5596,1,53,0
1782,84,4,5562,1,54,0
1783,84,4,5621,1,48,0
1784,84,4,5571,1,60,0
1785,84,4,5525,1,74,0
1786,84,4,5531,1,64,0
1787,84,4,5309,1,116,0
1788,84,4,5646,1,39,0
1789,84,4,5594,1,56,0
1790,84,4,5555,1,67,0
1791,84,4,5599,1,52,0
1792,84,4,5607,1,50,0
1793,84,4,5585,1,54,0
1794,84,4,5457,1,86,0
1795,84,4,5547,1,61,0
1796,84,4,5546,1,61,0
1797,84,4,5444,1,97,0
1798,84,4,5623,1,45,0
1799,84,4,5636,1,43,0
1800,84,4,5646,1,39,1
1801,84,4,5452,1,84,0
1802,84,4,5645,1,41,0
1803,84,4,5514,1,75,0
1804,84,4,5051,1,221,0
1805,84,4,5567,1,56,0
1806,84,4,5517,1,66,0
1807,84,4,5538,1,66,0
1808,84,4,5532,1,66,0
1809,84,4,5574,1,56,0
1810,85,4,5067,1,178,0
1811,85,4,5517,1,72,0
1812,85,4,5610,1,47,0
1813,85,4,5340,1,97,0
1814,85,4,5545,1,62,0
1815,85,4,5506,1,77,0
1816,85,4,5479,1,82,0
1817,85,4,5586,1,54,0
1818,85,4,5292,1,106,0
1819,85,4,4989,1,183,0
1820,85,4,5505,1,73,0
1821,85,4,5581,1,55,0
1822,85,4,5604,1,48,0
1823,85,4,5544,1,68,0
1824,85,4,5380,1,122,0
1825,85,4,5640,1,41,0
1826,85,4,5384,1,104,0
1827,85,4,5464,1,88,0
1828,85,4,5631,1,43,0
1829,85,4,5536,1,65,0
1830,85,4,5538,1,65,0
1831,85,4,5516,1,74,0
1832,85,4,5574,1,55,0
1833,85,4,5564,1,61,0
1834,85,4,5526,1,70,0
1835,85,4,5550,1,62,0
1836,85,4,5607,1,49,0
1837,85,4,5549,1,67,0
1838,85,4,5526,1,75,0
1839,85,4,5344,1,144,0
1840,85,4,5388,1,117,0
1841,85,4,5606,1,50,0
1842,85,4,5632,1,43,0
1843,85,4,5567,1,59,0
1844,85,4,5529,1,67,0
1845,85,4,5615,1,50,0
1846,85,4,5521,1,79,0
1847,85,4,5514,1,74,0
1848,85,4,5582,1,55,0
1849,85,4,5189,1,155,0
1850,85,4,5552,1,63,0
1851,86,4,5521,1,67,0
1852,86,4,5556,1,61,0
1853,86,4,5442,1,90,0
1854,86,4,5563,1,62,0
1855,86,4,5637,1,42,0
1856,86,4,5453,1,88,0
1857,86,4,5551,1,60,0
1858,86,4,5617,1,46,0
1859,86,4,5541,1,64,0
1860,86,4,5131,1,181,0
1861,86,4,5571,1,63,0
1862,86,4,5417,1,105,0
1863,86,4,5331,1,113,0
1864,86,4,5376,1,97,0
1865,86,4,5226,1,162,0
1866,86,4,5277,1,138,0
1867,86,4,5596,1,50,0
1868,86,4,4785,1,300,0
1869,86,4,4860,1,196,0
1870,86,4,5607,1,52,0
1871,86,4,5350,1,111,0
1872,86,4,5208,1,145,0
1873,86,4,5432,1,90,0
1874,86,4,5433,1,94,0
1875,86,4,5556,1,64,0
1876,86,4,5408,1,111,0
1877,86,4,5532,1,67,0
1878,86,4,5580,1,56,0
1879,86,4,5455,1,92,0
1880,86,4,5593,1,52,0
1881,86,4,5563,1,61,0
1882,86,4,5519,1,73,0
1883,86,4,5591,1,56,0
1884,86,4,5472,1,80,0
1885,87,4,5510,1,73,0
1886,87,4,5205,1,156,0
1887,87,4,5579,1,55,0
1888,87,4,5559,1,59,0
1889,87,4,4815,1,348,0
1890,87,4,5518,1,72,0
1891,87,4,5575,1,55,0
1892,87,4,5540,1,68,0
1893,87,4,5287,1,130,0
1894,87,4,5510,1,71,0
1895,87,4,5240,1,137,0
1896,87,4,5360,1,122,0
1897,87,4,5640,1,41,0
1898,87,4,5214,1,179,0
1899,87,4,5559,1,62,0
1900,87,1,1288,0,1001,1
1901,87,4,5563,1,57,0
1902,87,4,5349,1,124,0
1903,87,4,5555,1,59,0
1904,87,4,4933,1,183,0
1905,87,4,5512,1,66,0
1906,87,4,5458,1,101,0
1907,88,4,5399,1,94,0
1908,88,4,5476,1,87,0
1909,88,4,5035,1,193,0
1910,88,4,5390,1,103,0
1911,88,4,5508,1,74,0
1912,88,4,5507,1,72,0
1913,88,4,5474,1,84,0
1914,88,4,5422,1,92,0
1915,88,4,5612,1,48,0
1916,88,4,5176,1,152,0
1917,88,4,5552,1,62,0
1918,88,4,5568,1,58,0
1919,88,4,5577,1,56,0
1920,88,4,5294,1,213,0
1921,88,4,5586,1,56,0
1922,88,4,5560,1,70,0
1923,88,4,5294,1,140,0
1924,88,4,5613,1,46,0
1925,88,4,5218,1,144,0
1926,88,4,5607,1,51,0
1927,88,4,5497,1,87,0
1928,88,4,5565,1,56,0
1929,88,4,5590,1,56,0
1930,88,4,5494,1,86,0
1931,88,4,5468,1,93,0
1932,88,4,5611,1,49,0
1933,88,4,5657,1,37,0
1934,88,4,5528,1,74,0
1935,88,4,5592,1,51,0
1936,88,4,5551,1,60,0
1937,88,4,5446,1,94,0
1938,88,4,5616,1,48,0
1939,88,4,5595,1,52,0
1940,88,4,5560,1,60,0
1941,88,4,5585,1,60,0
1942,88,4,5605,1,53,0
1943,88,4,5641,1,43,0
1944,88,4,5592,1,54,0
1945,88,4,5599,1,54,0
1946,88,4,5459,1,84,0
1947,89,4,5454,1,89,0
1948,89,4,5527,1,79,0
1949,89,4,5568,1,55,0
1950,89,4,5628,1,45,0
1951,89,4,5583,1,57,0
1952,89,4,5557,1,59,0
1953,89,4,5570,1,59,0
1954,89,4,5587,1,56,0
1955,89,4,5451,1,119,0
1956,89,4,5596,1,54,0
1957,89,4,5593,1,54,0
1958,89,4,5512,1,74,0
1959,89,4,5561,1,64,0
1960,89,4,5435,1,112,0
1961,89,4,5602,1,52,0
1962,89,4,5635,1,41,0
1963,89,4,4985,1,244,0
1964,89,4,5472,1,81,0
1965,89,4,5492,1,76,0
1966,89,4,5575,1,61,0
1967,89,4,5477,1,88,0
1968,89,4,5463,1,99,0
1969,89,4,5541,1,74,0
1970,89,4,5622,1,45,0
1971,89,4,5399,1,123,0
1972,89,4,5568,1,63,0
1973,89,4,5534,1,66,0
1974,89,4,5606,1,48,0
1975,89,4,5283,1,152,0
1976,89,4,5617,1,46,0
1977,89,4,5516,1,73,0
1978,89,4,5550,1,67,0
1979,89,4,5629,1,45,0
1980,89,4,5575,1,60,0
1981,89,4,5283,1,159,0
1982,89,4,5525,1,74,0
1983,89,4,5640,1,41,0
1984,89,4,5555,1,63,0
1985,89,4,5600,1,49,0
1986,89,4,5613,1,47,0
1987,89,4,5616,1,48,0
1988,89,4,5521,1,83,0
1989,89,4,5474,1,106,0
1990,90,4,5380,1,125,0
1991,90,4,5623,1,47,0
1992,90,4,5366,1,127,0
1993,90,4,5616,1,49,0
1994,90,4,5509,1,71,0
1995,90,4,5553,1,58,0
1996,90,4,5593,1,50,0
1997,90,4,5497,1,81,0
1998,90,4,5645,1,40,0
1999,90,4,5521,1,66,0
2000,90,4,5655,1,37,1
2001,90,4,5570,1,60,0
2002,90,4,5622,1,48,0
2003,90,4,5643,1,40,0
2004,90,4,5611,1,48,0
2005,90,4,5614,1,49,0
2006,90,4,5516,1,84,0
2007,90,4,5626,1,45,0
2008,90,4,5204,1,164,0
2009,90,4,5464,1,95,0
2010,90,4,5605,1,52,0
2011,90,4,5264,1,141,0
2012,90,4,5404,1,116,0
2013,90,4,5486,1,71,0
2014,90,4,5589,1,57,0
2015,90,4,5295,1,125,0
2016,90,4,5349,1,129,0
2017,90,4,5563,1,57,0
2018,90,4,5310,1,122,0
2019,90,4,5257,1,138,0
2020,90,4,5517,1,76,0
2021,90,4,5068,1,212,0
2022,90,4,5369,1,111,0
2023,91,3,3461,0,1001,0
2024,91,4,5280,1,109,0
2025,91,4,5263,1,119,0
2026,91,4,5386,1,114,0
2027,91,4,5595,1,55,0
2028,91,4,5420,1,83,0
2029,91,4,5345,1,97,0
2030,91,4,4945,1,215,0
2031,91,4,5451,1,80,0
2032,91,4,5591,1,51,0
2033,91,4,5297,1,169,0
2034,91,4,5630,1,47,0
2035,91,4,4809,1,207,0
2036,91,4,5402,1,102,0
2037,91,4,5187,1,163,0
2038,91,4,5311,1,127,0
2039,91,4,5433,1,82,0
2040,91,4,5631,1,44,0
2041,91,4,5403,1,85,0
2042,91,4,5140,1,137,0
2043,91,4,5325,1,98,0
2044,91,4,5209,1,127,0
2045,91,4,5219,1,138,0
2046,91,4,5455,1,81,0
2047,92,4,5260,1,132,0
2048,92,4,5045,1,164,0
2049,92,4,5245,1,114,0
2050,92,4,5501,1,80,0
2051,92,4,5493,1,66,0
2052,92,4,4142,1,513,0
2053,92,4,5160,1,145,0
2054,92,4,5501,1,69,0
2055,92,4,4842,1,194,0
2056,92,4,5566,1,55,0
2057,92,4,5168,1,156,0
2058,92,4,5093,1,174,0
2059,92,4,5301,1,128,0
2060,92,4,5071,1,149,0
2061,92,4,5243,1,131,0
2062,92,4,5526,1,61,0
2063,92,4,4997,1,168,0
2064,92,4,5443,1,82,0
2065,92,4,5452,1,101,0
2066,93,4,3392,1,765,0
2067,93,4,5652,1,38,0
2068,93,4,5274,1,133,0
2069,93,4,5599,1,50,0
2070,93,4,5512,1,71,0
2071,93,4,3878,1,526,0
2072,93,4,4887,1,189,0
2073,93,4,4848,1,218,0
2074,93,4,5385,1,97,0
2075,93,4,4391,1,315,0
2076,93,4,5184,1,142,0
2077,93,4,5156,1,143,0
2078,93,4,5092,1,178,0
2079,93,4,5122,1,166,0
2080,94,4,3117,1,866,0
2081,94,4,4830,1,268,0
2082,94,4,5243,1,136,0
2083,94,4,4393,1,398,0
2084,94,4,4773,1,259,0
2085,94,4,4435,1,412,0
2086,94,4,4339,1,330,0
2087,94,4,4890,1,210,0
2088,94,4,5476,1,80,0
2089,94,4,5618,1,48,0
2090,94,4,5216,1,123,0
2091,94,4,5575,1,56,0
2092,94,4,4955,1,227,0
2093,94,4,5394,1,86,0
2094,94,4,5563,1,61,0
2095,95,4,3985,1,539,0
2096,95,4,5309,1,127,0
2097,95,4,4675,1,269,0
2098,95,4,5330,1,108,0
2099,95,4,5116,1,163,0
2100,95,0,0,0,1001,1
2101,95,4,5622,1,43,0
2102,95,4,4938,1,177,0
2103,95,4,5185,1,142,0
2104,95,4,5600,1,49,0
2105,95,4,5443,1,78,0
2106,96,3,3369,0,1001,0
2107,96,4,5111,1,158,0
2108,96,3,3230,0,1001,0
2109,96,4,5364,1,107,0
2110,96,4,4917,1,222,0
2111,96,4,5557,1,66,0
2112,96,4,5044,1,220,0
2113,96,4,5520,1,78,0
2114,96,4,5423,1,90,0
2115,96,4,4917,1,242,0
2116,96,4,5391,1,105,0
2117,96,4,4931,1,231,0
2118,96,4,5288,1,125,0
2119,96,4,4938,1,200,0
2120,96,4,5033,1,213,0
2121,97,4,5143,1,227,0
2122,97,4,5060,1,215,0
2123,97,3,3125,0,1001,0
2124,97,4,5276,1,144,0
2125,97,4,5018,1,251,0
2126,97,4,5369,1,128,0
2127,97,4,4626,1,365,0
2128,98,3,3453,0,1001,0
2129,98,4,5025,1,217,0
2130,98,4,5047,1,218,0
2131,98,4,5197,1,160,0
2132,98,4,5394,1,98,0
2133,98,4,5510,1,68,0
2134,98,4,5483,1,107,0
2135,98,4,5170,1,185,0
2136,98,4,4321,1,553,0
2137,98,4,5210,1,173,0
2138,98,4,5604,1,54,0
2139,98,4,5209,1,161,0
2140,98,4,5329,1,112,0
2141,98,4,5183,1,147,0
2142,98,4,4957,1,213,0
2143,98,4,5583,1,55,0
2144,98,4,5569,1,64,0
2145,98,4,4708,1,275,0
2146,98,4,5478,1,79,0
2147,99,4,5471,1,120,0
2148,99,4,4825,1,221,0
2149,99,4,5080,1,160,0
2150,99,4,5223,1,140,0
2151,99,3,3326,0,1001,0
2152,99,4,5278,1,122,0
2153,99,4,5052,1,199,0
2154,99,3,3165,0,1001,0
2155,99,4,5413,1,101,0
2156,100,4,4806,1,280,0
2157,100,4,5076,1,156,0
2158,100,4,5363,1,104,0
2159,100,4,5335,1,133,0
2160,100,4,5511,1,72,0
2161,100,1,1169,0,1001,0
2162,100,4,4088,1,461,0
2163,100,3,3141,0,1001,0
2164,101,4,5244,1,164,0
2165,101,4,5243,1,169,0
2166,101,4,5111,1,168,0
2167,101,4,5210,1,215,0
2168,101,4,5051,1,192,0
2169,101,4,5046,1,237,0
2170,101,4,5376,1,97,0
2171,101,4,5543,1,68,0
2172,101,4,5260,1,133,0
2173,101,4,5480,1,84,0
2174,101,4,5359,1,109,0
2175,101,4,5172,1,146,0
2176,101,4,5492,1,84,0
2177,101,4,5200,1,138,0
2178,101,4,5492,1,88,0
2179,101,4,5410,1,100,0
2180,101,4,5532,1,81,0
2181,101,4,5221,1,143,0
2182,101,4,5350,1,112,0
2183,101,4,4935,1,218,0
2184,101,4,5407,1,98,0
2185,101,4,4977,1,205,0
2186,101,4,5416,1,104,0
2187,102,4,4888,1,190,0
2188,102,4,5136,1,150,0
2189,102,4,4915,1,190,0
2190,102,4,5470,1,99,0
2191,102,4,4464,1,331,0
2192,102,1,1131,0,1001,0
2193,102,4,5400,1,107,0
2194,102,4,5401,1,133,0
2195,102,4,3573,1,598,0
2196,102,4,4860,1,218,0
2197,102,4,4620,1,312,0
2198,103,4,3275,1,764,0
2199,103,4,3895,1,523,0
2200,103,0,0,0,1001,1
2201,103,4,4709,1,263,0
2202,103,4,4648,1,296,0
2203,103,4,5243,1,143,0
2204,104,4,4487,1,354,0
2205,104,4,5515,1,77,0
2206,104,4,5454,1,88,0
2207,104,4,5238,1,146,0
2208,104,1,1186,0,1001,0
2209,104,4,4105,1,557,0
2210,104,4,4824,1,251,0
2211,104,4,5363,1,109,0
2212,104,4,5171,1,160,0
2213,104,4,5185,1,152,0
2214,104,4,5272,1,138,0
2215,105,1,1187,0,1001,0
2216,105,3,3047,0,1001,0
2217,105,4,4712,1,341,0
2218,105,1,1172,0,1001,0
2219,106,4,5201,1,151,0
2220,106,4,4979,1,256,0
2221,106,4,5042,1,213,0
2222,106,4,5223,1,173,0
2223,106,4,5226,1,147,0
2224,106,4,4912,1,260,0
2225,106,4,5556,1,64,0
2226,106,4,5365,1,124,0
2227,106,4,5584,1,64,0
2228,106,4,5482,1,89,0
2229,106,4,5496,1,90,0
2230,106,4,5499,1,87,0
2231,106,4,5493,1,98,0
2232,106,4,5528,1,73,0
2233,106,4,5521,1,78,0
2234,106,4,5478,1,96,0
2235,106,4,5069,1,197,0
2236,106,4,5565,1,66,0
2237,106,4,5570,1,64,0
2238,106,4,5472,1,110,0
2239,106,4,5518,1,90,0
2240,106,4,5617,1,51,0
2241,107,3,3425,0,1001,0
2242,107,4,5484,1,111,0
2243,107,4,5554,1,68,0
2244,107,4,5363,1,124,0
2245,107,4,5500,1,107,0
2246,107,4,5548,1,74,0
2247,107,4,5287,1,137,0
2248,107,4,5520,1,71,0
2249,107,4,5210,1,146,0
2250,107,4,5266,1,113,0
2251,107,4,5276,1,147,0
2252,107,4,5191,1,175,0
2253,107,4,5320,1,142,0
2254,107,4,4991,1,169,0
2255,107,4,5194,1,146,0
2256,107,4,5535,1,77,0
2257,107,4,5220,1,171,0
2258,107,4,5077,1,223,0
2259,108,1,1187,0,1001,0
2260,108,4,5584,1,61,0
2261,108,4,4862,1,275,0
2262,108,4,5421,1,108,0
2263,108,4,5114,1,174,0
2264,108,4,5289,1,127,0
2265,108,4,5179,1,169,0
2266,108,1,1185,0,1001,0
2267,108,4,5271,1,176,0
2268,109,3,3444,0,1001,0
2269,109,4,5087,1,217,0
2270,109,4,4642,1,323,0
2271,109,4,5368,1,101,0
2272,109,4,5164,1,183,0
2273,109,4,5309,1,125,0
2274,109,4,5260,1,144,0
2275,109,4,4753,1,271,0
2276,109,4,5525,1,73,0
2277,109,4,4753,1,263,0
2278,109,3,3116,0,1001,0
2279,109,4,5390,1,109,0
2280,110,4,4917,1,227,0
2281,110,4,5201,1,151,0
2282,110,4,5374,1,107,0
2283,110,4,5162,1,166,0
2284,110,4,4842,1,241,0
2285,110,4,3860,1,576,0
2286,110,4,5115,1,198,0
2287,110,4,4580,1,318,0
2288,110,4,5195,1,156,0
2289,110,4,5126,1,168,0
2290,110,4,5508,1,75,0
2291,110,4,5435,1,88,0
2292,110,4,5444,1,94,0
2293,110,4,5474,1,87,0
2294,110,4,5451,1,92,0
2295,110,4,5016,1,198,0
2296,110,4,4977,1,208,0
2297,110,4,5465,1,87,0
2298,111,4,5237,1,134,0
2299,111,4,5329,1,119,0
2300,111,1,1188,0,1001,1
2301,111,4,5070,1,177,0
2302,111,4,5310,1,132,0
2303,111,4,5332,1,116,0
2304,111,4,4559,1,328,0
2305,111,4,5398,1,104,0
2306,111,4,5250,1,139,0
2307,112,3,3496,0,1001,0
2308,112,4,5087,1,205,0
2309,112,4,4264,1,333,0
2310,112,4,4874,1,345,0
2311,112,4,5497,1,87,0
2312,112,4,5315,1,135,0
2313,112,1,1182,0,1001,0
2314,112,4,5406,1,101,0
2315,112,4,5287,1,130,0
2316,112,4,5125,1,171,0
2317,112,4,5055,1,190,0
2318,112,4,5585,1,60,0
2319,112,4,5375,1,108,0
2320,112,4,5436,1,101,0
2321,112,4,5219,1,172,0
2322,113,4,5461,1,88,0
2323,113,3,3379,0,1001,0
2324,113,3,3257,0,1001,0
2325,113,4,4954,1,294,0
2326,113,4,5057,1,203,0
2327,113,4,4830,1,283,0
2328,114,4,4500,1,372,0
2329,114,4,5102,1,203,0
2330,114,4,5557,1,70,0
2331,114,4,5540,1,64,0
2332,114,4,5278,1,131,0
2333,114,4,5579,1,56,0
2334,114,4,5614,1,52,0
2335,114,4,5572,1,60,0
2336,114,4,5635,1,46,0
2337,114,4,5580,1,58,0
2338,114,4,5501,1,79,0
2339,114,4,5478,1,93,0
2340,114,4,5495,1,78,0
2341,114,4,5494,1,77,0
2342,114,4,5618,1,52,0
2343,114,4,5544,1,71,0
2344,114,4,5575,1,57,0
2345,114,4,5607,1,49,0
2346,114,4,5590,1,55,0
2347,114,4,5627,1,50,0
2348,114,4,5563,1,65,0
2349,114,4,5347,1,118,0
2350,114,4,5542,1,69,0
2351,114,4,5524,1,70,0
2352,114,4,4751,1,234,0
2353,114,4,5478,1,104,0
2354,114,4,5557,1,70,0
2355,114,4,5488,1,116,0
2356,114,4,5353,1,115,0
2357,114,4,5530,1,67,0
2358,114,4,5442,1,100,0
2359,114,4,5559,1,61,0
2360,114,4,5243,1,172,0
2361,114,4,5459,1,91,0
2362,114,4,5447,1,93,0
2363,114,4,5545,1,66,0
2364,115,4,5263,1,143,0
2365,115,4,5303,1,153,0
2366,115,4,5513,1,80,0
2367,115,4,5558,1,67,0
2368,115,4,5388,1,106,0
2369,115,4,5528,1,74,0
2370,115,4,5419,1,101,0
2371,115,4,5429,1,100,0
2372,115,4,5278,1,160,0
2373,115,3,3467,0,1001,0
2374,115,4,5241,1,155,0
2375,115,4,5522,1,71,0
2376,115,4,5442,1,97,0
2377,115,4,5436,1,103,0
2378,115,4,5602,1,58,0
2379,115,4,5470,1,93,0
2380,115,4,5371,1,132,0
2381,115,4,5393,1,105,0
2382,115,4,5318,1,124,0
2383,115,4,5300,1,136,0
2384,115,4,5511,1,89,0
2385,116,4,5351,1,132,0
2386,116,4,5357,1,116,0
2387,116,4,5366,1,106,0
2388,116,4,5475,1,110,0
2389,116,4,5546,1,73,0
2390,116,4,5458,1,94,0
2391,116,4,5518,1,74,0
2392,116,4,5559,1,106,0
2393,116,4,5383,1,120,0
2394,116,4,5184,1,157,0
2395,116,4,5559,1,69,0
2396,116,4,5005,1,193,0
2397,116,4,5306,1,169,0
2398,116,4,5126,1,195,0
2399,116,4,5252,1,186,0
2400,116,1,1287,0,1001,1
2401,117,3,3193,0,1001,0
2402,117,4,5615,1,48,0
2403,117,4,4963,1,237,0
2404,117,4,5386,1,115,0
2405,117,4,5606,1,53,0
2406,117,4,5570,1,57,0
2407,117,4,5478,1,83,0
2408,117,4,5538,1,73,0
2409,117,4,5385,1,128,0
2410,117,4,5440,1,100,0
2411,117,4,5429,1,102,0
2412,117,4,5460,1,95,0
2413,117,4,5459,1,96,0
2414,117,4,5363,1,119,0
2415,117,4,5583,1,61,0
2416,117,4,5432,1,123,0
2417,117,4,5442,1,105,0
2418,117,4,5439,1,96,0
2419,117,4,5430,1,109,0
2420,117,4,5131,1,174,0
2421,117,4,5061,1,213,0
2422,117,4,5558,1,63,0
2423,118,3,3103,0,1001,0
2424,118,4,5502,1,79,0
2425,118,4,5273,1,139,0
2426,118,4,5545,1,67,0
2427,118,4,5246,1,170,0
2428,118,4,5320,1,147,0
2429,118,4,5577,1,62,0
2430,118,4,5304,1,141,0
2431,118,4,5485,1,84,0
2432,118,4,5282,1,160,0
2433,118,4,5011,1,252,0
2434,118,4,5486,1,77,0
2435,118,4,5378,1,129,0
2436,118,4,5346,1,130,0
2437,118,4,5341,1,118,0
2438,118,4,5482,1,99,0
2439,118,4,5409,1,105,0
2440,118,4,5515,1,82,0
2441,118,4,5517,1,81,0
2442,118,4,5446,1,92,0
2443,118,4,5524,1,73,0
2444,118,4,5195,1,158,0
2445,119,4,5202,1,162,0
2446,119,4,5131,1,172,0
2447,119,4,5451,1,97,0
2448,119,4,5203,1,139,0
2449,119,4,5421,1,124,0
2450,119,3,3419,0,1001,0
2451,119,4,5014,1,241,0
2452,119,4,5355,1,115,0
2453,119,4,5396,1,116,0
2454,119,4,5360,1,131,0
2455,119,4,5315,1,120,0
2456,119,4,5406,1,98,0
2457,119,4,5388,1,101,0
2458,120,2,2350,0,1001,0
2459,120,4,5388,1,111,0
2460,120,4,5209,1,169,0
2461,120,4,5529,1,71,0
2462,120,4,5285,1,131,0
2463,120,1,1185,0,1001,0
2464,120,4,5229,1,162,0
2465,120,4,5511,1,78,0
2466,120,4,5095,1,230,0
2467,120,4,5209,1,143,0
2468,120,4,5439,1,95,0
2469,120,4,5097,1,225,0
2470,120,4,5202,1,182,0
2471,120,4,5201,1,167,0
2472,121,4,5491,1,86,0
2473,121,4,5316,1,143,0
2474,121,4,5204,1,180,0
2475,121,4,5189,1,184,0
2476,121,4,5145,1,207,0
2477,121,4,5252,1,171,0
2478,121,4,5124,1,214,0
2479,121,4,5313,1,153,0
2480,121,4,4640,1,294,0
2481,121,4,5447,1,94,0
2482,121,4,5429,1,104,0
2483,121,4,5513,1,77,0
2484,121,4,5140,1,246,0
2485,121,4,5101,1,216,0
2486,121,4,5561,1,85,0
2487,121,4,5318,1,120,0
2488,121,4,5551,1,70,0
2489,121,4,5560,1,62,0
2490,121,4,5513,1,82,0
2491,121,4,5247,1,140,0
2492,121,4,5111,1,242,0
2493,122,4,5396,1,111,0
2494,122,4,5187,1,184,0
2495,122,4,5539,1,67,0
2496,122,4,5440,1,105,0
2497,122,4,5235,1,176,0
2498,122,1,1282,0,1001,0
2499,122,4,5363,1,132,0
2500,122,1,1287,0,1001,1
2501,122,4,5472,1,89,0
2502,122,4,5035,1,280,0
2503,123,3,3419,0,1001,0
2504,123,4,5222,1,129,0
2505,123,4,5466,1,90,0
2506,123,4,5476,1,85,0
2507,123,4,5467,1,87,0
2508,123,4,5535,1,72,0
2509,123,4,5173,1,176,0
2510,123,4,5567,1,63,0
2511,123,4,5211,1,175,0
2512,123,1,1187,0,1001,0
2513,123,4,5488,1,102,0
2514,123,4,5432,1,93,0
2515,123,4,5576,1,60,0
2516,123,4,5208,1,153,0
2517,124,4,5134,1,172,0
2518,124,4,5421,1,100,0
2519,124,4,5536,1,69,0
2520,124,4,5609,1,51,0
2521,124,4,5586,1,60,0
2522,124,4,4901,1,187,0
2523,124,4,5422,1,106,0
2524,124,4,5614,1,54,0
2525,124,4,5453,1,91,0
2526,124,4,5502,1,83,0
2527,124,4,5586,1,57,0
2528,124,4,5582,1,63,0
2529,124,4,5588,1,57,0
2530,124,4,5462,1,90,0
2531,124,4,5592,1,54,0
2532,124,4,5454,1,95,0
2533,124,4,5530,1,71,0
2534,124,4,5304,1,129,0
2535,124,4,5552,1,79,0
2536,124,4,5545,1,76,0
2537,124,4,5603,1,57,0
2538,124,4,5472,1,93,0
2539,124,4,5095,1,176,0
2540,124,4,5559,1,64,0
2541,124,3,3443,0,1001,0
2542,125,4,5458,1,85,0
2543,125,4,5536,1,77,0
2544,125,4,4900,1,197,0
2545,125,4,5534,1,77,0
2546,125,4,5615,1,50,0
2547,125,4,5545,1,61,0
2548,125,4,5551,1,62,0
2549,125,4,5547,1,66,0
2550,125,4,5447,1,96,0
2551,125,4,5588,1,85,0
2552,125,4,5626,1,47,0
2553,125,4,5609,1,50,0
2554,125,4,5555,1,66,0
2555,125,4,5589,1,58,0
2556,125,4,5531,1,69,0
2557,125,4,5533,1,79,0
2558,125,4,5564,1,62,0
2559,125,4,5601,1,58,0
2560,125,4,5601,1,52,0
2561,125,4,5412,1,96,0
2562,125,4,5249,1,145,0
2563,125,4,5197,1,155,0
2564,125,4,5594,1,54,0
2565,125,4,5623,1,47,0
2566,125,4,5475,1,84,0
2567,125,4,5595,1,56,0
2568,125,4,5547,1,70,0
2569,125,4,5599,1,53,0
2570,125,4,5500,1,90,0
2571,125,4,5508,1,74,0
2572,125,4,5716,1,47,0
2573,125,4,5581,1,54,0
2574,125,4,5545,1,73,0
2575,125,4,5527,1,65,0
2576,125,4,5634,1,42,0
2577,125,4,5530,1,69,0
2578,125,4,5530,1,73,0
2579,125,4,5628,1,46,0
2580,125,4,5589,1,61,0
2581,125,4,5395,1,115,0
2582,126,4,4630,1,310,0
2583,126,4,5498,1,82,0
2584,126,4,5572,1,91,0
2585,126,4,5641,1,42,0
2586,126,4,5513,1,73,0
2587,126,4,5483,1,96,0
2588,126,4,5609,1,49,0
2589,126,4,5567,1,61,0
2590,126,4,5571,1,64,0
2591,126,4,5536,1,67,0
2592,126,4,5593,1,57,0
2593,126,4,5524,1,67,0
2594,126,4,5109,1,177,0
2595,126,2,2317,0,1001,0
2596,126,4,5492,1,78,0
2597,126,4,5602,1,52,0
2598,126,4,5427,1,92,0
2599,126,4,5591,1,50,0
2600,126,4,5645,1,40,1
2601,126,4,4720,1,286,0
2602,126,4,5429,1,100,0
2603,126,4,5512,1,74,0
2604,126,4,5576,1,74,0
2605,126,4,5552,1,61,0
2606,126,4,5574,1,57,0
2607,126,4,5724,1,45,0
2608,126,4,5467,1,83,0
2609,126,4,5507,1,81,0
2610,127,4,5154,1,164,0
2611,127,4,5490,1,76,0
2612,127,4,5600,1,52,0
2613,127,4,5651,1,62,0
2614,127,4,5356,1,130,0
2615,127,4,5592,1,50,0
2616,127,4,5507,1,75,0
2617,127,4,5461,1,81,0
2618,127,4,5513,1,69,0
2619,127,4,4506,1,348,0
2620,127,4,5556,1,63,0
2621,127,4,5568,1,59,0
2622,127,4,5560,1,69,0
2623,127,4,5605,1,52,0
2624,127,4,5310,1,124,0
2625,127,4,5133,1,160,0
2626,127,4,5550,1,62,0
2627,127,4,5619,1,48,0
2628,127,4,5534,1,73,0
2629,127,4,5484,1,82,0
2630,127,4,5587,1,56,0
2631,127,4,5413,1,84,0
2632,127,4,5596,1,54,0
2633,127,4,5612,1,48,0
2634,127,4,5586,1,52,0
2635,127,4,5614,1,48,0
2636,127,4,5627,1,44,0
2637,127,4,5606,1,50,0
2638,127,4,5517,1,73,0
2639,127,4,5575,1,62,0
2640,127,4,5560,1,61,0
2641,127,4,5508,1,78,0
2642,127,4,5533,1,67,0
2643,127,4,5121,1,169,0
2644,127,4,5540,1,64,0
2645,127,4,5633,1,44,0
2646,127,4,5591,1,60,0
2647,127,4,5566,1,65,0
2648,127,4,5551,1,65,0
2649,127,4,5511,1,75,0
2650,128,4,5342,1,140,0
2651,128,4,5402,1,106,0
2652,128,4,5550,1,70,0
2653,128,4,5527,1,70,0
2654,128,4,5609,1,48,0
2655,128,4,5590,1,59,0
2656,128,4,5500,1,78,0
2657,128,4,5439,1,98,0
2658,128,4,5618,1,49,0
2659,128,4,5625,1,45,0
2660,128,4,5635,1,44,0
2661,128,4,5533,1,63,0
2662,128,4,5537,1,69,0
2663,128,4,5602,1,52,0
2664,128,4,5569,1,60,0
2665,128,4,5558,1,65,0
2666,128,4,5476,1,72,0
2667,128,4,5574,1,60,0
2668,128,4,5468,1,107,0
2669,128,4,5548,1,67,0
2670,128,4,5491,1,81,0
2671,128,4,5355,1,134,0
2672,128,4,5586,1,57,0
2673,128,4,5264,1,168,0
2674,128,4,5646,1,40,0
2675,128,4,4778,1,284,0
2676,128,4,5565,1,66,0
2677,128,4,5293,1,125,0
2678,128,4,5628,1,44,0
2679,128,4,5597,1,53,0
2680,129,2,2112,0,1001,0
2681,129,4,5523,1,74,0
2682,129,4,5526,1,72,0
2683,129,4,5508,1,74,0
2684,129,4,5621,1,47,0
2685,129,4,5487,1,74,0
2686,129,4,5621,1,46,0
2687,129,4,5591,1,57,0
2688,129,4,5444,1,105,0
2689,129,4,5359,1,131,0
2690,129,4,5619,1,50,0
2691,129,4,5557,1,61,0
2692,129,4,5367,1,93,0
2693,129,4,5557,1,62,0
2694,129,4,5394,1,114,0
2695,129,4,5568,1,61,0
2696,129,4,5531,1,70,0
2697,129,4,5437,1,78,0
2698,129,4,5421,1,110,0
2699,129,4,5575,1,59,0
2700,129,4,5645,1,40,1
2701,129,4,5578,1,62,0
2702,129,4,5348,1,114,0
2703,129,4,5630,1,45,0
2704,129,4,5469,1,86,0
2705,129,4,5613,1,51,0
2706,129,4,5502,1,76,0
2707,129,4,5456,1,103,0
2708,129,4,5353,1,121,0
2709,129,4,4926,1,289,0
2710,129,4,5514,1,78,0
2711,129,4,5417,1,101,0
2712,129,4,5333,1,171,0
2713,129,4,5548,1,62,0
2714,130,1,1283,0,1001,0
2715,130,4,5227,1,182,0
2716,130,4,5342,1,127,0
2717,130,2,2353,0,1001,0
2718,130,4,5496,1,83,0
2719,130,4,5302,1,151,0
2720,130,4,5059,1,238,0
2721,130,4,5552,1,62,0
2722,130,4,5175,1,185,0
2723,131,4,4562,1,295,0
2724,131,4,5607,1,47,0
2725,131,4,5367,1,111,0
2726,131,4,5599,1,58,0
2727,131,4,5219,1,171,0
2728,131,4,5307,1,146,0
2729,131,4,5158,1,173,0
2730,131,4,5537,1,109,0
2731,131,4,5473,1,92,0
2732,131,4,5518,1,81,0
2733,131,4,5598,1,52,0
2734,131,4,5040,1,236,0
2735,131,4,5321,1,144,0
2736,131,4,5445,1,99,0
2737,131,4,5482,1,93,0
2738,131,2,2345,0,1001,0
2739,131,4,5091,1,201,0
2740,131,4,5595,1,58,0
2741,131,4,5592,1,57,0
2742,131,4,5389,1,104,0
2743,132,4,5535,1,63,0
2744,132,4,5604,1,49,0
2745,132,4,5436,1,101,0
2746,132,4,5622,1,49,0
2747,132,4,5615,1,49,0
2748,132,4,5597,1,57,0
2749,132,4,5593,1,53,0
2750,132,4,5539,1,70,0
2751,132,4,5645,1,41,0
2752,132,4,5466,1,112,0
2753,132,4,5132,1,200,0
2754,132,4,5507,1,89,0
2755,132,4,5629,1,48,0
2756,132,4,5614,1,47,0
2757,132,4,5615,1,50,0
2758,132,4,5636,1,42,0
2759,132,4,5611,1,48,0
2760,132,4,5639,1,42,0
2761,132,4,5343,1,136,0
2762,132,4,5534,1,82,0
2763,132,4,5539,1,68,0
2764,132,4,5418,1,110,0
2765,132,4,5570,1,67,0
2766,132,4,5617,1,46,0
2767,132,4,5545,1,69,0
2768,132,4,5543,1,65,0
2769,132,4,5539,1,80,0
2770,132,4,5499,1,75,0
2771,132,4,5414,1,89,0
2772,132,4,5415,1,119,0
2773,132,4,5488,1,88,0
2774,132,4,5620,1,46,0
2775,132,4,5165,1,136,0
2776,132,4,5623,1,47,0
2777,132,4,5072,1,178,0
2778,132,4,5613,1,51,0
2779,132,4,5628,1,44,0
2780,132,4,5564,1,65,0
2781,132,4,5205,1,177,0
2782,132,4,5603,1,50,0
2783,132,4,5446,1,96,0
2784,133,4,5639,1,41,0
2785,133,4,5172,1,165,0
2786,133,4,5508,1,72,0
2787,133,4,5553,1,69,0
2788,133,4,5577,1,57,0
2789,133,4,5521,1,84,0
2790,133,3,3338,0,1001,0
2791,133,4,5538,1,72,0
2792,133,4,5636,1,43,0
2793,133,4,5589,1,57,0
2794,133,4,5435,1,104,0
2795,133,4,5574,1,59,0
2796,133,4,5584,1,56,0
2797,133,4,5515,1,72,0
2798,133,4,5549,1,70,0
2799,133,4,5458,1,86,0
2800,133,4,5645,1,40,1
2801,133,4,5438,1,85,0
2802,133,4,5554,1,61,0
2803,133,4,5617,1,47,0
2804,133,4,5578,1,67,0
2805,133,4,5629,1,45,0
2806,133,4,5603,1,57,0
2807,133,4,5597,1,78,0
2808,133,4,5515,1,78,0
2809,133,4,5555,1,65,0
2810,133,4,5490,1,85,0
2811,133,4,5478,1,95,0
2812,133,4,5641,1,42,0
2813,133,4,5635,1,44,0
2814,133,4,5538,1,71,0
2815,133,4,5559,1,64,0
2816,133,4,5567,1,56,0
2817,134,4,5477,1,89,0
2818,134,4,5380,1,124,0
2819,134,4,5518,1,78,0
2820,134,4,5621,1,47,0
2821,134,4,5641,1,42,0
2822,134,4,5525,1,74,0
2823,134,4,5376,1,108,0
2824,134,3,2269,0,1001,0
2825,134,4,5440,1,90,0
2826,134,4,5508,1,80,0
2827,134,4,5618,1,46,0
2828,134,4,5621,1,46,0
2829,134,4,5238,1,150,0
2830,134,4,5525,1,77,0
2831,134,4,5596,1,54,0
2832,134,4,5583,1,58,0
2833,134,4,5563,1,62,0
2834,134,4,5580,1,54,0
2835,134,4,5485,1,100,0
2836,134,4,5571,1,61,0
2837,134,4,5550,1,60,0
2838,134,4,5451,1,105,0
2839,134,4,5530,1,85,0
2840,134,4,5596,1,60,0
2841,134,4,5506,1,72,0
2842,134,4,4982,1,202,0
2843,134,4,5628,1,47,0
2844,134,4,5595,1,62,0
2845,134,4,5618,1,50,0
2846,135,4,5369,1,128,0
2847,135,4,5560,1,59,0
2848,135,4,5059,1,208,0
2849,135,4,5462,1,82,0
2850,135,4,5461,1,99,0
2851,135,4,5498,1,77,0
2852,135,4,5630,1,46,0
2853,135,4,5516,1,69,0
2854,135,4,5581,1,54,0
2855,135,4,5610,1,47,0
2856,135,4,5508,1,75,0
2857,135,4,5589,1,55,0
2858,135,4,5601,1,53,0
2859,135,4,5495,1,77,0
2860,135,4,5621,1,46,0
2861,135,4,5582,1,60,0
2862,135,4,5596,1,54,0
2863,135,4,5591,1,53,0
2864,135,4,5608,1,49,0
2865,135,4,5511,1,88,0
2866,135,4,5599,1,51,0
2867,135,4,5569,1,55,0
2868,135,4,5592,1,53,0
2869,135,4,5495,1,72,0
2870,135,4,5620,1,69,0
2871,135,4,5094,1,177,0
2872,135,4,5506,1,82,0
2873,135,4,5586,1,58,0
2874,135,4,5261,1,133,0
2875,135,4,5541,1,65,0
2876,136,3,3299,0,1001,0
2877,136,4,5453,1,88,0
2878,136,4,5626,1,46,0
2879,136,4,5615,1,47,0
2880,136,4,5590,1,54,0
2881,136,4,5500,1,73,0
2882,136,4,5618,1,47,0
2883,136,4,5582,1,56,0
2884,136,4,5405,1,112,0
2885,136,4,5580,1,61,0
2886,136,4,5390,1,122,0
2887,136,4,5690,1,53,0
2888,136,4,5541,1,68,0
2889,136,4,5565,1,66,0
2890,136,4,5428,1,95,0
2891,136,4,5579,1,56,0
2892,136,4,5563,1,64,0
2893,136,4,5498,1,77,0
2894,136,4,5592,1,59,0
2895,136,4,5630,1,45,0
2896,136,4,5589,1,54,0
2897,136,4,5599,1,51,0
2898,136,4,5526,1,78,0
2899,136,4,5314,1,143,0
2900,136,4,5639,1,42,1
2901,136,4,5624,1,48,0
2902,136,4,5591,1,56,0
2903,136,4,5570,1,66,0
2904,136,4,5570,1,61,0
2905,136,4,5557,1,69,0
2906,136,4,5293,1,155,0
2907,136,4,5620,1,47,0
2908,136,4,5490,1,74,0
2909,136,4,5543,1,77,0
2910,136,4,5464,1,93,0
2911,136,4,5394,1,116,0
2912,136,4,5604,1,51,0
2913,136,4,5312,1,150,0
2914,136,4,5342,1,135,0
2915,137,1,1178,0,1001,0
2916,137,4,5192,1,181,0
2917,137,4,5401,1,118,0
2918,137,4,5319,1,138,0
2919,137,4,5227,1,176,0
2920,137,4,5554,1,69,0
2921,137,4,5604,1,50,0
2922,137,4,5554,1,93,0
2923,137,4,5563,1,60,0
2924,137,4,5540,1,69,0
2925,137,4,5407,1,96,0
2926,137,4,5610,1,53,0
2927,137,4,5030,1,165,0
2928,137,4,5593,1,54,0
2929,137,4,5495,1,82,0
2930,137,4,5478,1,82,0
2931,137,4,5622,1,65,0
2932,137,4,5406,1,108,0
2933,137,4,5619,1,48,0
2934,137,4,5481,1,80,0
2935,137,4,5618,1,47,0
2936,137,4,5602,1,54,0
2937,137,4,4655,1,384,0
2938,137,4,5277,1,161,0
2939,138,4,5580,1,62,0
2940,138,4,5498,1,80,0
2941,138,4,5575,1,55,0
2942,138,4,5524,1,71,0
2943,138,4,5600,1,50,0
2944,138,4,5480,1,85,0
2945,138,4,5590,1,52,0
2946,138,4,5624,1,45,0
2947,138,4,5621,1,48,0
2948,138,4,5502,1,80,0
2949,138,4,5524,1,65,0
2950,138,4,5620,1,47,0
2951,138,4,5520,1,76,0
2952,138,4,5503,1,75,0
2953,138,4,5583,1,54,0
2954,138,4,5617,1,46,0
2955,138,4,5639,1,41,0
2956,138,4,5618,1,48,0
2957,138,4,5532,1,91,0
2958,138,4,5476,1,80,0
2959,138,4,5509,1,76,0
2960,138,4,5683,1,60,0
2961,138,4,5615,1,52,0
2962,138,4,5297,1,131,0
2963,138,4,5414,1,86,0
2964,138,4,5545,1,70,0
2965,138,4,5572,1,59,0
2966,138,4,5580,1,54,0
2967,138,4,5461,1,96,0
2968,138,4,5562,1,61,0
2969,138,4,5283,1,126,0
2970,138,4,5476,1,98,0
2971,138,4,5591,1,55,0
2972,138,4,5608,1,52,0
2973,138,4,5581,1,55,0
2974,138,4,5224,1,132,0
2975,138,4,5331,1,118,0
2976,138,4,5628,1,46,0
2977,138,4,5573,1,59,0
2978,138,4,5609,1,52,0
2979,138,4,5610,1,51,0
2980,138,4,5572,1,58,0
2981,138,4,5545,1,73,0
2982,138,4,5591,1,54,0
2983,138,4,5600,1,51,0
2984,138,4,5462,1,76,0
2985,139,4,5409,1,86,0
2986,139,4,5623,1,46,0
2987,139,4,5581,1,57,0
2988,139,4,5458,1,87,0
2989,139,3,3500,0,1001,0
2990,139,4,5341,1,139,0
2991,139,4,5594,1,59,0
2992,139,4,5076,1,204,0
2993,139,4,5636,1,43,0
2994,139,4,5577,1,58,0
2995,139,4,5497,1,85,0
2996,139,4,5558,1,65,0
2997,139,4,4915,1,227,0
2998,139,4,5619,1,45,0
2999,139,4,5388,1,93,0
3000,139,4,5639,1,42,1
3001,139,4,5580,1,61,0
3002,139,4,5607,1,47,0
3003,139,4,5571,1,58,0
3004,139,4,5468,1,91,0
3005,139,4,5408,1,101,0
3006,139,4,5284,1,129,0
3007,139,4,5522,1,91,0
3008,139,4,5679,1,56,0
3009,139,4,5561,1,66,0
3010,139,4,5614,1,49,0
3011,139,4,5600,1,52,0
3012,139,4,5509,1,72,0
3013,140,4,5501,1,74,0
3014,140,4,5518,1,76,0
3015,140,4,5596,1,51,0
3016,140,4,5598,1,56,0
3017,140,4,5579,1,59,0
3018,140,4,5598,1,55,0
3019,140,4,5314,1,130,0
3020,140,4,5607,1,52,0
3021,140,4,5075,1,242,0
3022,140,4,5517,1,73,0
3023,140,4,5482,1,102,0
3024,140,4,5531,1,68,0
3025,140,4,5375,1,104,0
3026,140,4,5145,1,165,0
3027,140,4,5469,1,95,0
3028,140,4,5620,1,47,0
3029,140,4,5510,1,82,0
3030,140,4,5588,1,56,0
3031,140,4,5615,1,47,0
3032,140,4,5557,1,63,0
3033,140,4,5457,1,94,0
3034,140,4,5585,1,56,0
3035,140,3,3493,0,1001,0
3036,140,4,5578,1,66,0
3037,140,4,5556,1,63,0
3038,140,4,5551,1,64,0
3039,140,4,5619,1,46,0
3040,140,4,5563,1,59,0
3041,141,4,5602,1,50,0
3042,141,4,5544,1,65,0
3043,141,4,5552,1,66,0
3044,141,4,5443,1,97,0
3045,141,1,1182,0,1001,0
3046,141,4,5593,1,52,0
3047,141,4,5596,1,54,0
3048,141,4,5628,1,46,0
3049,141,4,5628,1,48,0
3050,141,4,5577,1,58,0
3051,141,4,5569,1,75,0
3052,141,4,5590,1,56,0
3053,141,4,5493,1,77,0
3054,141,4,5442,1,84,0
3055,141,4,5557,1,62,0
3056,141,4,5267,1,137,0
3057,141,4,5569,1,73,0
3058,141,4,5552,1,68,0
3059,141,4,5587,1,58,0
3060,141,4,5639,1,42,0
3061,141,4,5533,1,76,0
3062,141,4,5613,1,50,0
3063,141,4,5497,1,85,0
3064,141,4,5444,1,104,0
3065,141,4,5528,1,67,0
3066,142,3,3500,0,1001,0
3067,142,4,5547,1,66,0
3068,142,4,5528,1,79,0
3069,142,4,5540,1,66,0
3070,142,4,5544,1,74,0
3071,142,4,5511,1,81,0
3072,142,4,5609,1,49,0
3073,142,4,5582,1,55,0
3074,142,4,5593,1,54,0
3075,142,4,5554,1,63,0
3076,142,4,5504,1,88,0
3077,142,4,5571,1,56,0
3078,142,4,5564,1,59,0
3079,142,4,5451,1,93,0
3080,142,4,5528,1,68,0
3081,142,4,5544,1,68,0
3082,142,4,5575,1,56,0
3083,142,4,5495,1,78,0
3084,142,4,5598,1,55,0
3085,142,4,5524,1,69,0
3086,142,4,5598,1,56,0
3087,142,4,5540,1,69,0
3088,142,4,5385,1,103,0
3089,142,4,5620,1,48,0
3090,142,4,5622,1,47,0
3091,142,4,5527,1,68,0
3092,142,4,5404,1,101,0
3093,142,4,5622,1,45,0
3094,142,4,5454,1,95,0
3095,142,4,4811,1,206,0
3096,142,4,5625,1,44,0
3097,142,4,5575,1,59,0
3098,142,4,5558,1,66,0
3099,142,4,5685,1,58,0
3100,142,4,5639,1,42,1
3101,142,4,5562,1,63,0
3102,142,4,5553,1,65,0
3103,142,4,5564,1,71,0
3104,142,4,5370,1,115,0
3105,143,4,5571,1,64,0
3106,143,4,5549,1,65,0
3107,143,4,5524,1,68,0
3108,143,4,5613,1,47,0
3109,143,4,5533,1,87,0
3110,143,4,5608,1,48,0
3111,143,4,5601,1,52,0
3112,143,4,5656,1,66,0
3113,143,4,5594,1,57,0
3114,143,4,5585,1,57,0
3115,143,4,5408,1,101,0
3116,143,4,5585,1,58,0
3117,143,4,5618,1,47,0
3118,143,4,5479,1,80,0
3119,143,4,5586,1,55,0
3120,143,4,5343,1,107,0
3121,143,4,5638,1,43,0
3122,143,4,5617,1,48,0
3123,143,4,5460,1,91,0
3124,143,4,5607,1,68,0
3125,143,4,5550,1,68,0
3126,143,4,5379,1,121,0
3127,143,4,5613,1,50,0
3128,143,4,5621,1,47,0
3129,143,4,5518,1,69,0
3130,143,4,5547,1,67,0
3131,143,4,5615,1,49,0
3132,143,4,5614,1,51,0
3133,143,4,5586,1,54,0
3134,143,4,5475,1,75,0
3135,143,4,5519,1,77,0
3136,143,4,5599,1,52,0
3137,143,4,5686,1,56,0
3138,143,4,5319,1,113,0
3139,143,4,5231,1,144,0
3140,143,4,4932,1,216,0
3141,143,4,5626,1,46,0
3142,143,4,5064,1,235,0
3143,143,4,5605,1,49,0
3144,143,4,5569,1,60,0
3145,143,4,5407,1,98,0
3146,143,4,5490,1,73,0
3147,144,4,5620,1,50,0
3148,144,4,5559,1,66,0
3149,144,4,5619,1,48,0
3150,144,4,5585,1,58,0
3151,144,4,4949,1,219,0
3152,144,4,5562,1,70,0
3153,144,4,5580,1,57,0
3154,144,4,5599,1,56,0
3155,144,4,5544,1,68,0
3156,144,4,5528,1,71,0
3157,144,4,5601,1,53,0
3158,144,4,5064,1,155,0
3159,144,4,5559,1,57,0
3160,144,4,5505,1,79,0
3161,144,4,5502,1,85,0
3162,144,4,5210,1,145,0
3163,144,4,5604,1,50,0
3164,144,4,5506,1,78,0
3165,144,1,1187,0,1001,0
3166,144,4,5611,1,50,0
3167,144,4,5627,1,46,0
3168,144,4,5582,1,58,0
3169,144,4,5528,1,72,0
3170,144,4,5559,1,65,0
3171,144,4,5133,1,195,0
3172,145,2,2352,0,1001,0
3173,145,4,5163,1,198,0
3174,145,4,5267,1,200,0
3175,145,4,5442,1,99,0
3176,145,4,5535,1,72,0
3177,145,4,5358,1,108,0
3178,145,4,5603,1,50,0
3179,145,4,5525,1,74,0
3180,145,1,1188,0,1001,0
3181,145,4,5615,1,50,0
3182,145,4,5355,1,122,0
3183,145,4,5383,1,107,0
3184,145,4,5158,1,161,0
3185,146,1,1183,0,1001,0
3186,146,4,5421,1,112,0
3187,146,4,5591,1,54,0
3188,146,4,5634,1,43,0
3189,146,4,5512,1,76,0
3190,146,4,5108,1,209,0
3191,146,4,5458,1,96,0
3192,146,4,5264,1,165,0
3193,146,4,5035,1,234,0
3194,146,4,5141,1,161,0
3195,146,4,5441,1,110,0
3196,146,4,5624,1,46,0
3197,146,4,5322,1,146,0
3198,146,4,5408,1,129,0
3199,146,4,5395,1,115,0
3200,147,2,2461,0,1001,1
3201,147,4,4882,1,309,0
3202,147,4,5605,1,53,0
3203,147,4,5415,1,122,0
3204,147,4,5582,1,56,0
3205,147,1,1175,0,1001,0
3206,147,4,5194,1,147,0
3207,147,4,5492,1,93,0
3208,147,4,5556,1,60,0
3209,147,4,5459,1,93,0
3210,147,4,5629,1,44,0
3211,147,4,5546,1,64,0
3212,147,4,5492,1,82,0
3213,147,4,5548,1,65,0
3214,147,4,5486,1,91,0
3215,147,4,5579,1,55,0
3216,148,3,3490,0,1001,0
3217,148,4,5617,1,47,0
3218,148,4,5391,1,88,0
3219,148,4,5592,1,51,0
3220,148,4,5606,1,50,0
3221,148,4,5584,1,58,0
3222,148,4,5524,1,72,0
3223,148,4,5469,1,81,0
3224,148,1,1283,0,1001,0
3225,148,4,5471,1,92,0
3226,148,4,5434,1,88,0
3227,148,4,5527,1,67,0
3228,148,4,5580,1,57,0
3229,148,4,5659,1,59,0
3230,148,4,5593,1,54,0
3231,148,4,5593,1,54,0
3232,148,4,5562,1,62,0
3233,148,4,5624,1,44,0
3234,148,4,5578,1,63,0
3235,149,1,1187,0,1001,0
3236,149,4,5617,1,48,0
3237,149,4,5466,1,94,0
3238,149,4,5545,1,60,0
3239,149,4,5588,1,54,0
3240,149,4,5599,1,51,0
3241,149,4,5401,1,98,0
3242,149,4,5523,1,68,0
3243,149,2,2336,0,1001,0
3244,149,4,5551,1,69,0
3245,149,4,5608,1,49,0
3246,149,4,5625,1,44,0
3247,149,4,5592,1,52,0
3248,149,4,5126,1,170,0
3249,149,4,5558,1,66,0
3250,149,4,5548,1,67,0
3251,150,2,2350,0,1001,0
3252,150,4,5401,1,116,0
3253,150,4,5503,1,66,0
3254,150,4,4886,1,227,0
3255,150,4,5506,1,75,0
3256,150,4,5597,1,50,0
3257,150,4,5568,1,64,0
3258,150,4,5577,1,57,0
3259,150,4,5605,1,51,0
3260,150,4,5547,1,63,0
3261,150,4,5526,1,70,0
3262,150,4,5606,1,52,0
3263,150,4,5468,1,90,0
3264,150,4,5584,1,55,0
3265,150,4,5534,1,66,0
3266,150,4,5484,1,81,0
3267,150,4,4736,1,353,0
3268,150,4,5673,1,54,0
3269,150,4,5623,1,45,0
3270,150,4,5311,1,149,0
3271,150,4,5610,1,48,0
3272,150,4,5532,1,71,0
3273,150,4,5500,1,81,0
3274,150,4,5605,1,51,0
3275,150,4,5566,1,85,0
3276,151,1,1183,0,1001,0
3277,151,4,5107,1,153,0
3278,151,4,5558,1,58,0
3279,151,4,5587,1,55,0
3280,151,4,5591,1,51,0
3281,151,4,5541,1,63,0
3282,151,4,5611,1,49,0
3283,151,4,5513,1,77,0
3284,151,4,5580,1,58,0
3285,151,4,5604,1,50,0
3286,151,4,5326,1,124,0
3287,151,4,5544,1,66,0
3288,151,4,5570,1,61,0
3289,151,4,5548,1,64,0
3290,151,4,5128,1,177,0
3291,151,4,5568,1,56,0
3292,151,4,5402,1,99,0
3293,151,4,5602,1,52,0
3294,151,4,5629,1,43,0
3295,151,4,5537,1,67,0
3296,151,4,5619,1,47,0
3297,151,4,5556,1,75,0
3298,151,4,5579,1,58,0
3299,151,4,5586,1,58,0
3300,151,1,1287,0,1001,1
3301,151,4,5176,1,190,0
3302,151,4,5559,1,61,0
3303,151,4,5526,1,68,0
3304,152,4,5388,1,113,0
3305,152,4,5589,1,58,0
3306,152,4,5578,1,56,0
3307,152,4,5625,1,45,0
3308,152,4,5597,1,53,0
3309,152,4,5462,1,106,0
3310,152,4,5436,1,89,0
3311,152,4,5511,1,68,0
3312,152,4,5600,1,51,0
3313,152,4,5328,1,141,0
3314,152,4,5266,1,164,0
3315,152,4,5249,1,121,0
3316,152,1,1154,0,1001,0
3317,152,4,5343,1,134,0
3318,152,4,5573,1,63,0
3319,152,4,5332,1,109,0
3320,152,4,5461,1,80,0
3321,152,4,5196,1,139,0
3322,152,4,5279,1,132,0
3323,152,4,4921,1,194,0
3324,152,4,5467,1,82,0
3325,152,4,5563,1,59,0
3326,152,4,5287,1,141,0
3327,153,4,5160,1,157,0
3328,153,4,5009,1,279,0
3329,153,3,3474,0,1001,0
3330,153,4,5573,1,61,0
3331,153,4,5620,1,47,0
3332,153,4,5610,1,71,0
3333,153,4,5628,1,43,0
3334,153,4,5368,1,114,0
3335,153,4,5564,1,62,0
3336,153,4,5513,1,71,0
3337,153,4,5621,1,46,0
3338,153,4,5499,1,78,0
3339,153,4,4970,1,224,0
3340,153,4,5627,1,43,0
3341,153,4,5578,1,56,0
3342,153,4,5131,1,162,0
3343,153,4,5296,1,148,0
3344,153,4,5643,1,40,0
3345,153,4,5575,1,63,0
3346,153,4,5392,1,120,0
3347,153,4,4654,1,314,0
3348,153,4,5611,1,50,0
3349,154,4,5208,1,185,0
3350,154,4,5238,1,158,0
3351,154,4,5468,1,94,0
3352,154,4,5340,1,127,0
3353,154,4,5009,1,254,0
3354,154,4,5002,1,201,0
3355,154,4,5521,1,75,0
3356,154,4,4804,1,234,0
3357,154,4,5601,1,55,0
3358,154,4,4968,1,259,0
3359,154,4,5343,1,125,0
3360,154,4,5244,1,153,0
3361,154,4,5496,1,81,0
3362,154,4,5434,1,100,0
3363,154,4,5637,1,44,0
3364,154,4,5588,1,54,0
3365,154,4,5505,1,84,0
3366,154,4,5521,1,73,0
3367,154,4,5145,1,186,0
3368,154,4,5042,1,162,0
3369,154,4,5570,1,70,0
3370,154,4,5465,1,89,0
3371,154,4,5120,1,170,0
3372,154,4,5564,1,60,0
3373,155,4,4304,1,400,0
3374,155,4,4940,1,245,0
3375,155,4,5404,1,114,0
3376,155,4,5578,1,54,0
3377,155,4,5567,1,61,0
3378,155,4,5434,1,91,0
3379,155,4,4987,1,205,0
3380,155,4,4993,1,207,0
3381,155,4,5616,1,49,0
3382,155,4,5433,1,100,0
3383,155,4,5568,1,61,0
3384,155,4,4865,1,238,0
3385,155,4,5568,1,60,0
3386,155,4,5614,1,50,0
3387,155,3,3447,0,1001,0
3388,155,4,5492,1,78,0
3389,155,4,5161,1,158,0
3390,155,4,5522,1,69,0
3391,156,4,5432,1,97,0
3392,156,4,5600,1,52,0
3393,156,4,5344,1,120,0
3394,156,4,5032,1,187,0
3395,156,4,5261,1,135,0
3396,156,4,5417,1,88,0
3397,156,4,4691,1,261,0
3398,156,4,5310,1,122,0
3399,156,4,5613,1,47,0
3400,156,1,1189,0,1001,1
3401,156,4,5060,1,181,0
3402,156,4,5534,1,67,0
3403,156,4,5641,1,42,0
3404,156,4,5480,1,81,0
3405,156,4,5590,1,56,0
3406,156,4,5578,1,61,0
3407,156,4,5534,1,72,0
3408,156,4,5579,1,54,0
3409,156,4,5378,1,128,0
3410,156,4,5220,1,175,0
3411,156,4,5259,1,149,0
3412,157,4,5490,1,83,0
3413,157,4,5444,1,124,0
3414,157,4,5520,1,73,0
3415,157,4,5510,1,85,0
3416,157,4,5590,1,53,0
3417,157,4,5270,1,131,0
3418,157,4,5064,1,180,0
3419,157,4,5503,1,85,0
3420,157,4,5616,1,44,0
3421,157,4,5472,1,93,0
3422,157,4,5553,1,76,0
3423,157,4,5583,1,55,0
3424,157,4,5416,1,96,0
3425,157,4,5406,1,111,0
3426,157,4,5624,1,48,0
3427,157,4,5450,1,103,0
3428,157,4,4794,1,277,0
3429,157,4,5575,1,55,0
3430,157,4,5540,1,72,0
3431,157,4,5565,1,61,0
3432,157,4,5228,1,161,0
3433,157,4,5562,1,59,0
3434,157,4,5039,1,198,0
3435,157,4,5599,1,51,0
3436,157,4,5611,1,48,0
3437,157,4,5593,1,54,0
3438,157,4,5637,1,42,0
3439,157,4,5546,1,65,0
3440,157,4,5521,1,67,0
3441,157,4,5429,1,90,0
3442,157,4,5640,1,41,0
3443,157,4,5584,1,55,0
3444,157,4,5285,1,136,0
3445,157,4,5476,1,88,0
3446,157,4,5534,1,68,0
3447,157,4,5620,1,46,0
3448,157,4,5588,1,53,0
3449,158,4,5511,1,81,0
3450,158,4,5562,1,65,0
3451,158,4,5545,1,70,0
3452,158,4,5599,1,53,0
3453,158,4,5352,1,141,0
3454,158,4,5427,1,108,0
3455,158,4,5493,1,82,0
3456,158,4,5466,1,81,0
3457,158,4,4937,1,284,0
3458,158,4,5379,1,119,0
3459,158,4,5559,1,61,0
3460,158,4,5081,1,146,0
3461,158,4,5489,1,138,0
3462,158,4,5487,1,82,0
3463,158,4,5243,1,173,0
3464,158,4,5375,1,124,0
3465,158,4,5410,1,110,0
3466,158,4,5418,1,93,0
3467,158,4,5504,1,86,0
3468,158,4,4989,1,257,0
3469,158,4,4329,1,564,0
3470,158,4,5537,1,73,0
3471,158,4,5410,1,113,0
3472,158,4,5318,1,103,0
3473,159,4,4938,1,181,0
3474,159,4,5358,1,130,0
3475,159,4,5319,1,117,0
3476,159,4,5545,1,59,0
3477,159,4,5253,1,119,0
3478,159,4,5396,1,95,0
3479,159,4,4624,1,254,0
3480,159,4,5590,1,53,0
3481,159,4,5511,1,76,0
3482,159,4,5627,1,70,0
3483,159,4,5525,1,70,0
3484,159,4,5578,1,58,0
3485,159,4,5532,1,68,0
3486,159,4,5572,1,54,0
3487,159,4,5452,1,84,0
3488,159,4,5504,1,74,0
3489,159,4,5524,1,69,0
3490,159,4,5493,1,75,0
3491,159,4,5519,1,68,0
3492,159,4,5525,1,65,0
3493,159,4,5628,1,47,0
3494,159,4,5367,1,104,0
3495,159,4,5580,1,53,0
3496,159,4,5426,1,97,0
3497,159,4,5203,1,147,0
3498,159,4,5573,1,66,0
3499,159,4,5625,1,44,0
3500,159,4,5655,1,37,1
3501,159,4,5471,1,105,0
3502,159,4,5508,1,83,0
3503,159,4,5513,1,74,0
3504,159,4,5544,1,66,0
3505,159,4,5608,1,49,0
3506,159,4,5622,1,44,0
3507,159,4,5551,1,64,0
3508,159,4,5618,1,51,0
3509,159,4,5640,1,41,0
3510,159,4,5638,1,41,0
3511,159,4,5443,1,95,0
3512,159,4,5600,1,49,0
3513,160,4,5647,1,41,0
3514,160,4,5431,1,100,0
3515,160,4,5517,1,80,0
3516,160,4,5625,1,47,0
3517,160,4,5620,1,45,0
3518,160,4,5553,1,64,0
3519,160,4,5617,1,47,0
3520,160,4,5571,1,56,0
3521,160,4,5574,1,60,0
3522,160,4,5605,1,49,0
3523,160,4,5399,1,115,0
3524,160,4,5016,1,161,0
3525,160,4,5506,1,66,0
3526,160,4,5467,1,76,0
3527,160,4,5635,1,43,0
3528,160,4,5405,1,119,0
3529,160,4,5253,1,171,0
3530,160,4,5550,1,70,0
3531,160,4,5499,1,82,0
3532,160,4,4124,1,483,0
3533,160,4,5507,1,80,0
3534,160,4,5518,1,73,0
3535,160,1,1186,0,1001,0
3536,161,4,5008,1,205,0
3537,161,4,5348,1,108,0
3538,161,4,5520,1,76,0
3539,161,4,5305,1,108,0
3540,161,4,5411,1,87,0
3541,161,4,5297,1,106,0
3542,161,4,5502,1,80,0
3543,161,4,5204,1,125,0
3544,161,4,5604,1,56,0
3545,161,4,5345,1,109,0
3546,161,4,5589,1,55,0
3547,161,4,5287,1,124,0
3548,161,4,5226,1,151,0
3549,161,4,5056,1,199,0
3550,161,4,5472,1,72,0
3551,161,4,4850,1,197,0
3552,161,4,4844,1,236,0
3553,161,4,5360,1,96,0
3554,161,4,4978,1,175,0
3555,161,4,5446,1,77,0
3556,161,4,5553,1,64,0
3557,161,4,5403,1,113,0
3558,161,4,5238,1,118,0
3559,161,4,4949,1,181,0
3560,161,4,5442,1,102,0
3561,161,4,5607,1,49,0
3562,161,4,5464,1,89,0
3563,162,4,5270,1,122,0
3564,162,4,5358,1,97,0
3565,162,4,5374,1,95,0
3566,162,4,5288,1,110,0
3567,162,4,5195,1,142,0
3568,162,4,5503,1,88,0
3569,162,4,4850,1,213,0
3570,162,4,5062,1,160,0
3571,162,4,5254,1,153,0
3572,162,4,5519,1,69,0
3573,162,4,5096,1,165,0
3574,162,4,5482,1,93,0
3575,162,4,5508,1,77,0
3576,162,4,5549,1,62,0
3577,162,4,5456,1,96,0
3578,162,4,5583,1,57,0
3579,162,4,5299,1,125,0
3580,162,4,5403,1,89,0
3581,162,4,5052,1,196,0
3582,162,4,5363,1,106,0
3583,162,4,5417,1,110,0
3584,162,4,4917,1,189,0
3585,162,4,5302,1,152,0
3586,162,4,5548,1,66,0
3587,162,4,5578,1,58,0
3588,162,4,5517,1,105,0
3589,162,4,5518,1,72,0
3590,162,4,5612,1,48,0
3591,162,4,5448,1,101,0
3592,163,4,5151,1,158,0
3593,163,4,5436,1,114,0
3594,163,4,4992,1,252,0
3595,163,4,5531,1,75,0
3596,163,4,5396,1,115,0
3597,163,4,5503,1,83,0
3598,163,4,5589,1,56,0
3599,163,4,5567,1,63,0
3600,163,2,2364,0,1001,1
3601,163,4,5533,1,71,0
3602,163,4,5511,1,74,0
3603,163,4,5554,1,61,0
3604,163,4,5496,1,75,0
3605,163,4,5494,1,84,0
3606,163,4,5535,1,69,0
3607,163,4,5522,1,75,0
3608,163,4,5530,1,74,0
3609,164,1,998,0,1001,0
3610,164,4,5423,1,113,0
3611,164,4,5634,1,44,0
3612,164,4,5194,1,139,0
3613,164,4,5426,1,107,0
3614,164,4,5557,1,68,0
3615,164,4,5414,1,85,0
3616,164,4,5553,1,62,0
3617,164,4,5029,1,181,0
3618,164,4,5563,1,62,0
3619,164,4,5352,1,111,0
3620,164,4,5536,1,67,0
3621,164,1,1183,0,1001,0
3622,164,4,5549,1,68,0
3623,164,4,5446,1,103,0
3624,164,4,5547,1,71,0
3625,165,3,3504,0,1001,0
3626,165,4,4927,1,231,0
3627,165,4,5504,1,74,0
3628,165,4,4279,1,395,0
3629,165,4,5567,1,62,0
3630,165,1,1185,0,1001,0
3631,165,4,5510,1,75,0
3632,165,4,5507,1,80,0
3633,165,4,4604,1,262,0
3634,165,4,5505,1,86,0
3635,165,4,5380,1,113,0
3636,165,4,5492,1,78,0
3637,165,4,5551,1,68,0
3638,165,4,5535,1,66,0
3639,165,4,5529,1,74,0
3640,165,4,5577,1,60,0
3641,165,4,5434,1,95,0
3642,166,4,5585,1,54,0
3643,166,4,5544,1,66,0
3644,166,4,5578,1,58,0
3645,166,4,5470,1,81,0
3646,166,4,5533,1,63,0
3647,166,4,4754,1,219,0
3648,166,4,5583,1,55,0
3649,166,4,5542,1,64,0
3650,166,4,5469,1,83,0
3651,166,4,5575,1,57,0
3652,166,4,5591,1,56,0
3653,166,4,5496,1,81,0
3654,166,4,5394,1,98,0
3655,166,4,5500,1,73,0
3656,166,4,5618,1,48,0
3657,166,4,5471,1,77,0
3658,166,4,5370,1,104,0
3659,166,4,5549,1,63,0
3660,166,4,5529,1,66,0
3661,166,4,5655,1,37,0
3662,166,4,5523,1,64,0
3663,166,4,4998,1,168,0
3664,166,4,5539,1,66,0
3665,166,4,5219,1,138,0
3666,166,4,5543,1,66,0
3667,166,4,5532,1,73,0
3668,166,4,5547,1,65,0
3669,166,4,5191,1,133,0
3670,166,4,5152,1,146,0
3671,166,4,5594,1,52,0
3672,166,4,5583,1,55,0
3673,166,4,5615,1,49,0
3674,166,4,5028,1,183,0
3675,166,4,5579,1,56,0
3676,166,4,5549,1,58,0
3677,166,4,5622,1,45,0
3678,166,4,5368,1,105,0
3679,166,4,5551,1,61,0
3680,166,4,5384,1,89,0
3681,166,4,5609,1,52,0
3682,167,4,4959,1,178,0
3683,167,4,5489,1,78,0
3684,167,4,5521,1,69,0
3685,167,4,5590,1,52,0
3686,167,3,3482,0,1001,0
3687,167,4,5491,1,81,0
3688,167,4,5609,1,51,0
3689,167,4,5616,1,49,0
3690,167,4,5539,1,67,0
3691,167,4,5603,1,54,0
3692,167,4,5577,1,57,0
3693,167,4,5634,1,43,0
3694,167,4,5543,1,68,0
3695,167,4,5604,1,58,0
3696,167,4,5596,1,53,0
3697,167,4,5568,1,63,0
3698,167,4,5593,1,53,0
3699,167,4,5626,1,44,0
3700,167,4,5645,1,40,1
3701,167,4,5571,1,59,0
3702,167,4,5630,1,44,0
3703,167,4,5451,1,91,0
3704,167,4,5592,1,57,0
3705,167,4,5536,1,68,0
3706,167,4,5613,1,48,0
3707,167,4,5423,1,103,0
3708,167,4,5572,1,55,0
3709,167,4,5616,1,49,0
3710,167,4,5543,1,69,0
3711,167,4,5632,1,71,0
3712,167,4,5683,1,51,0
3713,167,4,5139,1,169,0
3714,167,4,5661,1,63,0
3715,167,4,5624,1,51,0
3716,168,4,5559,1,60,0
3717,168,4,5560,1,88,0
3718,168,4,5364,1,159,0
3719,168,4,4623,1,308,0
3720,168,4,5210,1,184,0
3721,168,4,5567,1,58,0
3722,168,4,5649,1,65,0
3723,168,4,5487,1,79,0
3724,168,4,5488,1,105,0
3725,168,4,5607,1,54,0
3726,168,4,5461,1,110,0
3727,168,4,5393,1,130,0
3728,168,4,5199,1,149,0
3729,168,4,4992,1,225,0
3730,168,4,5211,1,168,0
3731,168,4,3876,1,561,0
3732,168,4,5663,1,59,0
3733,168,4,5213,1,153,0
3734,168,4,5560,1,62,0
3735,168,4,5393,1,109,0
3736,168,4,5572,1,77,0
3737,168,4,5463,1,107,0
3738,169,4,5029,1,196,0
3739,169,4,5543,1,84,0
3740,169,4,5450,1,99,0
3741,169,4,5512,1,68,0
3742,169,4,5102,1,177,0
3743,169,4,4605,1,283,0
3744,169,4,5126,1,216,0
3745,169,4,5120,1,219,0
3746,169,4,5348,1,120,0
3747,169,4,5252,1,124,0
3748,169,4,5627,1,45,0
3749,169,4,5498,1,73,0
3750,169,4,5621,1,44,0
3751,169,4,5556,1,62,0
3752,169,4,5540,1,69,0
3753,169,4,5362,1,118,0
3754,169,4,5561,1,68,0
3755,169,4,5642,1,41,0
3756,169,4,5495,1,91,0
3757,169,4,5624,1,44,0
3758,169,4,5583,1,55,0
3759,169,4,5597,1,56,0
3760,169,4,5498,1,88,0
3761,169,4,5639,1,42,0
3762,169,4,5584,1,56,0
3763,169,4,5582,1,55,0
3764,169,4,5601,1,53,0
3765,169,4,5602,1,51,0
3766,169,4,5608,1,51,0
3767,169,4,5607,1,49,0
3768,169,4,5541,1,70,0
3769,169,4,5572,1,57,0
3770,169,4,5597,1,56,0
3771,169,4,5584,1,59,0
3772,169,4,5607,1,47,0
3773,169,4,5589,1,56,0
3774,169,4,5499,1,79,0
3775,169,4,5615,1,45,0
3776,170,4,5312,1,128,0
3777,170,4,5613,1,47,0
3778,170,4,5594,1,72,0
3779,170,4,5277,1,129,0
3780,170,4,5614,1,46,0
3781,170,4,5581,1,61,0
3782,170,4,5493,1,78,0
3783,170,4,5622,1,49,0
3784,170,4,5608,1,54,0
3785,170,4,5621,1,46,0
3786,170,4,5556,1,68,0
3787,170,4,5582,1,53,0
3788,170,4,5575,1,57,0
3789,170,4,5605,1,50,0
3790,170,4,5333,1,136,0
3791,170,4,5547,1,60,0
3792,170,4,5408,1,90,0
3793,170,4,5449,1,125,0
3794,170,4,5304,1,103,0
3795,170,4,4929,1,198,0
3796,170,4,5420,1,84,0
3797,170,4,5190,1,147,0
3798,170,4,4460,1,305,0
3799,170,4,5249,1,120,0
3800,171,0,99,0,1001,1
3801,171,4,4976,1,173,0
3802,171,4,5491,1,93,0
3803,171,4,5022,1,184,0
3804,171,4,5561,1,60,0
3805,171,4,5461,1,110,0
3806,171,4,5459,1,75,0
3807,171,4,5560,1,62,0
3808,171,4,5464,1,75,0
3809,171,4,5285,1,110,0
3810,171,4,4742,1,260,0
3811,171,4,5579,1,82,0
3812,171,4,5357,1,93,0
3813,171,4,5411,1,92,0
3814,171,4,5393,1,102,0
3815,171,4,5211,1,148,0
3816,171,4,5283,1,108,0
3817,171,4,5172,1,154,0
3818,171,4,5523,1,64,0
3819,171,3,3174,0,1001,0
3820,171,4,5512,1,69,0
3821,172,4,4810,1,206,0
3822,172,4,5183,1,151,0
3823,172,4,5482,1,91,0
3824,172,4,5580,1,61,0
3825,172,4,5592,1,76,0
3826,172,4,4383,1,334,0
3827,172,4,5583,1,56,0
3828,172,4,5652,1,62,0
3829,172,4,5251,1,144,0
3830,172,4,5418,1,82,0
3831,172,4,5667,1,61,0
3832,172,4,4511,1,347,0
3833,172,4,5499,1,74,0
3834,172,4,5293,1,128,0
3835,172,4,5524,1,64,0
3836,172,4,5433,1,82,0
3837,172,4,4868,1,211,0
3838,172,4,4952,1,255,0
3839,172,4,5534,1,91,0
3840,172,4,5454,1,129,0
3841,172,4,5075,1,225,0
3842,172,4,5484,1,113,0
3843,172,4,5059,1,154,0
3844,173,4,5617,1,77,0
3845,173,4,5664,1,58,0
3846,173,4,5506,1,97,0
3847,173,4,5677,1,58,0
3848,173,4,5643,1,46,0
3849,173,4,5308,1,133,0
3850,173,4,5402,1,105,0
3851,173,4,5476,1,94,0
3852,173,4,5576,1,74,0
3853,173,4,5629,1,64,0
3854,173,4,5037,1,217,0
3855,173,4,5058,1,176,0
3856,173,4,5685,1,52,0
3857,173,4,5549,1,77,0
3858,173,3,3336,0,1001,0
3859,173,4,5023,1,182,0
3860,173,4,5572,1,64,0
3861,174,3,3023,0,1001,0
3862,174,4,5636,1,43,0
3863,174,4,5656,1,40,0
3864,174,4,5575,1,63,0
3865,174,4,5079,1,173,0
3866,174,4,4565,1,283,0
3867,174,4,5697,1,49,0
3868,174,4,5637,1,41,0
3869,174,4,5617,1,47,0
3870,174,4,5547,1,64,0
3871,174,4,3551,1,577,0
3872,174,4,4246,1,359,0
3873,174,4,5577,1,52,0
3874,174,4,5621,1,46,0
3875,174,4,5256,1,135,0
3876,175,1,1265,0,1001,0
3877,175,4,4628,1,270,0
3878,175,4,5530,1,66,0
3879,175,4,5582,1,76,0
3880,175,4,5627,1,42,0
3881,175,4,4694,1,284,0
3882,175,4,5364,1,92,0
3883,175,4,5640,1,41,0
3884,175,4,5270,1,132,0
3885,175,4,5634,1,45,0
3886,175,4,5649,1,61,0
3887,175,4,5298,1,131,0
3888,175,4,4857,1,222,0
3889,175,4,5400,1,99,0
3890,175,4,5411,1,100,0
3891,175,4,5649,1,41,0
3892,175,4,5546,1,64,0
3893,175,4,5602,1,51,0
3894,175,4,5434,1,79,0
3895,175,4,5642,1,43,0
3896,175,4,5556,1,58,0
3897,175,4,5645,1,41,0
3898,175,4,5641,1,43,0
3899,175,4,5422,1,99,0
3900,176,2,2371,0,1001,1
3901,176,4,5590,1,56,0
3902,176,4,5603,1,51,0
3903,176,4,5608,1,50,0
3904,176,4,5638,1,41,0
3905,176,4,5541,1,72,0
3906,176,4,5584,1,71,0
3907,176,4,5568,1,57,0
3908,176,4,5644,1,41,0
3909,176,4,5644,1,41,0
3910,176,4,5538,1,76,0
3911,176,4,5516,1,70,0
3912,176,4,5566,1,67,0
3913,176,4,5185,1,187,0
3914,176,4,5594,1,56,0
3915,176,4,5420,1,112,0
3916,176,4,5478,1,93,0
3917,176,4,5570,1,66,0
3918,176,4,5565,1,55,0
3919,176,4,5096,1,167,0
3920,176,4,5587,1,54,0
3921,176,4,5593,1,70,0
3922,176,4,4790,1,299,0
3923,176,4,5305,1,150,0
3924,176,4,5609,1,47,0
3925,176,4,4347,1,334,0
3926,176,4,5566,1,81,0
3927,176,4,5345,1,103,0
3928,176,4,5450,1,101,0
3929,176,4,5502,1,67,0
3930,176,4,5385,1,93,0
3931,176,4,5336,1,105,0
3932,176,4,5611,1,48,0
3933,177,4,5563,1,60,0
3934,177,4,5433,1,79,0
3935,177,4,5651,1,39,0
3936,177,4,5049,1,190,0
3937,177,4,5511,1,91,0
3938,177,4,5308,1,145,0
3939,177,4,4854,1,222,0
3940,177,4,4639,1,272,0
3941,177,4,5645,1,62,0
3942,177,4,5242,1,121,0
3943,177,4,4760,1,216,0
3944,177,4,4992,1,189,0
3945,177,4,5571,1,64,0
3946,177,4,5610,1,49,0
3947,177,4,5486,1,86,0
3948,177,4,5620,1,45,0
3949,177,4,5315,1,147,0
3950,177,4,5550,1,65,0
3951,177,4,5416,1,103,0
3952,177,4,5556,1,65,0
3953,177,4,5207,1,144,0
3954,177,4,5048,1,190,0
3955,177,4,5288,1,125,0
3956,177,4,5549,1,86,0
3957,178,3,3516,0,1001,0
3958,178,4,5570,1,75,0
3959,178,4,5028,1,187,0
3960,178,4,5307,1,114,0
3961,178,4,5128,1,143,0
3962,178,4,5630,1,63,0
3963,178,4,5097,1,147,0
3964,178,4,5465,1,105,0
3965,178,4,4952,1,198,0
3966,178,4,5388,1,96,0
3967,178,4,5621,1,47,0
3968,178,4,5515,1,88,0
3969,178,4,4914,1,212,0
3970,178,4,4834,1,230,0
3971,178,4,5211,1,141,0
3972,178,4,5367,1,106,0
3973,178,4,4693,1,229,0
3974,178,4,5313,1,155,0
3975,179,4,4715,1,292,0
3976,179,4,4897,1,231,0
3977,179,4,5654,1,61,0
3978,179,4,5301,1,118,0
3979,179,4,4916,1,264,0
3980,179,4,5237,1,139,0
3981,179,4,5316,1,147,0
3982,179,4,5371,1,118,0
3983,179,4,5146,1,150,0
3984,179,4,5509,1,111,0
3985,179,4,5302,1,140,0
3986,179,4,5531,1,87,0
3987,179,4,5376,1,132,0
3988,179,4,5407,1,99,0
3989,179,4,5361,1,102,0
3990,179,4,4941,1,238,0
3991,179,4,5616,1,65,0
3992,179,4,4543,1,313,0
3993,179,4,4924,1,200,0
3994,179,4,5475,1,117,0
3995,179,4,5476,1,111,0
3996,180,4,5015,1,176,0
3997,180,4,5542,1,63,0
3998,180,4,5324,1,134,0
3999,180,4,5165,1,189,0
4000,180,0,0,0,1001,1
4001,180,4,5156,1,156,0
