1,0,0,182,0,1001,0
2,1,2,1126,0,1001,0
3,1,2,1684,0,1001,0
4,1,1,806,0,1001,0
5,1,4,4770,1,324,0
6,2,4,3954,1,572,0
7,2,3,3119,0,1001,0
8,2,4,3857,1,630,0
9,2,3,2486,0,1001,0
10,3,4,3421,1,982,0
11,3,4,4625,1,391,0
12,3,3,3011,0,1001,0
13,3,4,4101,1,553,0
14,4,2,1865,0,1001,0
15,4,4,5193,1,178,0
16,4,2,2289,0,1001,0
17,4,3,2721,0,1001,0
18,4,4,3787,1,544,0
19,5,4,3996,1,973,0
20,5,4,4877,1,191,0
21,5,4,5139,1,205,0
22,5,4,3978,1,765,0
23,5,4,4269,1,605,0
24,5,4,5206,1,166,0
25,5,2,2257,0,1001,0
26,6,4,4798,1,318,0
27,6,2,2235,0,1001,0
28,6,4,4222,1,392,0
29,6,2,2127,0,1001,0
30,7,2,2094,0,1001,0
31,7,4,4988,1,212,0
32,7,4,4981,1,184,0
33,7,3,2581,0,1001,0
34,7,4,4465,1,434,0
35,7,4,3111,1,996,0
36,8,3,2442,0,1001,0
37,8,2,1596,0,1001,0
38,8,2,2107,0,1001,0
39,9,4,4358,1,408,0
40,9,4,4168,1,598,0
41,9,3,2601,0,1001,0
42,9,3,3008,0,1001,0
43,10,4,3054,1,904,0
44,10,4,4980,1,207,0
45,10,3,2438,0,1001,0
46,10,3,2823,0,1001,0
47,11,4,4680,1,306,0
48,11,1,1069,0,1001,0
49,11,4,4421,1,399,0
50,11,4,4358,1,619,0
51,11,1,1073,0,1001,0
52,12,3,2011,0,1001,0
53,12,3,3283,0,1001,0
54,12,1,1169,0,1001,0
55,13,4,3976,1,701,0
56,13,1,1139,0,1001,0
57,13,3,2369,0,1001,0
58,13,4,5368,1,144,0
59,13,4,4806,1,255,0
60,14,4,4397,1,346,0
61,14,1,1153,0,1001,0
62,14,4,4049,1,455,0
63,14,4,4573,1,375,0
64,14,4,4970,1,202,0
65,14,4,3631,1,594,0
66,15,1,1097,0,1001,0
67,15,4,5126,1,202,0
68,15,4,5070,1,208,0
69,15,4,4088,1,590,0
70,15,4,4808,1,360,0
71,15,3,3254,0,1001,0
72,16,4,4892,1,253,0
73,16,4,3811,1,665,0
74,16,4,4659,1,346,0
75,16,4,4793,1,268,0
76,16,4,4570,1,276,0
77,16,3,2195,0,1001,0
78,16,4,4391,1,359,0
79,17,3,3130,0,1001,0
80,17,4,4620,1,301,0
81,17,4,4927,1,245,0
82,17,4,5289,1,160,0
83,17,4,5048,1,222,0
84,17,4,4852,1,221,0
85,17,4,4637,1,313,0
86,17,4,4020,1,560,0
87,18,4,4374,1,376,0
88,18,4,5492,1,83,0
89,18,4,3271,1,877,0
90,18,4,4433,1,414,0
91,18,4,5156,1,190,0
92,18,4,3959,1,526,0
93,18,4,4631,1,286,0
94,18,4,4703,1,289,0
95,19,2,2079,0,1001,0
96,19,4,4437,1,372,0
97,19,4,5316,1,163,0
98,19,4,5138,1,163,0
99,19,4,5041,1,184,0
100,19,0,0,0,1001,1
101,19,4,4726,1,340,0
102,19,4,4802,1,222,0
103,20,4,4701,1,262,0
104,20,4,4745,1,290,0
105,20,4,4450,1,453,0
106,20,4,5164,1,145,0
107,20,4,5076,1,167,0
108,20,4,5422,1,151,0
109,20,4,4723,1,310,0
110,20,4,5557,1,63,0
111,20,4,5433,1,91,0
112,20,4,5001,1,237,0
113,20,4,5175,1,184,0
114,20,4,5024,1,237,0
115,20,4,4971,1,256,0
116,20,4,5067,1,157,0
117,21,4,5233,1,123,0
118,21,4,5537,1,70,0
119,21,4,5000,1,186,0
120,21,4,5419,1,82,0
121,21,4,5376,1,114,0
122,21,4,5186,1,137,0
123,21,4,5512,1,69,0
124,21,4,5440,1,79,0
125,21,4,5364,1,100,0
126,21,4,5060,1,153,0
127,21,4,5178,1,130,0
128,21,4,5532,1,69,0
129,21,4,4843,1,228,0
130,21,4,5523,1,66,0
131,21,4,5231,1,124,0
132,21,3,3433,0,1001,0
133,21,4,5398,1,96,0
134,22,4,4716,1,227,0
135,22,4,5369,1,96,0
136,22,4,4701,1,251,0
137,22,4,4809,1,226,0
138,22,3,2945,0,1001,0
139,22,4,5188,1,133,0
140,22,4,5172,1,236,0
141,22,4,5504,1,100,0
142,22,4,5067,1,218,0
143,22,4,5463,1,75,0
144,22,4,5431,1,84,0
145,22,4,5242,1,251,0
146,22,4,5206,1,129,0
147,22,4,5591,1,54,0
148,23,4,5580,1,62,0
149,23,4,5530,1,70,0
150,23,4,5003,1,238,0
151,23,4,5565,1,58,0
152,23,4,5453,1,75,0
153,23,4,5542,1,64,0
154,23,4,5483,1,104,0
155,23,4,4933,1,194,0
156,23,4,5158,1,220,0
157,23,4,5373,1,105,0
158,23,4,5433,1,82,0
159,23,4,5539,1,83,0
160,23,4,5181,1,148,0
161,23,4,5326,1,114,0
162,23,4,5368,1,91,0
163,23,4,5235,1,123,0
164,23,4,5465,1,80,0
165,23,4,5455,1,91,0
166,23,4,5496,1,79,0
167,23,4,5388,1,139,0
168,23,4,5607,1,52,0
169,23,4,5004,1,214,0
170,23,4,5451,1,83,0
171,23,4,5288,1,159,0
172,23,4,5412,1,83,0
173,23,4,5255,1,189,0
174,23,4,5456,1,103,0
175,24,4,5183,1,143,0
176,24,4,5252,1,119,0
177,24,4,5160,1,192,0
178,24,4,4954,1,308,0
179,24,4,5206,1,163,0
180,24,4,5439,1,86,0
181,24,3,3166,0,1001,0
182,24,4,5335,1,105,0
183,24,4,3529,1,545,0
184,24,4,5376,1,138,0
185,24,4,5415,1,91,0
186,24,4,5590,1,55,0
187,24,4,4582,1,258,0
188,25,4,5391,1,88,0
189,25,4,5563,1,59,0
190,25,4,5385,1,112,0
191,25,4,5255,1,124,0
192,25,4,5380,1,105,0
193,25,4,5277,1,124,0
194,25,4,5261,1,188,0
195,25,4,5282,1,110,0
196,25,4,4969,1,228,0
197,25,4,4655,1,248,0
198,25,4,5387,1,129,0
199,25,4,4151,1,529,0
200,25,0,0,0,1001,1
201,25,4,5552,1,66,0
202,25,4,5488,1,76,0
203,26,4,5564,1,60,0
204,26,4,5168,1,215,0
205,26,4,5533,1,68,0
206,26,4,4317,1,474,0
207,26,4,5510,1,71,0
208,26,4,5605,1,52,0
209,26,4,5545,1,63,0
210,26,4,5541,1,74,0
211,26,4,5407,1,95,0
212,26,4,5544,1,83,0
213,26,4,5540,1,63,0
214,26,4,5079,1,310,0
215,26,4,5516,1,77,0
216,26,4,5626,1,46,0
217,26,4,5594,1,57,0
218,26,4,4924,1,277,0
219,26,3,2549,0,1001,0
220,26,4,5600,1,52,0
221,27,4,5454,1,94,0
222,27,4,5351,1,159,0
223,27,4,5446,1,130,0
224,27,4,5149,1,193,0
225,27,4,4849,1,243,0
226,27,4,5122,1,162,0
227,27,4,5504,1,105,0
228,27,4,5616,1,49,0
229,27,3,3508,0,1001,0
230,27,4,5529,1,93,0
231,27,4,5335,1,157,0
232,27,4,5539,1,86,0
233,27,4,4955,1,278,0
234,27,4,5578,1,58,0
235,27,4,5205,1,174,0
236,27,4,5612,1,51,0
237,27,4,5509,1,80,0
238,28,4,4332,1,389,0
239,28,4,5624,1,45,0
240,28,4,5599,1,55,0
241,28,4,5616,1,53,0
242,28,4,5476,1,104,0
243,28,4,4933,1,253,0
244,28,4,5517,1,101,0
245,28,4,5566,1,63,0
246,28,4,5533,1,80,0
247,28,4,5397,1,101,0
248,28,4,4867,1,263,0
249,28,4,4937,1,234,0
250,28,4,5289,1,121,0
251,28,4,5591,1,62,0
252,28,4,5613,1,51,0
253,28,4,5506,1,71,0
254,28,4,5591,1,60,0
255,28,4,5542,1,68,0
256,28,4,5486,1,98,0
257,28,4,5568,1,63,0
258,28,4,5626,1,46,0
259,28,4,5440,1,87,0
260,28,4,5583,1,55,0
261,28,4,5630,1,46,0
262,28,4,5561,1,64,0
263,28,4,5299,1,152,0
264,28,4,5300,1,165,0
265,28,4,5452,1,135,0
266,28,4,5561,1,62,0
267,28,4,5573,1,60,0
268,29,4,5427,1,86,0
269,29,4,5489,1,75,0
270,29,4,5201,1,150,0
271,29,4,5631,1,47,0
272,29,4,5547,1,76,0
273,29,4,5580,1,61,0
274,29,4,5564,1,66,0
275,29,4,4565,1,419,0
276,29,4,5579,1,67,0
277,29,4,5625,1,45,0
278,29,4,5597,1,54,0
279,29,4,5449,1,86,0
280,29,4,5241,1,210,0
281,29,4,5609,1,52,0
282,29,4,4285,1,484,0
283,29,4,5497,1,95,0
284,29,4,5540,1,71,0
285,29,4,5426,1,90,0
286,29,4,5535,1,68,0
287,30,2,2350,0,1001,0
288,30,4,5625,1,44,0
289,30,4,5609,1,52,0
290,30,4,5545,1,74,0
291,30,4,5517,1,73,0
292,30,4,4471,1,571,0
293,30,4,4692,1,236,0
294,30,4,5630,1,44,0
295,30,4,5592,1,53,0
296,30,4,5559,1,62,0
297,30,4,5503,1,94,0
298,30,4,5633,1,44,0
299,30,4,5178,1,205,0
300,30,4,5633,1,46,1
301,30,4,5603,1,67,0
302,30,4,5067,1,259,0
303,30,4,5558,1,64,0
304,30,4,5267,1,179,0
305,30,4,5339,1,170,0
306,30,4,4838,1,239,0
307,30,4,5557,1,66,0
308,30,4,4932,1,218,0
309,30,4,5612,1,52,0
310,31,4,5592,1,58,0
311,31,4,5582,1,57,0
312,31,4,5462,1,82,0
313,31,4,5552,1,58,0
314,31,4,5554,1,87,0
315,31,4,5198,1,216,0
316,31,4,5054,1,195,0
317,31,4,5363,1,142,0
318,31,4,5266,1,215,0
319,31,3,3488,0,1001,0
320,31,4,5222,1,193,0
321,31,4,5614,1,51,0
322,31,4,5554,1,74,0
323,31,4,5601,1,51,0
324,31,4,4959,1,289,0
325,31,4,5625,1,47,0
326,31,4,5396,1,94,0
327,31,4,5587,1,60,0
328,31,4,5357,1,146,0
329,32,3,3524,0,1001,0
330,32,4,5489,1,111,0
331,32,4,5553,1,61,0
332,32,4,5366,1,141,0
333,32,4,5541,1,72,0
334,32,4,5543,1,73,0
335,32,4,5515,1,71,0
336,32,4,5548,1,86,0
337,32,4,4820,1,238,0
338,32,4,5084,1,225,0
339,32,3,3468,0,1001,0
340,32,4,5569,1,61,0
341,32,4,5352,1,127,0
342,33,4,4981,1,201,0
343,33,4,5601,1,50,0
344,33,4,5485,1,77,0
345,33,4,5521,1,82,0
346,33,4,5588,1,59,0
347,33,4,5210,1,134,0
348,33,4,5200,1,148,0
349,33,4,5171,1,154,0
350,33,4,5650,1,40,0
351,33,4,5472,1,74,0
352,33,4,5388,1,90,0
353,33,4,5488,1,87,0
354,33,4,5488,1,86,0
355,33,4,5430,1,123,0
356,33,4,5468,1,85,0
357,33,4,5252,1,153,0
358,33,4,5569,1,58,0
359,33,4,5467,1,93,0
360,33,4,5280,1,146,0
361,33,4,5373,1,136,0
362,33,4,4561,1,254,0
363,33,4,5438,1,113,0
364,33,4,4482,1,291,0
365,33,4,5226,1,161,0
366,33,4,5520,1,98,0
367,33,4,5393,1,107,0
368,34,4,5284,1,185,0
369,34,4,5463,1,108,0
370,34,4,5249,1,182,0
371,34,4,5066,1,276,0
372,34,4,4246,1,357,0
373,34,4,4798,1,337,0
374,34,4,5377,1,127,0
375,34,4,5432,1,100,0
376,34,4,5029,1,242,0
377,34,4,5120,1,177,0
378,34,4,5455,1,91,0
379,34,4,5432,1,100,0
380,34,4,5498,1,79,0
381,34,4,5437,1,93,0
382,34,4,5059,1,211,0
383,34,4,5396,1,105,0
384,34,4,5441,1,92,0
385,34,4,5275,1,200,0
386,34,4,5383,1,128,0
387,34,4,5249,1,178,0
388,35,4,5466,1,94,0
389,35,4,5208,1,186,0
390,35,4,5480,1,96,0
391,35,4,5224,1,170,0
392,35,4,4718,1,242,0
393,35,4,5314,1,154,0
394,35,4,5344,1,136,0
395,35,4,5334,1,171,0
396,35,4,5541,1,72,0
397,35,4,5357,1,114,0
398,35,4,5083,1,226,0
399,35,4,5135,1,226,0
400,35,0,99,0,1001,1
401,35,4,5297,1,185,0
402,35,4,5351,1,114,0
403,35,4,5341,1,123,0
404,36,4,4640,1,277,0
405,36,4,5321,1,161,0
406,36,4,4537,1,278,0
407,36,4,5384,1,96,0
408,36,4,5123,1,172,0
409,36,4,5007,1,212,0
410,36,4,4588,1,269,0
411,36,4,5390,1,105,0
412,36,4,5500,1,78,0
413,36,3,3309,0,1001,0
414,36,4,5462,1,86,0
415,36,4,5541,1,67,0
416,37,4,3819,1,451,0
417,37,4,4708,1,255,0
418,37,4,5363,1,118,0
419,37,4,4835,1,223,0
420,37,4,5007,1,211,0
421,37,4,5558,1,71,0
422,37,4,5132,1,179,0
423,37,4,4732,1,317,0
424,37,4,4583,1,313,0
425,37,4,5184,1,199,0
426,37,4,5496,1,79,0
427,37,4,5539,1,67,0
428,37,4,3776,1,523,0
429,37,4,4928,1,259,0
430,37,4,5481,1,76,0
431,37,4,5599,1,63,0
432,38,4,5406,1,96,0
433,38,4,4840,1,198,0
434,38,4,5477,1,116,0
435,38,4,5388,1,121,0
436,38,4,4528,1,281,0
437,38,4,5477,1,77,0
438,38,4,5194,1,185,0
439,38,4,5606,1,58,0
440,38,4,5340,1,146,0
441,38,4,4625,1,264,0
442,38,4,5585,1,56,0
443,38,4,5049,1,172,0
444,38,4,5085,1,168,0
445,38,4,4617,1,251,0
446,38,3,3490,0,1001,0
447,38,4,5537,1,67,0
448,39,4,4795,1,266,0
449,39,4,5507,1,74,0
450,39,4,5354,1,104,0
451,39,4,5471,1,76,0
452,39,4,5420,1,90,0
453,39,4,5482,1,84,0
454,39,4,5614,1,46,0
455,39,3,2975,0,1001,0
456,39,4,5560,1,62,0
457,39,4,5149,1,159,0
458,39,3,3479,0,1001,0
459,39,4,5517,1,80,0
460,39,4,5562,1,71,0
461,40,4,5440,1,97,0
462,40,4,4750,1,356,0
463,40,4,5544,1,68,0
464,40,4,5556,1,66,0
465,40,4,4884,1,301,0
466,40,4,5602,1,55,0
467,40,4,5341,1,154,0
468,40,4,5586,1,55,0
469,40,4,5527,1,71,0
470,40,4,5476,1,79,0
471,40,4,5509,1,71,0
472,40,4,5586,1,58,0
473,40,4,5196,1,129,0
474,40,4,5595,1,57,0
475,40,4,5440,1,81,0
476,40,4,5360,1,95,0
477,40,4,5550,1,62,0
478,40,4,5617,1,48,0
479,40,4,5186,1,133,0
480,40,4,5565,1,62,0
481,40,4,5315,1,113,0
482,40,4,5544,1,76,0
483,40,3,3523,0,1001,0
484,41,4,5448,1,136,0
485,41,4,5481,1,86,0
486,41,4,5320,1,144,0
487,41,4,5549,1,78,0
488,41,4,5536,1,75,0
489,41,4,5549,1,70,0
490,41,4,5246,1,243,0
491,41,4,5498,1,83,0
492,41,4,5093,1,322,0
493,41,4,5571,1,62,0
494,41,4,5503,1,95,0
495,41,4,5552,1,61,0
496,41,4,5583,1,65,0
497,41,4,5490,1,114,0
498,41,4,5460,1,103,0
499,41,4,5265,1,168,0
500,41,2,2460,0,1001,1
501,41,4,5195,1,167,0
502,41,4,5496,1,82,0
503,42,3,3299,0,1001,0
504,42,4,5390,1,117,0
505,42,4,4357,1,316,0
506,42,4,5177,1,140,0
507,42,3,3316,0,1001,0
508,43,3,3428,0,1001,0
509,43,4,4564,1,274,0
510,43,4,4129,1,400,0
511,43,4,3993,1,435,0
512,43,4,5275,1,118,0
513,43,4,5550,1,83,0
514,43,4,4763,1,222,0
515,43,4,5093,1,310,0
516,43,4,5384,1,92,0
517,43,4,5015,1,163,0
518,43,4,4810,1,219,0
519,43,4,5412,1,102,0
520,43,4,4142,1,365,0
521,44,4,5267,1,154,0
522,44,4,5085,1,188,0
523,44,4,5575,1,60,0
524,44,4,4138,1,394,0
525,44,4,4777,1,221,0
526,44,4,5599,1,53,0
527,44,3,3168,0,1001,0
528,44,4,5052,1,213,0
529,44,4,5177,1,165,0
530,44,4,5447,1,88,0
531,44,4,4986,1,233,0
532,44,4,5242,1,120,0
533,44,4,5568,1,59,0
534,44,4,5153,1,152,0
535,44,4,5409,1,91,0
536,45,4,5318,1,124,0
537,45,4,5162,1,139,0
538,45,4,5458,1,79,0
539,45,4,5607,1,52,0
540,45,4,4360,1,358,0
541,45,4,5375,1,98,0
542,45,4,4973,1,174,0
543,45,4,5350,1,131,0
544,45,4,5422,1,105,0
545,45,4,5337,1,115,0
546,45,4,4834,1,237,0
547,45,4,5217,1,130,0
548,45,4,4397,1,298,0
549,45,4,5617,1,48,0
550,45,4,5453,1,87,0
551,45,4,4970,1,192,0
552,45,4,5392,1,90,0
553,45,4,5455,1,97,0
554,45,4,5181,1,187,0
555,45,4,4897,1,190,0
556,46,4,3672,1,526,0
557,46,4,5350,1,159,0
558,46,4,4895,1,247,0
559,46,4,5009,1,264,0
560,46,4,5516,1,98,0
561,46,4,4801,1,284,0
562,46,4,5524,1,83,0
563,46,4,3484,1,905,0
564,46,4,5171,1,155,0
565,46,4,4804,1,280,0
566,46,4,5222,1,145,0
567,47,3,3366,0,1001,0
568,47,4,5466,1,75,0
569,47,4,5494,1,89,0
570,47,4,5380,1,126,0
571,47,4,5443,1,115,0
572,47,4,5285,1,120,0
573,47,4,5209,1,201,0
574,47,4,5095,1,155,0
575,47,4,5252,1,142,0
576,47,4,5464,1,89,0
577,47,4,5609,1,58,0
578,47,4,5531,1,80,0
579,47,4,5595,1,57,0
580,47,4,5604,1,56,0
581,47,4,5475,1,85,0
582,47,4,5479,1,98,0
583,47,4,5546,1,68,0
584,47,4,5565,1,70,0
585,47,4,5560,1,71,0
586,47,4,5297,1,161,0
587,47,4,5431,1,93,0
588,47,4,5275,1,176,0
589,47,4,5532,1,95,0
590,47,4,5630,1,49,0
591,47,4,5286,1,160,0
592,47,4,5544,1,88,0
593,48,4,5423,1,92,0
594,48,4,5204,1,145,0
595,48,4,5389,1,137,0
596,48,4,5461,1,75,0
597,48,4,5178,1,214,0
598,48,4,5530,1,67,0
599,48,4,5202,1,131,0
600,48,0,99,0,1001,1
601,48,4,4820,1,260,0
602,48,4,5405,1,122,0
603,48,4,5537,1,73,0
604,48,4,4656,1,341,0
605,48,4,5217,1,135,0
606,48,4,5321,1,106,0
607,48,4,4897,1,231,0
608,49,4,4748,1,253,0
609,49,4,5170,1,139,0
610,49,4,4996,1,167,0
611,49,4,5390,1,92,0
612,49,4,4821,1,204,0
613,49,4,4943,1,235,0
614,49,4,5525,1,73,0
615,49,4,5150,1,148,0
616,49,4,5393,1,103,0
617,49,4,5371,1,106,0
618,49,4,5452,1,104,0
619,49,4,5362,1,104,0
620,49,4,4682,1,242,0
621,49,4,5453,1,79,0
622,49,4,5202,1,130,0
623,49,4,5591,1,60,0
624,49,4,5438,1,83,0
625,49,4,5259,1,164,0
626,49,4,5244,1,124,0
627,49,4,5346,1,103,0
628,49,4,5173,1,131,0
629,49,4,4793,1,218,0
630,49,4,5566,1,59,0
631,49,4,5262,1,124,0
632,50,4,3611,1,510,0
633,50,4,5636,1,42,0
634,50,4,5521,1,74,0
635,50,4,5596,1,62,0
636,50,4,5642,1,43,0
637,50,4,5359,1,131,0
638,50,4,5532,1,70,0
639,50,4,5505,1,77,0
640,50,4,5336,1,118,0
641,50,4,5183,1,157,0
642,50,4,5405,1,111,0
643,50,4,5556,1,66,0
644,50,4,5620,1,52,0
645,50,4,5475,1,80,0
646,50,4,5602,1,54,0
647,50,4,5599,1,57,0
648,50,4,5587,1,61,0
649,50,4,5567,1,55,0
650,50,4,5543,1,67,0
651,50,4,5206,1,131,0
652,50,4,5609,1,49,0
653,50,4,5558,1,63,0
654,50,4,5588,1,59,0
655,50,4,5520,1,88,0
656,50,4,5519,1,78,0
657,50,4,5594,1,58,0
658,50,4,5592,1,61,0
659,50,4,5597,1,52,0
660,50,4,5473,1,106,0
661,50,4,5507,1,90,0
662,50,4,5386,1,92,0
663,50,4,4948,1,277,0
664,50,4,5500,1,67,0
665,50,4,5290,1,131,0
666,51,4,5442,1,104,0
667,51,4,5618,1,52,0
668,51,4,5404,1,93,0
669,51,4,5528,1,70,0
670,51,4,5586,1,58,0
671,51,4,5079,1,175,0
672,51,4,5517,1,84,0
673,51,4,5600,1,52,0
674,51,4,5479,1,99,0
675,51,4,5586,1,62,0
676,51,4,5566,1,72,0
677,51,4,5383,1,93,0
678,51,4,5595,1,56,0
679,51,4,5558,1,70,0
680,51,4,5325,1,165,0
681,51,4,5159,1,141,0
682,51,4,5597,1,57,0
683,51,4,5595,1,60,0
684,51,4,5584,1,59,0
685,51,4,5640,1,43,0
686,51,4,5566,1,66,0
687,51,4,5580,1,71,0
688,51,4,5564,1,72,0
689,51,3,3434,0,1001,0
690,51,4,5564,1,70,0
691,51,4,5527,1,79,0
692,51,4,5333,1,140,0
693,52,4,5299,1,156,0
694,52,4,5582,1,63,0
695,52,4,5473,1,92,0
696,52,4,5551,1,77,0
697,52,4,5386,1,99,0
698,52,4,5595,1,57,0
699,52,4,5263,1,155,0
700,52,2,2367,0,1001,1
701,52,4,5420,1,96,0
702,52,4,5596,1,57,0
703,52,4,5341,1,134,0
704,52,4,5440,1,103,0
705,52,4,5544,1,78,0
706,52,4,5580,1,61,0
707,52,4,5452,1,104,0
708,52,4,5497,1,94,0
709,52,4,5439,1,106,0
710,52,4,5370,1,134,0
711,52,4,5298,1,164,0
712,52,4,5299,1,120,0
713,52,4,5388,1,125,0
714,52,4,5380,1,98,0
715,52,4,5589,1,61,0
716,53,4,5522,1,76,0
717,53,4,5113,1,226,0
718,53,4,5481,1,104,0
719,53,4,5183,1,165,0
720,53,4,4878,1,238,0
721,53,4,5578,1,66,0
722,53,4,5533,1,82,0
723,53,4,5328,1,123,0
724,53,4,5168,1,179,0
725,53,4,5540,1,75,0
726,53,4,5344,1,146,0
727,53,4,5219,1,133,0
728,53,4,5288,1,127,0
729,53,4,5506,1,86,0
730,53,4,5389,1,108,0
731,53,4,5345,1,118,0
732,53,4,5556,1,70,0
733,53,4,5354,1,116,0
734,53,4,5500,1,98,0
735,53,4,5535,1,84,0
736,53,4,5315,1,114,0
737,53,4,5536,1,76,0
738,53,4,5620,1,49,0
739,53,4,5643,1,42,0
740,53,4,5398,1,125,0
741,53,4,5288,1,167,0
742,53,4,5431,1,115,0
743,53,4,5564,1,56,0
744,54,4,5382,1,130,0
745,54,4,5334,1,115,0
746,54,4,5457,1,101,0
747,54,4,5428,1,126,0
748,54,4,5542,1,70,0
749,54,4,5421,1,91,0
750,54,4,5429,1,111,0
751,54,4,5393,1,126,0
752,54,4,5560,1,78,0
753,54,4,5456,1,102,0
754,54,4,5549,1,87,0
755,54,4,5449,1,93,0
756,54,4,4831,1,268,0
757,54,4,5275,1,158,0
758,54,4,5439,1,97,0
759,54,4,5011,1,267,0
760,54,4,5489,1,95,0
761,54,4,5530,1,84,0
762,54,4,5267,1,182,0
763,54,4,5533,1,79,0
764,54,4,5609,1,56,0
765,54,4,5270,1,171,0
766,54,4,5346,1,120,0
767,54,4,5298,1,163,0
768,54,4,5523,1,77,0
769,54,4,5504,1,88,0
770,54,4,5508,1,88,0
771,55,4,5460,1,103,0
772,55,4,5509,1,94,0
773,55,4,5571,1,69,0
774,55,4,5617,1,55,0
775,55,4,4982,1,211,0
776,55,4,5193,1,241,0
777,55,4,5267,1,167,0
778,55,4,4879,1,343,0
779,55,4,5517,1,87,0
780,55,4,5358,1,134,0
781,55,4,5567,1,68,0
782,55,4,5542,1,75,0
783,55,4,5323,1,153,0
784,55,4,4791,1,282,0
785,55,4,4736,1,254,0
786,55,4,5127,1,199,0
787,55,4,5577,1,62,0
788,55,4,5073,1,186,0
789,55,4,5533,1,68,0
790,55,4,5471,1,88,0
791,55,4,5092,1,195,0
792,55,4,5399,1,121,0
793,56,4,5408,1,116,0
794,56,4,4882,1,302,0
795,56,4,5457,1,104,0
796,56,4,5295,1,159,0
797,56,4,5419,1,110,0
798,56,4,5361,1,136,0
799,56,4,5111,1,195,0
800,56,2,2465,0,1001,1
801,56,4,5341,1,126,0
802,56,4,5068,1,246,0
803,56,4,5201,1,177,0
804,56,4,5244,1,170,0
805,56,4,5621,1,47,0
806,56,4,5476,1,105,0
807,56,4,5456,1,101,0
808,56,4,5475,1,94,0
809,57,4,5530,1,81,0
810,57,4,5546,1,80,0
811,57,4,5206,1,173,0
812,57,4,5137,1,188,0
813,57,4,5242,1,159,0
814,57,4,5536,1,78,0
815,57,4,5379,1,118,0
816,57,4,5380,1,131,0
817,57,4,5315,1,148,0
818,57,4,5388,1,123,0
819,57,4,5448,1,107,0
820,57,4,5198,1,181,0
821,57,4,5603,1,58,0
822,57,4,5142,1,167,0
823,57,4,5569,1,76,0
824,57,4,5366,1,126,0
825,57,4,5567,1,66,0
826,57,4,5508,1,82,0
827,57,4,5432,1,149,0
828,57,4,5462,1,88,0
829,58,2,2349,0,1001,0
830,58,4,5488,1,93,0
831,58,4,5544,1,75,0
832,58,4,5563,1,70,0
833,58,4,5509,1,87,0
834,58,4,5602,1,58,0
835,58,4,5459,1,88,0
836,58,4,5492,1,88,0
837,58,4,5568,1,68,0
838,58,4,5237,1,171,0
839,58,4,5554,1,72,0
840,58,4,5553,1,68,0
841,58,4,5363,1,130,0
842,58,4,5560,1,70,0
843,58,4,5506,1,86,0
844,58,4,5495,1,89,0
845,58,4,5542,1,73,0
846,58,4,5329,1,131,0
847,58,4,4996,1,207,0
848,58,4,5587,1,58,0
849,58,4,5200,1,153,0
850,58,4,5559,1,65,0
851,58,4,5443,1,108,0
852,58,4,5440,1,104,0
853,58,4,5550,1,64,0
854,58,4,5531,1,79,0
855,58,4,4754,1,327,0
856,58,4,5579,1,66,0
857,58,4,5597,1,54,0
858,58,4,5404,1,110,0
859,58,4,5408,1,120,0
860,59,4,5345,1,123,0
861,59,4,5423,1,101,0
862,59,4,5253,1,147,0
863,59,4,5427,1,93,0
864,59,4,5437,1,106,0
865,59,4,5330,1,139,0
866,59,4,5008,1,211,0
867,59,4,5418,1,101,0
868,59,4,5246,1,170,0
869,59,4,4919,1,219,0
870,59,4,5543,1,70,0
871,59,4,5554,1,63,0
872,59,4,5432,1,118,0
873,59,4,5499,1,85,0
874,59,4,5191,1,160,0
875,59,4,5432,1,96,0
876,59,4,5509,1,77,0
877,59,4,5261,1,136,0
878,59,4,4932,1,255,0
879,59,4,4991,1,204,0
880,59,4,5322,1,138,0
881,59,4,5193,1,191,0
882,59,4,5305,1,133,0
883,60,4,5191,1,167,0
884,60,4,5245,1,150,0
885,60,4,5300,1,129,0
886,60,4,5492,1,88,0
887,60,4,5470,1,91,0
888,60,4,5367,1,127,0
889,60,4,5377,1,110,0
890,60,4,5362,1,125,0
891,60,4,5298,1,146,0
892,60,4,5455,1,95,0
893,60,4,5266,1,138,0
894,60,4,5432,1,98,0
895,60,4,5327,1,142,0
896,60,4,5246,1,138,0
897,60,4,4856,1,245,0
898,60,4,5632,1,46,0
899,60,4,5313,1,152,0
900,60,1,1287,0,1001,1
901,60,4,5436,1,108,0
902,61,4,5513,1,77,0
903,61,4,5291,1,162,0
904,61,4,5287,1,124,0
905,61,4,5441,1,108,0
906,61,4,5533,1,72,0
907,61,4,5524,1,83,0
908,61,4,5552,1,64,0
909,61,4,5517,1,83,0
910,61,4,5497,1,84,0
911,61,4,5344,1,116,0
912,61,4,5554,1,69,0
913,61,4,5403,1,111,0
914,61,4,5396,1,123,0
915,61,4,5551,1,75,0
916,61,4,5520,1,85,0
917,61,4,5315,1,153,0
918,61,4,5304,1,151,0
919,61,4,5429,1,98,0
920,61,4,5375,1,161,0
921,61,4,5355,1,150,0
922,61,4,5306,1,139,0
923,61,4,5407,1,94,0
924,61,4,5396,1,105,0
925,61,4,5576,1,60,0
926,61,4,5253,1,151,0
927,61,4,5542,1,80,0
928,61,4,5553,1,61,0
929,61,4,5416,1,119,0
930,61,4,5586,1,59,0
931,62,4,4896,1,313,0
932,62,4,5595,1,60,0
933,62,4,5522,1,84,0
934,62,4,5370,1,123,0
935,62,4,5541,1,76,0
936,62,4,5194,1,159,0
937,62,4,5332,1,145,0
938,62,4,5241,1,167,0
939,62,4,5192,1,193,0
940,62,4,5600,1,53,0
941,62,4,5640,1,46,0
942,62,4,5594,1,60,0
943,62,3,3509,0,1001,0
944,62,4,5515,1,85,0
945,62,4,5410,1,121,0
946,62,4,5577,1,70,0
947,62,4,4271,1,526,0
948,63,4,5389,1,125,0
949,63,4,5528,1,80,0
950,63,4,5555,1,66,0
951,63,4,5517,1,82,0
952,63,4,5128,1,173,0
953,63,4,5357,1,136,0
954,63,4,5507,1,87,0
955,63,4,5466,1,93,0
956,63,4,5511,1,88,0
957,63,4,5515,1,96,0
958,63,4,5511,1,85,0
959,63,4,5529,1,77,0
960,63,4,4987,1,275,0
961,63,4,5566,1,66,0
962,63,4,5555,1,71,0
963,63,4,5492,1,92,0
964,63,4,5058,1,230,0
965,63,4,5239,1,125,0
966,63,4,5389,1,90,0
967,63,4,5553,1,74,0
968,63,4,5511,1,84,0
969,63,4,5475,1,82,0
970,63,4,5536,1,78,0
971,63,4,5345,1,123,0
972,63,4,5495,1,93,0
973,63,4,5495,1,85,0
974,63,4,5477,1,99,0
975,63,4,5477,1,97,0
976,63,4,5394,1,127,0
977,63,4,5435,1,105,0
978,63,4,5271,1,130,0
979,64,4,5082,1,208,0
980,64,4,5239,1,148,0
981,64,4,5344,1,130,0
982,64,4,5393,1,152,0
983,64,4,5381,1,134,0
984,64,4,5360,1,135,0
985,64,4,5493,1,79,0
986,64,4,5348,1,138,0
987,64,4,5527,1,86,0
988,64,4,5072,1,242,0
989,64,4,5518,1,88,0
990,64,4,5519,1,86,0
991,64,4,5351,1,130,0
992,64,4,5432,1,112,0
993,64,4,5383,1,129,0
994,64,4,5467,1,107,0
995,64,4,5558,1,68,0
996,64,4,5147,1,183,0
997,64,4,5309,1,155,0
998,64,4,5503,1,95,0
999,65,3,3485,0,1001,0
1000,65,2,2369,0,1001,1
1001,65,4,5491,1,100,0
1002,65,4,5577,1,62,0
1003,65,4,5413,1,114,0
1004,65,4,5394,1,130,0
1005,65,4,5507,1,88,0
1006,65,4,4003,1,505,0
1007,65,4,5486,1,106,0
1008,65,4,5144,1,214,0
1009,66,3,3485,0,1001,0
1010,66,4,5486,1,116,0
1011,66,4,5465,1,93,0
1012,66,4,5499,1,90,0
1013,66,4,5279,1,152,0
1014,66,4,4992,1,215,0
1015,66,4,5404,1,120,0
1016,66,4,5493,1,102,0
1017,66,4,5503,1,86,0
1018,66,4,5349,1,143,0
1019,66,3,3476,0,1001,0
1020,66,4,5444,1,104,0
1021,66,4,5367,1,108,0
1022,66,4,5530,1,80,0
1023,66,4,5471,1,93,0
1024,66,4,3750,1,622,0
1025,67,4,5544,1,80,0
1026,67,4,5474,1,94,0
1027,67,4,5470,1,117,0
1028,67,4,5458,1,88,0
1029,67,4,5584,1,63,0
1030,67,4,5294,1,161,0
1031,67,4,5503,1,90,0
1032,67,4,5553,1,71,0
1033,67,4,5495,1,88,0
1034,67,4,5412,1,127,0
1035,67,4,4936,1,216,0
1036,67,4,5517,1,87,0
1037,67,4,5306,1,158,0
1038,67,4,5273,1,168,0
1039,67,4,5404,1,136,0
1040,67,4,5429,1,115,0
1041,67,4,5476,1,101,0
1042,67,4,5502,1,101,0
1043,67,4,5418,1,113,0
1044,67,4,5306,1,175,0
1045,67,4,5455,1,105,0
1046,67,4,5095,1,270,0
1047,68,3,3336,0,1001,0
1048,68,4,5590,1,60,0
1049,68,4,5218,1,171,0
1050,68,4,5403,1,119,0
1051,68,4,5524,1,80,0
1052,68,4,5533,1,77,0
1053,68,4,5485,1,99,0
1054,68,4,5468,1,104,0
1055,68,4,5359,1,123,0
1056,68,4,5524,1,85,0
1057,68,4,5520,1,83,0
1058,68,4,5477,1,94,0
1059,68,4,5349,1,140,0
1060,68,4,5458,1,104,0
1061,68,4,5574,1,68,0
1062,68,4,5215,1,125,0
1063,68,4,5533,1,79,0
1064,68,4,5492,1,76,0
1065,68,4,5462,1,108,0
1066,68,4,5460,1,89,0
1067,68,3,3358,0,1001,0
1068,68,4,5328,1,148,0
1069,69,4,5417,1,113,0
1070,69,3,3315,0,1001,0
1071,69,4,5358,1,135,0
1072,69,4,5554,1,71,0
1073,69,4,5305,1,150,0
1074,69,4,5336,1,120,0
1075,69,4,5086,1,233,0
1076,69,4,5452,1,109,0
1077,69,4,5552,1,73,0
1078,69,4,5245,1,183,0
1079,69,4,5513,1,86,0
1080,69,4,4876,1,283,0
1081,69,4,5533,1,70,0
1082,69,4,4815,1,271,0
1083,69,4,5386,1,125,0
1084,69,4,5261,1,170,0
1085,69,4,5460,1,96,0
1086,69,4,5424,1,117,0
1087,70,4,5511,1,87,0
1088,70,4,5519,1,84,0
1089,70,4,5446,1,101,0
1090,70,4,5614,1,53,0
1091,70,4,5398,1,107,0
1092,70,4,5597,1,62,0
1093,70,4,5467,1,102,0
1094,70,4,5612,1,50,0
1095,70,4,5525,1,88,0
1096,70,4,5528,1,68,0
1097,70,4,5330,1,104,0
1098,70,4,5519,1,79,0
1099,70,4,5513,1,77,0
1100,70,1,1287,0,1001,1
1101,70,4,5235,1,159,0
1102,70,4,5459,1,102,0
1103,70,4,5309,1,118,0
1104,70,4,5349,1,140,0
1105,70,4,5458,1,95,0
1106,70,4,5178,1,175,0
1107,70,4,5619,1,50,0
1108,70,4,5372,1,129,0
1109,70,4,5334,1,134,0
1110,70,4,5455,1,93,0
1111,70,4,5549,1,71,0
1112,71,4,5127,1,156,0
1113,71,4,5617,1,52,0
1114,71,4,5422,1,98,0
1115,71,4,5057,1,173,0
1116,71,4,5585,1,59,0
1117,71,4,4051,1,443,0
1118,71,4,5455,1,93,0
1119,71,4,4984,1,184,0
1120,71,4,5526,1,73,0
1121,71,3,2854,0,1001,0
1122,71,4,4904,1,188,0
1123,71,4,5486,1,94,0
1124,71,4,5479,1,106,0
1125,71,4,5407,1,112,0
1126,71,4,5401,1,156,0
1127,71,4,5584,1,73,0
1128,71,4,5523,1,81,0
1129,71,4,5359,1,176,0
1130,71,4,5516,1,83,0
1131,72,4,5234,1,154,0
1132,72,4,5551,1,79,0
1133,72,4,4739,1,238,0
1134,72,4,5512,1,78,0
1135,72,4,5383,1,111,0
1136,72,4,5561,1,67,0
1137,72,4,5388,1,128,0
1138,72,4,5505,1,76,0
1139,72,4,5362,1,112,0
1140,72,4,5534,1,75,0
1141,72,4,5495,1,78,0
1142,72,4,5547,1,69,0
1143,72,4,5594,1,56,0
1144,72,4,5431,1,104,0
1145,72,4,5528,1,71,0
1146,72,3,3427,0,1001,0
1147,72,4,5600,1,60,0
1148,72,4,5311,1,153,0
1149,72,4,5446,1,106,0
1150,72,4,5406,1,118,0
1151,72,4,5556,1,78,0
1152,72,4,5558,1,60,0
1153,72,4,5623,1,47,0
1154,72,4,5526,1,78,0
1155,72,4,5612,1,53,0
1156,72,4,5269,1,137,0
1157,72,4,5556,1,63,0
1158,72,4,5616,1,56,0
1159,73,4,5494,1,79,0
1160,73,4,5532,1,81,0
1161,73,4,5433,1,107,0
1162,73,4,5609,1,53,0
1163,73,4,5591,1,56,0
1164,73,4,5508,1,86,0
1165,73,4,5517,1,78,0
1166,73,4,5544,1,71,0
1167,73,4,5430,1,106,0
1168,73,4,5096,1,197,0
1169,73,3,3492,0,1001,0
1170,73,4,5447,1,108,0
1171,73,4,5345,1,155,0
1172,73,4,5546,1,80,0
1173,73,4,5566,1,64,0
1174,73,4,5354,1,98,0
1175,73,4,5365,1,133,0
1176,73,4,5430,1,98,0
1177,73,4,5567,1,68,0
1178,73,4,5543,1,69,0
1179,73,4,5511,1,80,0
1180,73,4,5602,1,56,0
1181,73,4,5603,1,50,0
1182,73,4,5560,1,70,0
1183,73,4,5493,1,113,0
1184,73,4,5421,1,107,0
1185,73,4,5370,1,110,0
1186,74,4,5609,1,52,0
1187,74,4,5559,1,79,0
1188,74,4,5424,1,102,0
1189,74,4,5554,1,76,0
1190,74,4,5566,1,77,0
1191,74,4,5561,1,67,0
1192,74,4,5452,1,111,0
1193,74,4,5551,1,75,0
1194,74,4,5527,1,74,0
1195,74,4,5363,1,137,0
1196,74,4,5018,1,190,0
1197,74,4,5529,1,89,0
1198,74,4,5468,1,111,0
1199,74,4,5282,1,127,0
1200,74,0,99,0,1001,1
1201,74,4,4438,1,305,0
1202,74,4,5386,1,140,0
1203,74,4,5487,1,98,0
1204,74,4,5465,1,96,0
1205,74,4,5533,1,86,0
1206,74,4,5539,1,74,0
1207,74,4,5432,1,104,0
1208,74,4,5482,1,86,0
1209,75,4,5534,1,73,0
1210,75,3,2346,0,1001,0
1211,75,4,5283,1,150,0
1212,75,4,5573,1,71,0
1213,75,4,5476,1,91,0
1214,75,4,5381,1,158,0
1215,75,4,5495,1,105,0
1216,75,4,5357,1,153,0
1217,75,4,5457,1,107,0
1218,75,4,5530,1,74,0
1219,75,4,5485,1,103,0
1220,75,4,5338,1,182,0
1221,75,4,5384,1,145,0
1222,75,4,5452,1,107,0
1223,75,4,5602,1,59,0
1224,75,4,5310,1,164,0
1225,75,4,5420,1,117,0
1226,75,4,5566,1,72,0
1227,75,4,5476,1,93,0
1228,75,4,5512,1,94,0
1229,76,4,5551,1,80,0
1230,76,4,5474,1,95,0
1231,76,4,5479,1,104,0
1232,76,4,5537,1,84,0
1233,76,4,5400,1,110,0
1234,76,4,5535,1,71,0
1235,76,4,5461,1,107,0
1236,76,4,5255,1,160,0
1237,76,4,5262,1,150,0
1238,76,4,5104,1,203,0
1239,76,4,5439,1,110,0
1240,76,4,5337,1,155,0
1241,76,4,5227,1,184,0
1242,76,4,5248,1,206,0
1243,76,4,5467,1,104,0
1244,76,4,5525,1,79,0
1245,76,4,5450,1,115,0
1246,76,4,5623,1,51,0
1247,76,4,5488,1,93,0
1248,76,4,5387,1,124,0
1249,76,4,5512,1,86,0
1250,76,4,5530,1,76,0
1251,76,4,5440,1,111,0
1252,76,4,5477,1,96,0
1253,76,4,4613,1,301,0
1254,76,4,5092,1,197,0
1255,77,4,5306,1,130,0
1256,77,4,5437,1,102,0
1257,77,4,5506,1,87,0
1258,77,4,5498,1,88,0
1259,77,4,5442,1,120,0
1260,77,4,5617,1,54,0
1261,77,4,5534,1,86,0
1262,77,4,5525,1,79,0
1263,77,4,5370,1,113,0
1264,77,4,5504,1,94,0
1265,77,4,5322,1,135,0
1266,77,4,5318,1,155,0
1267,77,4,5472,1,111,0
1268,77,4,5436,1,125,0
1269,77,4,5508,1,86,0
1270,77,4,5523,1,87,0
1271,77,4,5558,1,75,0
1272,77,4,5602,1,60,0
1273,77,4,5502,1,85,0
1274,77,4,5402,1,131,0
1275,77,4,5446,1,109,0
1276,77,4,5469,1,90,0
1277,77,4,5590,1,63,0
1278,77,4,5511,1,83,0
1279,77,4,5518,1,81,0
1280,77,4,5473,1,89,0
1281,77,4,5133,1,262,0
1282,77,4,5611,1,55,0
1283,77,4,5471,1,100,0
1284,77,4,5584,1,61,0
1285,77,4,5597,1,62,0
1286,77,4,5560,1,74,0
1287,77,4,5525,1,75,0
1288,78,4,5380,1,125,0
1289,78,4,5556,1,70,0
1290,78,2,2337,0,1001,0
1291,78,4,5456,1,102,0
1292,78,4,5511,1,89,0
1293,78,4,5365,1,118,0
1294,78,4,4982,1,197,0
1295,78,4,5433,1,111,0
1296,78,4,5193,1,155,0
1297,78,4,5259,1,151,0
1298,78,4,4740,1,259,0
1299,78,4,5425,1,123,0
1300,79,2,2369,0,1001,1
1301,79,4,5571,1,65,0
1302,79,4,5484,1,96,0
1303,79,4,5580,1,59,0
1304,79,4,5573,1,69,0
1305,79,4,5446,1,102,0
1306,79,4,5544,1,95,0
1307,79,4,5309,1,160,0
1308,79,4,5442,1,115,0
1309,79,4,5335,1,149,0
1310,79,4,5517,1,90,0
1311,79,4,5459,1,109,0
1312,79,4,5301,1,144,0
1313,79,4,5454,1,109,0
1314,79,4,5514,1,88,0
1315,79,4,5535,1,78,0
1316,79,4,5452,1,127,0
1317,79,4,5411,1,115,0
1318,79,4,5544,1,71,0
1319,79,4,5352,1,145,0
1320,79,4,5447,1,116,0
1321,79,4,5516,1,81,0
1322,79,4,5434,1,106,0
1323,79,4,5106,1,222,0
1324,79,4,5451,1,91,0
1325,79,4,5493,1,84,0
1326,79,4,5564,1,66,0
1327,79,4,5536,1,74,0
1328,79,4,5473,1,113,0
1329,80,4,5437,1,121,0
1330,80,4,5424,1,101,0
1331,80,4,5523,1,75,0
1332,80,4,5537,1,79,0
1333,80,4,5529,1,82,0
1334,80,4,5494,1,97,0
1335,80,4,5473,1,116,0
1336,80,4,5516,1,83,0
1337,80,4,5449,1,138,0
1338,80,4,5516,1,97,0
1339,80,4,4636,1,416,0
1340,80,4,5518,1,96,0
1341,80,4,5493,1,98,0
1342,80,4,5325,1,158,0
1343,80,4,5520,1,82,0
1344,80,4,5342,1,145,0
1345,80,4,5526,1,90,0
1346,80,4,5553,1,73,0
1347,80,4,5170,1,178,0
1348,80,4,5451,1,112,0
1349,80,4,5189,1,214,0
1350,80,4,5373,1,130,0
1351,80,4,5335,1,117,0
1352,80,4,5551,1,71,0
1353,80,4,5314,1,123,0
1354,81,4,5148,1,168,0
1355,81,4,5285,1,126,0
1356,81,4,5256,1,141,0
1357,81,4,5008,1,179,0
1358,81,4,4917,1,196,0
1359,81,4,4454,1,307,0
1360,81,4,4974,1,195,0
1361,81,4,5246,1,155,0
1362,81,4,4869,1,201,0
1363,81,4,4826,1,229,0
1364,81,4,4760,1,240,0
1365,81,4,5485,1,100,0
1366,81,4,5446,1,94,0
1367,81,4,5383,1,110,0
1368,81,4,5471,1,99,0
1369,81,4,5437,1,109,0
1370,81,4,4645,1,381,0
1371,81,4,5527,1,80,0
1372,81,4,5507,1,78,0
1373,81,4,5614,1,58,0
1374,82,4,5256,1,126,0
1375,82,4,5464,1,100,0
1376,82,4,5567,1,79,0
1377,82,4,5343,1,111,0
1378,82,4,5390,1,110,0
1379,82,4,5400,1,106,0
1380,82,4,5504,1,84,0
1381,82,4,5484,1,77,0
1382,82,4,5398,1,101,0
1383,82,4,4233,1,362,0
1384,82,4,5524,1,85,0
1385,82,4,5518,1,90,0
1386,82,4,5393,1,129,0
1387,82,4,5513,1,89,0
1388,82,4,5492,1,91,0
1389,82,4,5582,1,68,0
1390,82,4,5525,1,84,0
1391,82,4,5488,1,109,0
1392,82,4,5550,1,73,0
1393,82,4,5470,1,93,0
1394,82,4,5572,1,72,0
1395,82,4,5508,1,94,0
1396,82,4,5442,1,129,0
1397,82,4,5621,1,49,0
1398,82,4,5556,1,86,0
1399,82,4,5521,1,88,0
1400,83,2,2369,0,1001,1
1401,83,4,5536,1,89,0
1402,83,4,5552,1,79,0
1403,83,4,5563,1,75,0
1404,83,4,5532,1,77,0
1405,83,4,5490,1,93,0
1406,83,4,5544,1,72,0
1407,83,4,5499,1,85,0
1408,83,4,5544,1,79,0
1409,83,4,5544,1,74,0
1410,83,4,5497,1,80,0
1411,83,4,5501,1,84,0
1412,83,4,5598,1,57,0
1413,83,4,5528,1,85,0
1414,83,3,3508,0,1001,0
1415,83,4,5533,1,79,0
1416,83,4,5473,1,99,0
1417,83,4,5562,1,65,0
1418,83,4,5419,1,93,0
1419,83,4,5420,1,106,0
1420,83,4,5571,1,68,0
1421,84,3,3463,0,1001,0
1422,84,4,5504,1,82,0
1423,84,4,5310,1,178,0
1424,84,4,5312,1,155,0
1425,84,4,5535,1,77,0
1426,84,4,5361,1,123,0
1427,84,4,5420,1,121,0
1428,84,4,5413,1,151,0
1429,84,4,5430,1,113,0
1430,84,4,5547,1,79,0
1431,84,4,5573,1,64,0
1432,84,4,5205,1,202,0
1433,84,4,5411,1,132,0
1434,84,4,5429,1,92,0
1435,84,4,5480,1,99,0
1436,84,4,5437,1,133,0
1437,84,4,5546,1,74,0
1438,84,4,5312,1,183,0
1439,84,4,5188,1,273,0
1440,85,4,5383,1,126,0
1441,85,3,3482,0,1001,0
1442,85,4,5501,1,88,0
1443,85,4,5511,1,79,0
1444,85,4,5590,1,62,0
1445,85,4,5504,1,87,0
1446,85,4,5586,1,62,0
1447,85,4,5446,1,98,0
1448,85,4,5407,1,149,0
1449,85,4,5490,1,100,0
1450,85,4,5363,1,172,0
1451,85,4,5615,1,58,0
1452,85,3,3504,0,1001,0
1453,85,4,5492,1,94,0
1454,86,4,5219,1,191,0
1455,86,4,5539,1,81,0
1456,86,4,5398,1,112,0
1457,86,4,5352,1,101,0
1458,86,4,5499,1,93,0
1459,86,4,5474,1,111,0
1460,86,4,5466,1,98,0
1461,86,3,3515,0,1001,0
1462,86,3,3487,0,1001,0
1463,86,4,5508,1,88,0
1464,86,4,5612,1,57,0
1465,86,4,5311,1,157,0
1466,87,4,5353,1,140,0
1467,87,4,5364,1,135,0
1468,87,4,5548,1,85,0
1469,87,4,5483,1,100,0
1470,87,4,5366,1,124,0
1471,87,4,4987,1,191,0
1472,87,4,4760,1,256,0
1473,87,4,5546,1,82,0
1474,87,4,5525,1,82,0
1475,87,3,3496,0,1001,0
1476,87,4,5517,1,86,0
1477,87,4,5540,1,73,0
1478,87,4,5509,1,84,0
1479,87,4,5548,1,73,0
1480,87,4,5543,1,78,0
1481,87,4,5549,1,77,0
1482,87,4,5597,1,59,0
1483,87,4,5274,1,136,0
1484,87,4,5398,1,109,0
1485,87,4,5465,1,95,0
1486,87,4,5419,1,103,0
1487,87,4,5345,1,125,0
1488,88,4,5431,1,106,0
1489,88,4,5369,1,121,0
1490,88,4,4991,1,210,0
1491,88,4,5523,1,82,0
1492,88,4,5295,1,142,0
1493,88,4,5520,1,79,0
1494,88,4,5336,1,114,0
1495,88,4,5374,1,117,0
1496,88,4,5472,1,94,0
1497,88,4,5618,1,54,0
1498,88,4,5593,1,61,0
1499,88,4,5357,1,115,0
1500,88,1,1188,0,1001,1
1501,88,4,5432,1,102,0
1502,88,4,5185,1,176,0
1503,88,4,5432,1,114,0
1504,88,4,5408,1,110,0
1505,88,4,5003,1,206,0
1506,88,4,5380,1,106,0
1507,89,4,4795,1,232,0
1508,89,4,5392,1,113,0
1509,89,4,5500,1,86,0
1510,89,4,5373,1,111,0
1511,89,4,5414,1,112,0
1512,89,4,5470,1,90,0
1513,89,4,5183,1,141,0
1514,89,4,5479,1,91,0
1515,89,4,5521,1,80,0
1516,89,4,5482,1,94,0
1517,89,4,5564,1,67,0
1518,89,4,5543,1,72,0
1519,89,4,5536,1,77,0
1520,89,4,5546,1,75,0
1521,89,4,5400,1,106,0
1522,89,4,5581,1,64,0
1523,89,4,5471,1,93,0
1524,89,4,5463,1,95,0
1525,89,4,5519,1,76,0
1526,89,4,5463,1,98,0
1527,89,4,5574,1,71,0
1528,89,4,5564,1,68,0
1529,89,4,5453,1,91,0
1530,89,4,5297,1,153,0
1531,89,4,5396,1,104,0
1532,89,4,5443,1,97,0
1533,89,4,5543,1,75,0
1534,89,4,5465,1,90,0
1535,89,4,5450,1,98,0
1536,89,4,5465,1,86,0
1537,89,4,5449,1,105,0
1538,89,4,5551,1,72,0
1539,89,4,5475,1,91,0
1540,90,3,3494,0,1001,0
1541,90,4,5506,1,81,0
1542,90,4,5421,1,100,0
1543,90,4,5501,1,83,0
1544,90,4,5504,1,92,0
1545,90,4,5289,1,120,0
1546,90,4,4931,1,195,0
1547,90,4,4520,1,303,0
1548,90,4,5299,1,126,0
1549,90,4,5207,1,167,0
1550,90,4,5241,1,140,0
1551,90,4,4511,1,335,0
1552,90,4,4227,1,358,0
1553,90,4,5453,1,103,0
1554,90,4,5439,1,103,0
1555,91,4,5463,1,123,0
1556,91,3,3120,0,1001,0
1557,91,4,5303,1,153,0
1558,91,4,5382,1,138,0
1559,91,4,5507,1,83,0
1560,91,4,5092,1,161,0
1561,91,4,4550,1,271,0
1562,91,4,5391,1,104,0
1563,91,4,5104,1,241,0
1564,91,4,5304,1,138,0
1565,91,4,4361,1,338,0
1566,91,4,5348,1,130,0
1567,91,4,5356,1,103,0
1568,92,4,4568,1,277,0
1569,92,4,5578,1,58,0
1570,92,4,5550,1,67,0
1571,92,4,4857,1,209,0
1572,92,4,5075,1,184,0
1573,92,4,4858,1,208,0
1574,92,3,3258,0,1001,0
1575,92,3,3458,0,1001,0
1576,93,4,4106,1,531,0
1577,93,4,5318,1,145,0
1578,93,4,4948,1,221,0
1579,93,4,4719,1,237,0
1580,93,4,4915,1,212,0
1581,93,4,5372,1,104,0
1582,93,4,5384,1,119,0
1583,93,4,5066,1,166,0
1584,93,4,4782,1,225,0
1585,93,3,2479,0,1001,0
1586,93,4,4755,1,259,0
1587,94,3,3228,0,1001,0
1588,94,4,5406,1,115,0
1589,94,4,5343,1,173,0
1590,94,4,5234,1,142,0
1591,94,4,5417,1,104,0
1592,94,4,5584,1,59,0
1593,94,4,5563,1,62,0
1594,94,2,2352,0,1001,0
1595,94,4,5442,1,93,0
1596,94,4,5549,1,69,0
1597,94,4,5513,1,76,0
1598,94,4,5565,1,63,0
1599,94,4,5460,1,85,0
1600,95,1,1188,0,1001,1
1601,95,4,5470,1,92,0
1602,95,4,5324,1,121,0
1603,95,4,5342,1,117,0
1604,95,4,4918,1,192,0
1605,95,4,5034,1,170,0
1606,95,4,4375,1,313,0
1607,95,4,5572,1,64,0
1608,95,4,5461,1,92,0
1609,95,4,5124,1,169,0
1610,95,4,5471,1,86,0
1611,95,4,5243,1,132,0
1612,95,4,5112,1,155,0
1613,95,4,5113,1,159,0
1614,95,4,5296,1,135,0
1615,95,4,5508,1,78,0
1616,95,4,5030,1,176,0
1617,95,4,4593,1,264,0
1618,95,4,5577,1,60,0
1619,95,4,5540,1,72,0
1620,95,4,5603,1,53,0
1621,96,4,5573,1,66,0
1622,96,4,5548,1,68,0
1623,96,3,3409,0,1001,0
1624,96,4,5067,1,187,0
1625,96,2,2340,0,1001,0
1626,96,4,5160,1,200,0
1627,96,4,5029,1,201,0
1628,96,4,5376,1,108,0
1629,96,4,5529,1,76,0
1630,96,4,5458,1,88,0
1631,96,4,5471,1,90,0
1632,96,4,5426,1,94,0
1633,97,4,5412,1,100,0
1634,97,4,5228,1,129,0
1635,97,4,5191,1,158,0
1636,97,4,5378,1,110,0
1637,97,4,5412,1,102,0
1638,97,4,5405,1,107,0
1639,97,4,5484,1,83,0
1640,97,4,5474,1,88,0
1641,97,3,3357,0,1001,0
1642,97,4,4919,1,231,0
1643,97,4,5393,1,105,0
1644,97,4,5189,1,173,0
1645,97,4,5151,1,195,0
1646,97,4,5305,1,143,0
1647,97,4,5267,1,144,0
1648,97,4,5315,1,144,0
1649,97,4,5352,1,123,0
1650,98,4,5075,1,190,0
1651,98,4,5414,1,112,0
1652,98,4,5323,1,140,0
1653,98,4,5087,1,179,0
1654,98,4,5063,1,162,0
1655,98,4,5119,1,169,0
1656,98,4,5177,1,146,0
1657,98,3,2951,0,1001,0
1658,98,4,5077,1,169,0
1659,98,4,4598,1,284,0
1660,98,4,4154,1,500,0
1661,99,4,4726,1,245,0
1662,99,4,5176,1,163,0
1663,99,4,4848,1,217,0
1664,99,4,5286,1,127,0
1665,99,4,5325,1,119,0
1666,99,4,5121,1,152,0
1667,99,4,4879,1,211,0
1668,99,4,5469,1,92,0
1669,99,4,5225,1,159,0
1670,99,4,5094,1,181,0
1671,99,4,4848,1,269,0
1672,99,4,5471,1,93,0
1673,99,4,5453,1,93,0
1674,99,4,5478,1,88,0
1675,99,4,5260,1,121,0
1676,99,4,5360,1,123,0
1677,99,4,5154,1,193,0
1678,99,4,5268,1,161,0
1679,99,4,5495,1,80,0
1680,99,4,5162,1,187,0
1681,99,4,5458,1,101,0
1682,99,4,5503,1,80,0
1683,99,4,5424,1,97,0
1684,99,4,5503,1,79,0
1685,100,4,5444,1,91,0
1686,100,4,5350,1,119,0
1687,100,4,5351,1,123,0
1688,100,4,5448,1,91,0
1689,100,4,5385,1,120,0
1690,100,4,5251,1,165,0
1691,100,4,5427,1,96,0
1692,100,4,5357,1,110,0
1693,100,4,5557,1,68,0
1694,100,4,5465,1,95,0
1695,100,3,3400,0,1001,0
1696,100,4,5198,1,186,0
1697,100,4,4829,1,303,0
1698,100,4,4627,1,398,0
1699,101,4,5013,1,227,0
1700,101,1,1188,0,1001,1
1701,101,4,5531,1,74,0
1702,101,4,5470,1,91,0
1703,101,3,3475,0,1001,0
1704,101,4,5481,1,83,0
1705,101,4,5418,1,126,0
1706,101,4,5384,1,151,0
1707,101,4,5474,1,103,0
1708,101,4,5323,1,182,0
1709,101,4,5427,1,110,0
1710,101,4,5535,1,79,0
1711,101,4,5310,1,137,0
1712,102,4,5569,1,65,0
1713,102,4,5426,1,108,0
1714,102,4,5544,1,70,0
1715,102,4,5464,1,98,0
1716,102,4,5495,1,83,0
1717,102,4,5532,1,74,0
1718,102,4,5504,1,86,0
1719,102,4,5085,1,187,0
1720,102,4,5208,1,159,0
1721,102,4,5212,1,155,0
1722,102,4,5440,1,110,0
1723,102,4,4605,1,365,0
1724,102,4,5474,1,94,0
1725,102,4,5495,1,82,0
1726,102,4,5283,1,135,0
1727,102,4,5452,1,91,0
1728,102,4,5006,1,189,0
1729,102,4,4762,1,268,0
1730,102,4,4660,1,270,0
1731,102,4,5307,1,129,0
1732,102,4,4286,1,358,0
1733,103,4,4992,1,180,0
1734,103,4,5074,1,191,0
1735,103,4,5030,1,170,0
1736,103,4,5295,1,120,0
1737,103,4,5281,1,129,0
1738,103,3,3446,0,1001,0
1739,103,4,5464,1,87,0
1740,103,4,5420,1,100,0
1741,103,4,5257,1,130,0
1742,103,4,5293,1,124,0
1743,103,4,5506,1,72,0
1744,103,4,5347,1,114,0
1745,103,4,5157,1,153,0
1746,103,4,5522,1,74,0
1747,103,4,5321,1,110,0
1748,103,4,5016,1,174,0
1749,103,4,5388,1,105,0
1750,103,4,5428,1,94,0
1751,103,4,5374,1,117,0
1752,104,4,5539,1,69,0
1753,104,4,5431,1,96,0
1754,104,4,5406,1,104,0
1755,104,4,5515,1,75,0
1756,104,4,5339,1,111,0
1757,104,3,2935,0,1001,0
1758,104,4,5155,1,159,0
1759,104,4,5096,1,218,0
1760,104,4,5299,1,119,0
1761,104,4,4537,1,373,0
1762,104,4,4766,1,324,0
1763,104,4,5306,1,142,0
1764,104,4,5153,1,169,0
1765,105,3,3313,0,1001,0
1766,105,4,5501,1,84,0
1767,105,4,4943,1,229,0
1768,105,4,5084,1,183,0
1769,105,4,5335,1,113,0
1770,105,4,5138,1,173,0
1771,105,3,3368,0,1001,0
1772,105,4,5110,1,219,0
1773,105,4,5356,1,127,0
1774,106,4,4359,1,545,0
1775,106,4,4611,1,311,0
1776,106,4,5195,1,162,0
1777,106,4,5401,1,99,0
1778,106,4,4607,1,354,0
1779,106,4,5126,1,213,0
1780,106,4,5343,1,123,0
1781,106,4,4685,1,282,0
1782,106,4,4992,1,204,0
1783,106,4,4942,1,289,0
1784,106,4,3440,1,558,0
1785,107,4,2417,1,945,0
1786,107,4,4714,1,371,0
1787,107,4,4253,1,360,0
1788,107,4,3871,1,468,0
1789,107,3,3365,0,1001,0
1790,108,4,4382,1,405,0
1791,108,4,3690,1,504,0
1792,108,4,3299,1,607,0
1793,108,4,5039,1,358,0
1794,108,4,5086,1,171,0
1795,108,4,5071,1,289,0
1796,108,4,4578,1,396,0
1797,108,4,5192,1,176,0
1798,108,4,5254,1,135,0
1799,108,4,5019,1,263,0
1800,109,0,0,0,1001,1
1801,109,4,5001,1,186,0
1802,109,4,4751,1,249,0
1803,109,4,5101,1,175,0
1804,109,4,5205,1,175,0
1805,109,4,4716,1,246,0
1806,109,4,4980,1,228,0
1807,109,4,5431,1,119,0
1808,109,4,5315,1,119,0
1809,109,4,5094,1,288,0
1810,109,4,4757,1,304,0
1811,110,4,4342,1,348,0
1812,110,4,4573,1,303,0
1813,110,3,3073,0,1001,0
1814,110,4,4396,1,420,0
1815,110,4,5284,1,163,0
1816,110,4,5229,1,141,0
1817,110,4,4675,1,247,0
1818,110,4,5248,1,180,0
1819,110,4,4892,1,222,0
1820,110,4,4765,1,233,0
1821,110,4,4846,1,228,0
1822,111,4,4745,1,260,0
1823,111,4,4093,1,379,0
1824,111,4,5204,1,186,0
1825,111,4,4911,1,197,0
1826,111,4,5410,1,92,0
1827,111,4,5185,1,180,0
1828,111,4,4807,1,280,0
1829,111,4,5036,1,178,0
1830,111,4,4074,1,444,0
1831,111,4,4594,1,310,0
1832,111,4,4367,1,440,0
1833,111,4,5165,1,179,0
1834,112,4,4868,1,220,0
1835,112,4,5251,1,157,0
1836,112,4,5195,1,137,0
1837,112,4,5211,1,171,0
1838,112,4,4996,1,212,0
1839,112,4,5218,1,144,0
1840,112,4,5162,1,165,0
1841,112,4,5269,1,128,0
1842,112,4,5340,1,115,0
1843,112,4,4937,1,238,0
1844,112,4,5244,1,131,0
1845,112,4,4226,1,434,0
1846,112,4,5280,1,127,0
1847,112,4,4644,1,328,0
1848,112,4,5104,1,222,0
1849,112,4,5173,1,146,0
1850,112,4,5122,1,188,0
1851,113,4,5139,1,197,0
1852,113,4,4847,1,208,0
1853,113,4,4747,1,229,0
1854,113,3,3313,0,1001,0
1855,113,4,5125,1,274,0
1856,113,3,2957,0,1001,0
1857,113,4,5287,1,157,0
1858,114,3,3225,0,1001,0
1859,114,4,5385,1,100,0
1860,114,4,5125,1,148,0
1861,114,3,3409,0,1001,0
1862,114,4,4872,1,215,0
1863,114,4,4601,1,256,0
1864,114,4,5386,1,100,0
1865,114,4,5027,1,175,0
1866,114,4,4877,1,230,0
1867,115,3,2927,0,1001,0
1868,115,4,4494,1,320,0
1869,115,4,4190,1,418,0
1870,115,4,5015,1,196,0
1871,115,4,4670,1,285,0
1872,115,4,5199,1,155,0
1873,115,4,5011,1,223,0
1874,115,4,4687,1,256,0
1875,115,4,5223,1,162,0
1876,116,4,4245,1,364,0
1877,116,4,4591,1,276,0
1878,116,4,4629,1,285,0
1879,116,4,5288,1,136,0
1880,116,4,5329,1,128,0
1881,116,4,4553,1,293,0
1882,116,3,3144,0,1001,0
1883,116,4,3930,1,671,0
1884,116,4,4842,1,215,0
1885,117,4,5451,1,93,0
1886,117,4,5354,1,129,0
1887,117,4,4588,1,280,0
1888,117,4,4950,1,233,0
1889,117,4,5301,1,142,0
1890,117,4,5096,1,154,0
1891,117,4,5281,1,134,0
1892,117,4,5124,1,197,0
1893,117,4,4675,1,309,0
1894,117,4,4452,1,384,0
1895,117,4,5107,1,197,0
1896,117,4,5319,1,128,0
1897,117,4,3102,1,722,0
1898,117,4,5412,1,99,0
1899,118,4,4924,1,202,0
1900,118,0,99,0,1001,1
1901,118,4,4774,1,317,0
1902,118,4,4224,1,438,0
1903,118,4,5085,1,170,0
1904,118,4,5278,1,169,0
1905,118,4,5151,1,172,0
1906,118,4,4824,1,235,0
1907,118,4,4298,1,360,0
1908,119,4,4009,1,463,0
1909,119,4,4812,1,228,0
1910,119,4,5321,1,111,0
1911,119,4,5039,1,185,0
1912,119,4,4924,1,211,0
1913,119,4,4721,1,260,0
1914,119,4,5356,1,105,0
1915,119,4,5479,1,89,0
1916,119,4,5143,1,154,0
1917,119,4,5356,1,117,0
1918,119,4,5203,1,155,0
1919,119,4,4890,1,260,0
1920,119,4,5419,1,106,0
1921,119,4,5153,1,157,0
1922,119,4,5007,1,173,0
1923,119,4,5252,1,125,0
1924,119,4,4754,1,235,0
1925,120,4,4836,1,228,0
1926,120,4,5402,1,113,0
1927,120,4,5516,1,80,0
1928,120,4,5184,1,153,0
1929,120,4,5507,1,83,0
1930,120,3,3383,0,1001,0
1931,120,4,5359,1,126,0
1932,120,4,4951,1,191,0
1933,120,4,4888,1,257,0
1934,120,4,5244,1,166,0
1935,120,4,5222,1,142,0
1936,121,3,3251,0,1001,0
1937,121,4,4655,1,298,0
1938,121,4,5416,1,92,0
1939,121,4,5290,1,149,0
1940,121,4,4782,1,239,0
1941,121,4,4826,1,227,0
1942,121,4,4533,1,294,0
1943,121,4,3912,1,436,0
1944,121,4,5422,1,104,0
1945,121,4,5336,1,169,0
1946,121,4,5040,1,177,0
1947,121,4,5379,1,114,0
1948,121,4,5271,1,151,0
1949,121,4,5243,1,135,0
1950,121,4,5099,1,173,0
1951,122,4,4761,1,289,0
1952,122,4,4880,1,207,0
1953,122,4,4924,1,210,0
1954,122,4,5481,1,90,0
1955,122,4,5370,1,104,0
1956,122,4,5262,1,162,0
1957,122,4,5311,1,126,0
1958,122,4,4612,1,303,0
1959,122,4,4870,1,213,0
1960,122,4,5446,1,94,0
1961,122,4,5265,1,143,0
1962,122,3,3370,0,1001,0
1963,122,4,5103,1,186,0
1964,122,4,4853,1,234,0
1965,123,4,5263,1,149,0
1966,123,4,5025,1,220,0
1967,123,4,4822,1,232,0
1968,123,4,5130,1,159,0
1969,123,4,4983,1,216,0
1970,123,4,4014,1,413,0
1971,123,3,3178,0,1001,0
1972,123,4,4218,1,467,0
1973,123,4,4362,1,321,0
1974,124,4,4168,1,376,0
1975,124,4,3444,1,676,0
1976,124,2,2110,0,1001,0
1977,124,4,5425,1,95,0
1978,124,4,5175,1,165,0
1979,124,4,5420,1,117,0
1980,124,4,4920,1,218,0
1981,124,4,5320,1,113,0
1982,124,4,4989,1,230,0
1983,124,4,5172,1,149,0
1984,125,4,5135,1,223,0
1985,125,4,5242,1,130,0
1986,125,4,4583,1,289,0
1987,125,4,5329,1,131,0
1988,125,4,4598,1,301,0
1989,125,4,5214,1,147,0
1990,125,4,4774,1,260,0
1991,125,4,4724,1,311,0
1992,125,4,5064,1,188,0
1993,125,4,5562,1,68,0
1994,125,4,5084,1,166,0
1995,125,4,4229,1,464,0
1996,125,4,5480,1,87,0
1997,125,4,5552,1,67,0
1998,125,4,5241,1,177,0
1999,125,4,5225,1,162,0
2000,126,0,99,0,1001,1
2001,126,4,5034,1,177,0
2002,126,4,5537,1,74,0
2003,126,4,4912,1,240,0
2004,126,4,5192,1,169,0
2005,126,4,4825,1,219,0
2006,126,4,5414,1,112,0
2007,126,4,5510,1,83,0
2008,126,4,5362,1,105,0
2009,126,4,4669,1,305,0
2010,126,4,5509,1,76,0
2011,126,4,5348,1,114,0
2012,126,4,4957,1,197,0
2013,126,4,5224,1,151,0
2014,126,4,5440,1,91,0
2015,126,4,5463,1,90,0
2016,127,4,5152,1,181,0
2017,127,4,5249,1,198,0
2018,127,4,5446,1,95,0
2019,127,4,5413,1,98,0
2020,127,4,5133,1,152,0
2021,127,4,5390,1,97,0
2022,127,4,5434,1,92,0
2023,127,4,5114,1,160,0
2024,127,4,5319,1,114,0
2025,127,4,5203,1,135,0
2026,127,4,4888,1,250,0
2027,127,4,5256,1,175,0
2028,127,4,5494,1,79,0
2029,127,4,5446,1,89,0
2030,127,4,5208,1,132,0
2031,127,4,5310,1,113,0
2032,127,4,5083,1,162,0
2033,127,4,5097,1,157,0
2034,127,4,5109,1,167,0
2035,127,4,5517,1,77,0
2036,128,3,3248,0,1001,0
2037,128,4,5163,1,153,0
2038,128,4,4722,1,250,0
2039,128,4,4980,1,207,0
2040,128,4,5314,1,121,0
2041,128,4,5367,1,112,0
2042,128,4,5269,1,133,0
2043,128,4,5084,1,198,0
2044,128,4,4201,1,433,0
2045,128,4,5312,1,124,0
2046,128,4,3940,1,472,0
2047,128,4,4671,1,289,0
2048,128,4,5110,1,183,0
2049,129,4,4243,1,417,0
2050,129,4,5240,1,137,0
2051,129,4,5298,1,152,0
2052,129,4,4993,1,222,0
2053,129,4,5119,1,185,0
2054,129,4,4738,1,294,0
2055,129,4,3968,1,419,0
2056,129,4,5143,1,154,0
2057,129,4,5282,1,140,0
2058,129,4,5365,1,130,0
2059,129,4,5053,1,206,0
2060,129,4,4338,1,378,0
2061,129,4,5021,1,197,0
2062,129,4,5256,1,142,0
2063,130,4,5417,1,112,0
2064,130,4,5019,1,216,0
2065,130,4,5036,1,192,0
2066,130,4,5405,1,107,0
2067,130,4,5273,1,158,0
2068,130,4,4775,1,277,0
2069,130,4,5316,1,157,0
2070,130,4,4997,1,219,0
2071,130,4,5239,1,161,0
2072,130,4,5265,1,157,0
2073,130,4,4341,1,351,0
2074,130,4,4981,1,246,0
2075,130,4,2906,1,799,0
2076,131,4,3982,1,420,0
2077,131,4,4725,1,259,0
2078,131,4,4567,1,289,0
2079,131,4,4381,1,408,0
2080,131,4,4395,1,404,0
2081,131,4,4479,1,315,0
2082,131,4,5336,1,128,0
2083,131,4,5311,1,140,0
2084,131,4,5469,1,95,0
2085,131,4,5153,1,176,0
2086,131,4,5172,1,171,0
2087,131,4,5330,1,122,0
2088,131,4,5495,1,90,0
2089,131,4,5093,1,172,0
2090,132,4,5500,1,82,0
2091,132,4,5522,1,75,0
2092,132,4,5489,1,91,0
2093,132,4,5423,1,104,0
2094,132,4,5181,1,146,0
2095,132,4,5145,1,187,0
2096,132,4,5447,1,110,0
2097,132,4,5227,1,158,0
2098,132,4,5280,1,144,0
2099,132,4,5333,1,131,0
2100,132,0,99,0,1001,1
2101,132,4,5037,1,174,0
2102,132,4,5141,1,183,0
2103,132,4,5297,1,124,0
2104,132,4,5261,1,144,0
2105,132,4,5413,1,106,0
2106,132,4,5431,1,105,0
2107,132,4,5376,1,123,0
2108,133,4,5095,1,217,0
2109,133,4,5505,1,77,0
2110,133,4,4881,1,261,0
2111,133,4,5316,1,140,0
2112,133,4,4748,1,257,0
2113,133,4,5030,1,197,0
2114,133,4,5023,1,182,0
2115,133,4,4447,1,313,0
2116,133,4,5355,1,117,0
2117,133,4,5007,1,191,0
2118,133,4,5112,1,189,0
2119,133,4,5187,1,147,0
2120,133,4,5261,1,157,0
2121,133,4,5391,1,117,0
2122,133,4,5536,1,70,0
2123,133,4,5432,1,104,0
2124,133,4,5155,1,200,0
2125,133,4,5458,1,105,0
2126,134,4,4744,1,249,0
2127,134,4,5326,1,112,0
2128,134,4,5361,1,126,0
2129,134,4,5394,1,122,0
2130,134,4,5132,1,221,0
2131,134,4,5223,1,151,0
2132,134,4,4757,1,249,0
2133,134,4,5126,1,190,0
2134,134,4,5002,1,246,0
2135,134,4,4788,1,279,0
2136,134,4,5298,1,135,0
2137,134,4,4735,1,294,0
2138,134,4,5314,1,139,0
2139,134,4,5445,1,100,0
2140,134,4,5006,1,231,0
2141,134,4,5236,1,155,0
2142,134,4,5079,1,180,0
2143,134,4,4953,1,203,0
2144,135,4,5096,1,189,0
2145,135,4,5269,1,166,0
2146,135,4,4809,1,317,0
2147,135,4,5367,1,114,0
2148,135,4,5074,1,191,0
2149,135,4,5254,1,144,0
2150,135,4,5432,1,102,0
2151,135,4,5249,1,141,0
2152,135,4,5434,1,108,0
2153,135,4,5320,1,128,0
2154,135,4,5367,1,122,0
2155,135,4,5315,1,145,0
2156,135,4,4544,1,309,0
2157,135,3,3385,0,1001,0
2158,136,4,4751,1,315,0
2159,136,4,5142,1,221,0
2160,136,4,5198,1,167,0
2161,136,4,5116,1,199,0
2162,136,4,5153,1,174,0
2163,136,4,5110,1,198,0
2164,136,4,5173,1,166,0
2165,136,4,5038,1,187,0
2166,136,4,4806,1,279,0
2167,136,4,5259,1,127,0
2168,136,4,5524,1,77,0
2169,136,4,5399,1,115,0
2170,136,4,5430,1,105,0
2171,136,4,4986,1,250,0
2172,136,4,4336,1,335,0
2173,136,4,5244,1,153,0
2174,136,4,5265,1,144,0
2175,137,4,5334,1,128,0
2176,137,4,5395,1,99,0
2177,137,4,4962,1,233,0
2178,137,4,5265,1,159,0
2179,137,4,5308,1,153,0
2180,137,4,4362,1,336,0
2181,137,4,5441,1,99,0
2182,137,4,4665,1,301,0
2183,137,4,5220,1,191,0
2184,137,4,5045,1,215,0
2185,137,4,5258,1,167,0
2186,137,4,5292,1,124,0
2187,137,4,5190,1,164,0
2188,137,4,5404,1,97,0
2189,137,4,4982,1,223,0
2190,137,4,4926,1,240,0
2191,137,4,5333,1,135,0
2192,137,4,5299,1,126,0
2193,138,4,5374,1,124,0
2194,138,4,5146,1,169,0
2195,138,4,4827,1,275,0
2196,138,4,4536,1,331,0
2197,138,4,5219,1,152,0
2198,138,4,5433,1,99,0
2199,138,4,5457,1,108,0
2200,138,0,0,0,1001,1
2201,138,4,4410,1,345,0
2202,138,4,5431,1,105,0
2203,138,4,5415,1,109,0
2204,138,4,5171,1,152,0
2205,138,4,5132,1,163,0
2206,138,4,5492,1,87,0
2207,139,3,3450,0,1001,0
2208,139,4,5344,1,117,0
2209,139,4,3763,1,474,0
2210,139,4,5296,1,148,0
2211,139,4,5404,1,110,0
2212,139,4,5014,1,181,0
2213,139,4,5368,1,129,0
2214,139,4,4472,1,360,0
2215,139,4,4862,1,248,0
2216,139,4,5263,1,138,0
2217,139,4,5283,1,141,0
2218,139,4,5309,1,130,0
2219,140,4,5420,1,99,0
2220,140,4,5360,1,127,0
2221,140,4,5461,1,105,0
2222,140,4,5297,1,136,0
2223,140,4,5316,1,138,0
2224,140,4,5019,1,207,0
2225,140,4,4978,1,210,0
2226,140,4,5264,1,149,0
2227,140,4,5114,1,222,0
2228,140,4,4970,1,239,0
2229,140,4,4766,1,246,0
2230,140,4,5349,1,128,0
2231,140,4,5337,1,157,0
2232,140,4,5345,1,139,0
2233,140,4,5424,1,123,0
2234,140,4,5248,1,174,0
2235,140,4,5304,1,156,0
2236,140,4,5124,1,243,0
2237,141,3,3481,0,1001,0
2238,141,4,5357,1,123,0
2239,141,4,4911,1,243,0
2240,141,4,5248,1,154,0
2241,141,4,4907,1,253,0
2242,141,4,5321,1,125,0
2243,141,4,5190,1,149,0
2244,141,2,2202,0,1001,0
2245,141,4,5111,1,175,0
2246,141,4,5467,1,97,0
2247,142,4,5334,1,136,0
2248,142,4,5374,1,133,0
2249,142,4,5498,1,84,0
2250,142,4,5417,1,132,0
2251,142,4,5173,1,168,0
2252,142,2,2360,0,1001,0
2253,142,4,5306,1,137,0
2254,142,4,5397,1,106,0
2255,142,4,5119,1,224,0
2256,142,4,5045,1,238,0
2257,142,4,5118,1,205,0
2258,142,4,5130,1,178,0
2259,143,3,3311,0,1001,0
2260,143,4,5185,1,199,0
2261,143,4,5211,1,160,0
2262,143,3,3301,0,1001,0
2263,143,4,5107,1,210,0
2264,143,4,5439,1,108,0
2265,143,4,5120,1,200,0
2266,143,4,5100,1,216,0
2267,143,4,5458,1,96,0
2268,143,4,5094,1,238,0
2269,143,4,4993,1,191,0
2270,144,4,5174,1,177,0
2271,144,4,5432,1,114,0
2272,144,4,4944,1,206,0
2273,144,4,5393,1,119,0
2274,144,4,5169,1,156,0
2275,144,4,5177,1,155,0
2276,144,3,2959,0,1001,0
2277,144,4,4938,1,183,0
2278,144,4,4957,1,215,0
2279,144,4,5505,1,74,0
2280,144,4,5090,1,169,0
2281,144,4,5141,1,155,0
2282,144,4,5123,1,170,0
2283,144,4,5015,1,239,0
2284,145,4,3828,1,526,0
2285,145,3,3287,0,1001,0
2286,145,4,5223,1,181,0
2287,145,4,5406,1,115,0
2288,145,4,5271,1,137,0
2289,145,4,5426,1,96,0
2290,145,4,5475,1,101,0
2291,145,4,5148,1,171,0
2292,145,4,5328,1,118,0
2293,145,4,4979,1,201,0
2294,145,4,5210,1,164,0
2295,145,4,5313,1,131,0
2296,145,4,4781,1,247,0
2297,146,4,4556,1,286,0
2298,146,4,5152,1,164,0
2299,146,4,5193,1,142,0
2300,146,0,99,0,1001,1
2301,146,4,5169,1,146,0
2302,146,4,4973,1,197,0
2303,146,3,3438,0,1001,0
2304,146,4,4945,1,193,0
2305,146,4,5500,1,81,0
2306,147,4,5180,1,161,0
2307,147,4,5257,1,174,0
2308,147,4,5346,1,118,0
2309,147,4,5003,1,174,0
2310,147,4,5061,1,192,0
2311,147,4,4884,1,205,0
2312,147,4,5125,1,169,0
2313,147,4,5139,1,215,0
2314,147,4,5140,1,148,0
2315,147,4,5012,1,182,0
2316,147,4,5499,1,81,0
2317,147,4,5311,1,117,0
2318,147,4,4988,1,207,0
2319,147,4,5358,1,107,0
2320,147,4,4380,1,493,0
2321,147,4,4995,1,184,0
2322,147,4,4589,1,263,0
2323,148,4,5101,1,154,0
2324,148,4,5275,1,126,0
2325,148,4,5357,1,109,0
2326,148,4,5424,1,122,0
2327,148,4,5478,1,83,0
2328,148,4,5256,1,130,0
2329,148,4,5253,1,128,0
2330,148,4,5450,1,88,0
2331,148,4,3822,1,487,0
2332,148,4,5559,1,71,0
2333,148,4,4929,1,187,0
2334,148,4,5331,1,113,0
2335,148,4,5524,1,76,0
2336,148,4,4697,1,244,0
2337,148,4,5491,1,82,0
2338,148,4,5353,1,105,0
2339,148,4,4912,1,190,0
2340,148,4,5449,1,86,0
2341,148,4,5410,1,94,0
2342,148,4,4434,1,300,0
2343,148,4,4832,1,223,0
2344,149,4,4921,1,218,0
2345,149,4,5002,1,206,0
2346,149,4,5175,1,140,0
2347,149,4,5567,1,68,0
2348,149,4,5012,1,175,0
2349,149,4,5480,1,84,0
2350,149,2,2349,0,1001,0
2351,149,4,5457,1,86,0
2352,149,4,5518,1,78,0
2353,149,4,5567,1,69,0
2354,149,4,5270,1,137,0
2355,149,4,5495,1,83,0
2356,149,4,5538,1,71,0
2357,149,4,5518,1,76,0
2358,149,4,5533,1,79,0
2359,149,4,5372,1,100,0
2360,149,4,5433,1,92,0
2361,149,4,5379,1,127,0
2362,149,4,5369,1,110,0
2363,150,3,3462,0,1001,0
2364,150,4,5551,1,74,0
2365,150,4,5535,1,73,0
2366,150,4,4766,1,274,0
2367,150,3,3460,0,1001,0
2368,150,4,5483,1,86,0
2369,150,4,5310,1,108,0
2370,150,4,5498,1,83,0
2371,150,4,5458,1,93,0
2372,150,4,4927,1,197,0
2373,150,4,4712,1,264,0
2374,151,4,4991,1,181,0
2375,151,4,5135,1,161,0
2376,151,4,5263,1,138,0
2377,151,4,5216,1,143,0
2378,151,4,5010,1,178,0
2379,151,4,5363,1,131,0
2380,151,4,5520,1,82,0
2381,151,4,5085,1,183,0
2382,151,4,5431,1,106,0
2383,151,4,5430,1,101,0
2384,151,4,5234,1,137,0
2385,151,4,4933,1,192,0
2386,151,4,5430,1,100,0
2387,151,4,5446,1,103,0
2388,151,4,5397,1,98,0
2389,151,4,5164,1,169,0
2390,151,4,5419,1,111,0
2391,151,4,5448,1,90,0
2392,151,4,5446,1,90,0
2393,152,3,2794,0,1001,0
2394,152,4,5168,1,151,0
2395,152,4,5186,1,147,0
2396,152,4,5055,1,164,0
2397,152,3,3360,0,1001,0
2398,152,3,2988,0,1001,0
2399,152,4,5022,1,168,0
2400,153,0,0,0,1001,1
2401,153,4,5180,1,185,0
2402,153,4,4839,1,222,0
2403,153,4,5303,1,120,0
2404,153,4,5163,1,159,0
2405,153,4,5279,1,139,0
2406,153,4,5284,1,123,0
2407,153,4,5285,1,116,0
2408,153,4,5316,1,110,0
2409,153,4,5392,1,103,0
2410,153,4,4750,1,259,0
2411,153,4,4385,1,335,0
2412,153,4,5271,1,121,0
2413,153,4,5228,1,137,0
2414,153,4,4959,1,182,0
2415,153,4,4962,1,205,0
2416,154,4,5179,1,139,0
2417,154,4,5364,1,99,0
2418,154,4,5432,1,92,0
2419,154,4,5339,1,121,0
2420,154,4,5407,1,107,0
2421,154,4,5303,1,137,0
2422,154,4,5254,1,142,0
2423,154,4,5102,1,181,0
2424,154,4,4841,1,219,0
2425,154,4,4438,1,306,0
2426,154,4,4500,1,280,0
2427,154,4,4758,1,255,0
2428,154,4,5086,1,173,0
2429,154,4,5187,1,140,0
2430,154,4,5471,1,96,0
2431,154,4,5284,1,116,0
2432,154,4,4951,1,201,0
2433,154,4,4524,1,277,0
2434,155,4,4612,1,276,0
2435,155,4,5244,1,147,0
2436,155,4,5217,1,170,0
2437,155,4,5295,1,116,0
2438,155,4,4810,1,234,0
2439,155,4,5375,1,117,0
2440,155,4,5524,1,74,0
2441,155,4,5580,1,63,0
2442,155,4,5344,1,107,0
2443,155,4,5391,1,99,0
2444,155,4,5333,1,118,0
2445,155,4,5167,1,176,0
2446,155,4,5326,1,116,0
2447,155,4,5350,1,125,0
2448,155,4,5448,1,85,0
2449,155,4,4826,1,215,0
2450,155,4,5107,1,213,0
2451,155,4,5439,1,98,0
2452,155,4,5046,1,161,0
2453,155,4,4997,1,179,0
2454,155,4,4746,1,233,0
2455,155,4,5075,1,164,0
2456,156,4,5328,1,119,0
2457,156,4,4301,1,342,0
2458,156,4,5241,1,133,0
2459,156,4,5488,1,91,0
2460,156,4,4984,1,177,0
2461,156,4,5069,1,161,0
2462,156,4,5359,1,105,0
2463,156,4,4721,1,236,0
2464,156,4,5022,1,214,0
2465,156,4,5532,1,76,0
2466,156,4,5179,1,158,0
2467,156,4,5196,1,143,0
2468,156,4,5575,1,63,0
2469,156,4,5215,1,133,0
2470,156,4,5240,1,143,0
2471,156,4,5448,1,98,0
2472,156,4,5003,1,199,0
2473,156,4,4904,1,226,0
2474,156,4,4994,1,211,0
2475,157,4,4424,1,396,0
2476,157,4,5391,1,123,0
2477,157,4,5154,1,205,0
2478,157,4,5222,1,138,0
2479,157,4,5262,1,155,0
2480,157,4,5487,1,102,0
2481,157,4,5375,1,157,0
2482,157,4,5327,1,125,0
2483,157,4,5304,1,117,0
2484,157,4,5156,1,150,0
2485,157,4,5344,1,131,0
2486,157,4,5287,1,185,0
2487,157,4,4600,1,330,0
2488,157,4,4579,1,349,0
2489,157,4,4575,1,471,0
2490,158,3,3491,0,1001,0
2491,158,4,5290,1,173,0
2492,158,4,5274,1,158,0
2493,158,4,5152,1,148,0
2494,158,4,4888,1,209,0
2495,158,4,4828,1,251,0
2496,158,4,5377,1,112,0
2497,158,4,5109,1,160,0
2498,158,4,5465,1,93,0
2499,158,3,3237,0,1001,0
2500,159,0,0,0,1001,1
2501,159,4,5462,1,91,0
2502,159,4,4801,1,236,0
2503,159,4,5509,1,75,0
2504,159,3,3374,0,1001,0
2505,159,4,5188,1,161,0
2506,159,4,5353,1,109,0
2507,159,4,4536,1,288,0
2508,159,4,5460,1,92,0
2509,159,4,5188,1,152,0
2510,159,4,5308,1,121,0
2511,160,3,3410,0,1001,0
2512,160,4,5417,1,112,0
2513,160,4,4252,1,366,0
2514,160,4,5537,1,74,0
2515,160,4,5398,1,107,0
2516,160,4,5221,1,150,0
2517,160,4,5440,1,91,0
2518,160,4,5450,1,90,0
2519,160,4,5446,1,92,0
2520,160,4,5530,1,74,0
2521,160,4,5170,1,162,0
2522,160,4,5473,1,91,0
2523,160,4,5463,1,88,0
2524,160,4,5524,1,71,0
2525,160,4,5359,1,120,0
2526,160,4,5317,1,122,0
2527,160,4,5422,1,104,0
2528,160,4,5383,1,102,0
2529,160,4,5342,1,119,0
2530,160,4,5461,1,101,0
2531,161,4,5497,1,80,0
2532,161,4,5421,1,103,0
2533,161,4,5132,1,157,0
2534,161,4,5161,1,146,0
2535,161,4,5102,1,164,0
2536,161,4,5406,1,100,0
2537,161,4,5441,1,106,0
2538,161,4,4190,1,385,0
2539,161,4,5136,1,150,0
2540,161,4,5165,1,160,0
2541,161,4,4447,1,299,0
2542,161,4,5340,1,116,0
2543,161,4,4682,1,252,0
2544,161,4,5353,1,120,0
2545,161,4,5461,1,95,0
2546,161,4,5418,1,113,0
2547,161,4,5481,1,81,0
2548,161,4,5335,1,109,0
2549,161,4,5477,1,91,0
2550,161,4,5500,1,80,0
2551,161,4,5357,1,113,0
2552,161,4,5514,1,80,0
2553,162,4,5404,1,123,0
2554,162,4,5557,1,68,0
2555,162,4,5549,1,66,0
2556,162,4,4834,1,216,0
2557,162,4,5588,1,59,0
2558,162,4,5512,1,84,0
2559,162,4,5471,1,80,0
2560,162,4,5451,1,96,0
2561,162,4,5518,1,75,0
2562,162,4,5385,1,110,0
2563,162,4,5446,1,99,0
2564,162,4,5552,1,66,0
2565,162,4,5521,1,78,0
2566,162,4,5447,1,104,0
2567,162,4,5464,1,89,0
2568,162,4,5548,1,69,0
2569,162,4,5535,1,72,0
2570,162,4,5473,1,97,0
2571,162,4,5472,1,88,0
2572,162,4,5503,1,83,0
2573,162,4,5434,1,106,0
2574,162,4,5410,1,106,0
2575,162,4,5200,1,160,0
2576,162,4,4840,1,253,0
2577,162,4,4797,1,238,0
2578,162,4,5307,1,128,0
2579,163,3,3466,0,1001,0
2580,163,4,5537,1,74,0
2581,163,4,5532,1,69,0
2582,163,3,3482,0,1001,0
2583,163,4,4998,1,227,0
2584,163,4,5020,1,170,0
2585,163,4,5251,1,127,0
2586,163,4,5233,1,129,0
2587,163,4,4470,1,320,0
2588,163,4,5430,1,96,0
2589,163,4,5252,1,127,0
2590,163,4,5188,1,133,0
2591,163,4,5268,1,115,0
2592,164,4,5421,1,100,0
2593,164,3,3420,0,1001,0
2594,164,4,5219,1,127,0
2595,164,4,4708,1,283,0
2596,164,4,5060,1,160,0
2597,164,4,4274,1,344,0
2598,164,4,4685,1,250,0
2599,164,4,4651,1,265,0
2600,164,4,5609,1,52,1
2601,164,4,5510,1,75,0
2602,164,4,5447,1,91,0
2603,164,4,5392,1,104,0
2604,164,4,5491,1,87,0
2605,164,4,5510,1,72,0
2606,164,4,5489,1,78,0
2607,164,4,5469,1,90,0
2608,164,4,5548,1,67,0
2609,165,4,5424,1,97,0
2610,165,4,5544,1,71,0
2611,165,4,4991,1,192,0
2612,165,4,5173,1,175,0
2613,165,4,4724,1,274,0
2614,165,4,4729,1,251,0
2615,165,4,3957,1,438,0
2616,165,4,4746,1,275,0
2617,165,4,5420,1,99,0
2618,165,4,5517,1,84,0
2619,165,4,5373,1,132,0
2620,165,4,5189,1,205,0
2621,165,4,5466,1,101,0
2622,165,4,4705,1,353,0
2623,165,4,5386,1,107,0
2624,165,4,4801,1,253,0
2625,166,4,5366,1,103,0
2626,166,4,4441,1,333,0
2627,166,4,5494,1,79,0
2628,166,4,5342,1,127,0
2629,166,4,4971,1,215,0
2630,166,4,5442,1,90,0
2631,166,4,5497,1,88,0
2632,166,4,5473,1,79,0
2633,166,4,4980,1,182,0
2634,166,4,5186,1,141,0
2635,166,3,3366,0,1001,0
2636,167,3,3182,0,1001,0
2637,167,4,5151,1,152,0
2638,167,4,5349,1,115,0
2639,167,4,5296,1,127,0
2640,167,4,4789,1,231,0
2641,167,4,5162,1,168,0
2642,167,4,5131,1,165,0
2643,167,4,5010,1,186,0
2644,167,4,5283,1,133,0
2645,167,4,4445,1,297,0
2646,167,4,4847,1,258,0
2647,167,4,5321,1,111,0
2648,167,4,5102,1,160,0
2649,167,4,5175,1,157,0
2650,168,3,3122,0,1001,0
2651,168,4,5140,1,159,0
2652,168,4,5482,1,87,0
2653,168,4,4731,1,245,0
2654,168,3,2681,0,1001,0
2655,168,4,5463,1,95,0
2656,168,4,5484,1,86,0
2657,168,4,5331,1,123,0
2658,168,4,5542,1,76,0
2659,168,4,5450,1,103,0
2660,168,4,5345,1,144,0
2661,168,4,5515,1,77,0
2662,168,4,5425,1,108,0
2663,168,4,5538,1,76,0
2664,168,4,5494,1,83,0
2665,168,4,5564,1,66,0
2666,168,4,5492,1,95,0
2667,168,4,5217,1,171,0
2668,169,4,5179,1,181,0
2669,169,4,5532,1,75,0
2670,169,4,5530,1,82,0
2671,169,4,5026,1,229,0
2672,169,4,5244,1,149,0
2673,169,4,5337,1,135,0
2674,169,4,5495,1,80,0
2675,169,4,5210,1,151,0
2676,169,4,5482,1,96,0
2677,169,4,5389,1,106,0
2678,169,4,5556,1,65,0
2679,169,4,5521,1,78,0
2680,169,4,5513,1,77,0
2681,169,4,5437,1,109,0
2682,169,4,5128,1,164,0
2683,169,4,4844,1,226,0
2684,169,4,5493,1,80,0
2685,169,4,5489,1,86,0
2686,169,4,5391,1,125,0
2687,169,4,3922,1,440,0
2688,169,4,5334,1,137,0
2689,169,4,5292,1,130,0
2690,169,4,5436,1,101,0
2691,169,4,5235,1,138,0
2692,169,4,5350,1,118,0
2693,170,4,5310,1,145,0
2694,170,4,4966,1,216,0
2695,170,4,5330,1,131,0
2696,170,4,5081,1,179,0
2697,170,4,5499,1,86,0
2698,170,4,5174,1,181,0
2699,170,4,5289,1,124,0
2700,170,0,99,0,1001,1
2701,170,4,5217,1,131,0
2702,170,4,5508,1,72,0
2703,170,4,5432,1,95,0
2704,170,4,5266,1,148,0
2705,170,4,5456,1,97,0
2706,170,4,5463,1,86,0
2707,170,4,5207,1,179,0
2708,170,4,5325,1,127,0
2709,170,4,5494,1,84,0
2710,171,4,5161,1,173,0
2711,171,4,4970,1,191,0
2712,171,4,4896,1,232,0
2713,171,4,5394,1,100,0
2714,171,4,5434,1,93,0
2715,171,4,4926,1,233,0
2716,171,3,3456,0,1001,0
2717,171,4,5103,1,195,0
2718,171,4,5229,1,162,0
2719,171,4,5528,1,76,0
2720,171,4,5423,1,123,0
2721,171,4,5534,1,71,0
2722,171,4,5079,1,180,0
2723,171,4,5168,1,171,0
2724,171,4,4879,1,209,0
2725,172,3,3410,0,1001,0
2726,172,4,5200,1,156,0
2727,172,4,5300,1,150,0
2728,172,4,5238,1,175,0
2729,172,4,4741,1,298,0
2730,172,3,3372,0,1001,0
2731,172,4,5161,1,166,0
2732,172,4,5343,1,141,0
2733,173,4,4865,1,296,0
2734,173,4,5457,1,101,0
2735,173,3,3482,0,1001,0
2736,173,4,5426,1,95,0
2737,173,4,5283,1,147,0
2738,173,4,5267,1,168,0
2739,173,4,5532,1,78,0
2740,173,4,5112,1,201,0
2741,173,4,5177,1,155,0
2742,173,4,5060,1,234,0
2743,173,4,4899,1,197,0
2744,173,4,5077,1,159,0
2745,173,4,5103,1,177,0
2746,173,4,5424,1,101,0
2747,173,4,5462,1,89,0
2748,173,4,5274,1,121,0
2749,174,4,4890,1,194,0
2750,174,4,5538,1,73,0
2751,174,4,5117,1,159,0
2752,174,4,5390,1,110,0
2753,174,4,5483,1,86,0
2754,174,4,5440,1,99,0
2755,174,4,5305,1,142,0
2756,174,4,5091,1,188,0
2757,174,4,5340,1,136,0
2758,174,4,5436,1,106,0
2759,174,4,4599,1,302,0
2760,174,4,5409,1,112,0
2761,174,4,5460,1,99,0
2762,174,4,5447,1,99,0
2763,174,4,5482,1,92,0
2764,174,4,5254,1,189,0
2765,174,4,5440,1,113,0
2766,174,4,5443,1,108,0
2767,174,4,5130,1,178,0
2768,175,2,2340,0,1001,0
2769,175,4,5246,1,141,0
2770,175,4,5521,1,81,0
2771,175,4,5342,1,115,0
2772,175,4,5368,1,126,0
2773,175,4,5439,1,105,0
2774,175,2,2352,0,1001,0
2775,175,4,5527,1,75,0
2776,175,4,5465,1,96,0
2777,175,4,5357,1,125,0
2778,175,4,5038,1,184,0
2779,175,4,4722,1,280,0
2780,175,4,5014,1,232,0
2781,175,4,5382,1,125,0
2782,176,4,5092,1,245,0
2783,176,4,5465,1,92,0
2784,176,4,5474,1,88,0
2785,176,4,5552,1,68,0
2786,176,4,5383,1,108,0
2787,176,4,5417,1,99,0
2788,176,4,5543,1,72,0
2789,176,4,5583,1,62,0
2790,176,4,5457,1,96,0
2791,176,4,5248,1,134,0
2792,176,4,5554,1,68,0
2793,176,4,5355,1,117,0
2794,176,4,5283,1,129,0
2795,176,4,4636,1,284,0
2796,176,4,4663,1,272,0
2797,176,4,5491,1,86,0
2798,176,4,5453,1,86,0
2799,176,4,5192,1,157,0
2800,176,0,99,0,1001,1
2801,177,4,4866,1,218,0
2802,177,4,5541,1,71,0
2803,177,4,5469,1,97,0
2804,177,4,5379,1,112,0
2805,177,4,5412,1,116,0
2806,177,4,5512,1,82,0
2807,177,4,5412,1,94,0
2808,177,4,5492,1,90,0
2809,177,4,5326,1,123,0
2810,177,4,5013,1,237,0
2811,177,4,5328,1,132,0
2812,177,4,5491,1,87,0
2813,177,4,5482,1,90,0
2814,177,4,5528,1,76,0
2815,177,4,5550,1,66,0
2816,177,3,3504,0,1001,0
2817,177,4,5477,1,90,0
2818,177,4,5521,1,75,0
2819,178,3,3477,0,1001,0
2820,178,3,3351,0,1001,0
2821,178,3,3290,0,1001,0
2822,178,4,5055,1,165,0
2823,178,4,5546,1,69,0
2824,178,4,5427,1,122,0
2825,179,3,3491,0,1001,0
2826,179,4,5340,1,117,0
2827,179,4,5392,1,104,0
2828,179,4,5494,1,81,0
2829,179,4,5482,1,95,0
2830,179,4,5461,1,126,0
2831,179,4,5569,1,60,0
2832,179,4,4931,1,199,0
2833,179,3,3489,0,1001,0
2834,179,4,5442,1,101,0
2835,179,4,4887,1,197,0
2836,179,4,5509,1,83,0
2837,179,4,5265,1,148,0
2838,180,3,3114,0,1001,0
2839,180,4,5498,1,89,0
2840,180,4,5374,1,100,0
2841,180,3,3361,0,1001,0
2842,180,4,4069,1,475,0
2843,180,4,5420,1,103,0
2844,181,4,4356,1,415,0
2845,181,4,5472,1,90,0
2846,181,4,5290,1,134,0
2847,181,4,5504,1,80,0
2848,181,4,5402,1,110,0
2849,181,4,5489,1,95,0
2850,181,4,5388,1,115,0
2851,181,4,5109,1,174,0
2852,181,4,5084,1,164,0
2853,181,4,4810,1,214,0
2854,181,4,5496,1,81,0
2855,181,4,5289,1,136,0
2856,181,4,5109,1,164,0
2857,181,4,5321,1,119,0
2858,181,4,5446,1,94,0
2859,181,4,5440,1,96,0
2860,181,4,5097,1,193,0
2861,181,4,5465,1,90,0
2862,181,4,5386,1,115,0
2863,181,4,5052,1,212,0
2864,181,4,4621,1,441,0
2865,182,4,4171,1,607,0
2866,182,4,5528,1,73,0
2867,182,3,3506,0,1001,0
2868,182,4,5506,1,81,0
2869,182,4,5420,1,99,0
2870,182,4,5227,1,179,0
2871,182,4,5459,1,87,0
2872,182,4,5364,1,126,0
2873,182,3,3406,0,1001,0
2874,182,4,5241,1,148,0
2875,183,4,5555,1,64,0
2876,183,4,5416,1,89,0
2877,183,4,5250,1,120,0
2878,183,4,5451,1,93,0
2879,183,4,5358,1,111,0
2880,183,4,5245,1,123,0
2881,183,4,5085,1,166,0
2882,183,3,3093,0,1001,0
2883,183,4,4779,1,246,0
2884,183,4,4703,1,228,0
2885,183,4,5170,1,146,0
2886,184,3,3213,0,1001,0
2887,184,4,5259,1,119,0
2888,184,4,4800,1,211,0
2889,184,4,4917,1,236,0
2890,184,4,4507,1,280,0
2891,184,4,4822,1,232,0
2892,184,4,5034,1,161,0
2893,184,4,5474,1,87,0
2894,184,4,5146,1,148,0
2895,184,4,5565,1,61,0
2896,184,4,4955,1,178,0
2897,184,4,5139,1,169,0
2898,184,4,5479,1,85,0
2899,184,4,4894,1,208,0
2900,185,0,0,0,1001,1
2901,185,4,4516,1,329,0
2902,185,4,5024,1,172,0
2903,185,4,5310,1,118,0
2904,185,4,4587,1,312,0
2905,185,2,2307,0,1001,0
2906,185,4,5419,1,89,0
2907,185,4,3600,1,506,0
2908,185,4,4408,1,323,0
2909,186,3,3491,0,1001,0
2910,186,3,3520,0,1001,0
2911,186,4,5450,1,83,0
2912,186,4,5585,1,59,0
2913,186,4,5440,1,91,0
2914,186,4,5108,1,218,0
2915,186,4,5255,1,155,0
2916,186,4,5305,1,130,0
2917,186,4,4775,1,245,0
2918,186,4,5457,1,89,0
2919,187,4,4814,1,220,0
2920,187,4,5316,1,133,0
2921,187,4,5550,1,71,0
2922,187,4,5544,1,68,0
2923,187,4,5529,1,75,0
2924,187,4,5362,1,118,0
2925,187,4,5418,1,112,0
2926,187,4,5466,1,87,0
2927,187,4,5573,1,61,0
2928,187,4,5236,1,181,0
2929,187,4,4979,1,269,0
2930,187,4,5146,1,202,0
2931,187,4,4383,1,334,0
2932,187,4,4675,1,299,0
2933,187,4,5525,1,78,0
2934,187,4,5438,1,105,0
2935,187,4,5446,1,104,0
2936,187,4,5605,1,55,0
2937,187,4,5424,1,103,0
2938,187,4,5344,1,119,0
2939,187,4,5512,1,94,0
2940,187,4,5430,1,110,0
2941,187,4,5347,1,129,0
2942,187,4,5285,1,135,0
2943,188,4,5197,1,149,0
2944,188,4,5354,1,141,0
2945,188,4,5377,1,94,0
2946,188,4,5002,1,194,0
2947,188,4,5010,1,193,0
2948,188,4,5482,1,87,0
2949,188,4,5187,1,174,0
2950,188,4,5414,1,115,0
2951,188,4,5393,1,117,0
2952,188,4,5129,1,156,0
2953,188,4,4917,1,215,0
2954,188,4,5047,1,174,0
2955,188,4,5167,1,145,0
2956,188,4,5358,1,104,0
2957,188,4,4921,1,188,0
2958,188,4,5426,1,94,0
2959,188,4,5194,1,163,0
2960,188,4,5433,1,111,0
2961,188,4,4745,1,250,0
2962,188,4,4415,1,375,0
2963,189,4,5069,1,163,0
2964,189,4,4302,1,596,0
2965,189,4,5022,1,227,0
2966,189,4,4906,1,237,0
2967,189,4,5374,1,146,0
2968,189,4,5398,1,108,0
2969,189,4,4685,1,288,0
2970,189,4,5232,1,143,0
2971,189,4,4451,1,302,0
2972,189,4,5228,1,144,0
2973,189,4,4207,1,398,0
2974,189,4,5058,1,178,0
2975,190,2,2191,0,1001,0
2976,190,4,4806,1,232,0
2977,190,4,4957,1,246,0
2978,190,4,5207,1,129,0
2979,190,4,4718,1,270,0
2980,190,4,5276,1,145,0
2981,190,4,4748,1,266,0
2982,190,4,4967,1,183,0
2983,190,4,5213,1,164,0
2984,190,4,5111,1,155,0
2985,190,4,5230,1,182,0
2986,190,4,5162,1,168,0
2987,191,2,2296,0,1001,0
2988,191,4,5004,1,205,0
2989,191,4,5267,1,145,0
2990,191,4,4147,1,467,0
2991,191,4,4996,1,237,0
2992,191,4,5074,1,179,0
2993,191,2,2098,0,1001,0
2994,191,4,5261,1,125,0
2995,191,4,4981,1,184,0
2996,192,4,5530,1,72,0
2997,192,4,4832,1,263,0
2998,192,3,3113,0,1001,0
2999,192,4,4788,1,325,0
3000,192,0,0,0,1001,1
3001,192,4,4877,1,201,0
3002,192,4,5411,1,112,0
3003,192,4,5150,1,173,0
3004,193,4,4899,1,209,0
3005,193,4,5440,1,86,0
3006,193,4,4847,1,252,0
3007,193,3,3138,0,1001,0
3008,193,4,3751,1,543,0
3009,193,4,4736,1,303,0
3010,193,4,3097,1,813,0
3011,194,4,5256,1,140,0
3012,194,4,4895,1,230,0
3013,194,4,4807,1,234,0
3014,194,4,4733,1,267,0
3015,194,4,5326,1,126,0
3016,194,4,4980,1,205,0
3017,194,4,4260,1,379,0
3018,194,4,4954,1,225,0
3019,194,4,5170,1,161,0
3020,194,4,5416,1,115,0
3021,194,4,4827,1,237,0
3022,194,4,5362,1,104,0
3023,194,4,4257,1,350,0
3024,194,4,5127,1,204,0
3025,195,4,3330,1,631,0
3026,195,4,5331,1,132,0
3027,195,4,5169,1,170,0
3028,195,4,5373,1,115,0
3029,195,4,5029,1,231,0
3030,195,4,4686,1,301,0
3031,195,4,5398,1,109,0
3032,195,4,5054,1,235,0
3033,195,4,5124,1,250,0
3034,195,4,5060,1,252,0
3035,195,4,5196,1,177,0
3036,195,4,4777,1,273,0
3037,195,4,5127,1,161,0
3038,195,4,4956,1,272,0
3039,196,4,5020,1,211,0
3040,196,4,4288,1,405,0
3041,196,2,2346,0,1001,0
3042,196,4,5431,1,113,0
3043,196,4,5486,1,89,0
3044,196,3,3460,0,1001,0
3045,196,4,5138,1,232,0
3046,196,4,5410,1,112,0
3047,196,4,5534,1,74,0
3048,197,4,4694,1,249,0
3049,197,4,4020,1,427,0
3050,197,4,5399,1,104,0
3051,197,4,5106,1,178,0
3052,197,4,5311,1,113,0
3053,197,4,4334,1,379,0
3054,197,4,5304,1,155,0
3055,197,4,5346,1,124,0
3056,197,4,5443,1,106,0
3057,197,4,5277,1,164,0
3058,197,4,5411,1,104,0
3059,197,4,5264,1,145,0
3060,197,4,5028,1,168,0
3061,197,4,4740,1,263,0
3062,197,4,4818,1,280,0
3063,197,4,5270,1,180,0
3064,198,4,4556,1,278,0
3065,198,4,4910,1,204,0
3066,198,4,5129,1,157,0
3067,198,4,5160,1,171,0
3068,198,4,4813,1,303,0
3069,198,4,4984,1,220,0
3070,198,4,5218,1,153,0
3071,198,4,4897,1,250,0
3072,198,4,5402,1,110,0
3073,198,4,5340,1,114,0
3074,198,4,4948,1,240,0
3075,198,3,3400,0,1001,0
3076,199,4,4118,1,500,0
3077,199,4,5285,1,140,0
3078,199,4,4976,1,242,0
3079,199,4,5219,1,163,0
3080,199,4,4989,1,234,0
3081,199,4,5106,1,171,0
3082,199,4,4539,1,382,0
3083,199,4,5117,1,165,0
3084,199,4,5001,1,242,0
3085,199,4,5252,1,119,0
3086,199,4,4998,1,173,0
3087,199,4,5437,1,102,0
3088,199,4,5309,1,127,0
3089,199,4,5328,1,103,0
3090,199,4,4874,1,230,0
3091,199,4,5316,1,134,0
3092,200,4,4967,1,175,0
3093,200,4,4881,1,256,0
3094,200,4,5438,1,95,0
3095,200,4,4915,1,210,0
3096,200,4,4932,1,219,0
3097,200,4,5481,1,78,0
3098,200,4,5236,1,155,0
3099,200,4,4969,1,205,0
3100,200,0,0,0,1001,1
3101,200,4,5322,1,123,0
3102,200,4,5229,1,129,0
3103,200,4,3933,1,447,0
3104,201,3,3284,0,1001,0
3105,201,4,4542,1,268,0
3106,201,4,5485,1,105,0
3107,201,4,4778,1,263,0
3108,201,4,4653,1,283,0
3109,201,4,4871,1,231,0
3110,201,4,5169,1,176,0
3111,201,4,4647,1,278,0
3112,201,4,4945,1,202,0
3113,201,4,4355,1,323,0
3114,201,4,4876,1,268,0
3115,202,4,4733,1,284,0
3116,202,4,5304,1,135,0
3117,202,4,5117,1,202,0
3118,202,4,5417,1,104,0
3119,202,4,4962,1,182,0
3120,202,4,4564,1,275,0
3121,202,4,5357,1,115,0
3122,202,4,5135,1,154,0
3123,202,4,4922,1,222,0
3124,202,4,4973,1,188,0
3125,202,4,4435,1,305,0
3126,202,4,4948,1,270,0
3127,202,4,4772,1,222,0
3128,202,4,4682,1,247,0
3129,202,4,4889,1,205,0
3130,203,4,3419,1,559,0
3131,203,4,4558,1,290,0
3132,203,4,4997,1,211,0
3133,203,4,5269,1,155,0
3134,203,4,4405,1,399,0
3135,203,4,3887,1,480,0
3136,203,4,5209,1,157,0
3137,203,4,4819,1,256,0
3138,203,4,4971,1,211,0
3139,203,4,5375,1,110,0
3140,203,4,4755,1,298,0
3141,204,4,5075,1,189,0
3142,204,3,3137,0,1001,0
3143,204,4,5090,1,149,0
3144,204,4,4054,1,484,0
3145,204,4,5127,1,182,0
3146,204,4,5342,1,119,0
3147,204,4,5453,1,99,0
3148,204,4,4928,1,234,0
3149,204,4,4917,1,267,0
3150,204,4,4929,1,195,0
3151,204,4,5251,1,136,0
3152,204,4,5244,1,141,0
3153,205,4,4565,1,286,0
3154,205,4,4550,1,312,0
3155,205,4,5098,1,151,0
3156,205,4,4853,1,244,0
3157,205,4,4863,1,260,0
3158,205,4,5307,1,115,0
3159,205,4,5222,1,179,0
3160,205,4,4907,1,236,0
3161,205,4,4687,1,345,0
3162,205,4,5477,1,94,0
3163,205,4,5011,1,223,0
3164,205,4,4955,1,204,0
3165,205,4,4979,1,247,0
3166,205,4,5199,1,163,0
3167,205,4,5096,1,164,0
3168,206,4,4870,1,221,0
3169,206,4,5261,1,135,0
3170,206,4,5017,1,198,0
3171,206,4,3709,1,489,0
3172,206,4,5397,1,110,0
3173,206,4,5206,1,165,0
3174,206,4,5249,1,152,0
3175,206,4,4246,1,349,0
3176,206,4,4852,1,229,0
3177,206,4,5240,1,125,0
3178,206,4,4820,1,227,0
3179,206,4,5541,1,70,0
3180,206,4,4967,1,173,0
3181,206,4,4627,1,266,0
3182,206,4,5038,1,167,0
3183,206,4,5232,1,127,0
3184,207,4,4755,1,228,0
3185,207,4,5076,1,167,0
3186,207,4,4697,1,266,0
3187,207,4,5071,1,156,0
3188,207,4,5348,1,108,0
3189,207,4,5398,1,106,0
3190,207,4,4752,1,258,0
3191,207,4,5308,1,117,0
3192,207,4,5367,1,102,0
3193,207,4,5485,1,90,0
3194,207,4,4985,1,186,0
3195,207,3,3435,0,1001,0
3196,207,4,5162,1,176,0
3197,208,4,4440,1,375,0
3198,208,4,5548,1,76,0
3199,208,4,5460,1,89,0
3200,208,4,5628,1,47,1
3201,208,4,5586,1,64,0
3202,208,4,5606,1,52,0
3203,208,4,5551,1,72,0
3204,208,4,5508,1,111,0
3205,208,4,5546,1,74,0
3206,208,4,5144,1,208,0
3207,208,4,5576,1,62,0
3208,208,4,5614,1,57,0
3209,208,4,5462,1,91,0
3210,208,4,5493,1,89,0
3211,208,4,5588,1,61,0
3212,208,4,5512,1,90,0
3213,208,4,5499,1,78,0
3214,208,4,5415,1,130,0
3215,208,4,5549,1,81,0
3216,208,4,5574,1,68,0
3217,208,4,5579,1,61,0
3218,208,4,5617,1,51,0
3219,208,4,5395,1,154,0
3220,208,4,5500,1,77,0
3221,208,4,5580,1,65,0
3222,208,4,5500,1,82,0
3223,208,4,5585,1,62,0
3224,208,4,5555,1,68,0
3225,208,4,5589,1,57,0
3226,208,4,5362,1,119,0
3227,208,4,5380,1,99,0
3228,208,4,5356,1,121,0
3229,208,4,5546,1,76,0
3230,208,4,5576,1,61,0
3231,208,4,5543,1,71,0
3232,208,4,5431,1,112,0
3233,208,4,5585,1,59,0
3234,208,4,5525,1,64,0
3235,208,4,5550,1,74,0
3236,209,4,5480,1,83,0
3237,209,4,5453,1,111,0
3238,209,4,5128,1,145,0
3239,209,4,5443,1,122,0
3240,209,4,5563,1,63,0
3241,209,4,5588,1,53,0
3242,209,4,5527,1,76,0
3243,209,4,5485,1,93,0
3244,209,4,5553,1,67,0
3245,209,4,5583,1,63,0
3246,209,4,5348,1,123,0
3247,209,4,5564,1,60,0
3248,209,4,5558,1,62,0
3249,209,4,5374,1,113,0
3250,209,4,5554,1,65,0
3251,209,4,5380,1,139,0
3252,209,4,5590,1,56,0
3253,209,4,5456,1,102,0
3254,209,4,5463,1,97,0
3255,209,4,5571,1,63,0
3256,209,4,5604,1,56,0
3257,209,4,5303,1,124,0
3258,209,4,5593,1,57,0
3259,209,4,5582,1,58,0
3260,209,4,5554,1,66,0
3261,209,4,5457,1,91,0
3262,209,4,5547,1,77,0
3263,209,4,5588,1,56,0
3264,209,4,5174,1,160,0
3265,209,4,5586,1,58,0
3266,209,4,5476,1,91,0
3267,209,4,5574,1,67,0
3268,209,4,5588,1,59,0
3269,209,4,5574,1,62,0
3270,209,4,5470,1,85,0
3271,209,4,5425,1,100,0
3272,209,4,5094,1,184,0
3273,209,4,5514,1,83,0
3274,210,4,5548,1,76,0
3275,210,4,5612,1,52,0
3276,210,4,5498,1,73,0
3277,210,4,5536,1,85,0
3278,210,4,5532,1,69,0
3279,210,4,5576,1,59,0
3280,210,4,5600,1,52,0
3281,210,4,5520,1,88,0
3282,210,4,5571,1,61,0
3283,210,4,5592,1,59,0
3284,210,4,5464,1,102,0
3285,210,4,5429,1,95,0
3286,210,4,5620,1,49,0
3287,210,4,5531,1,78,0
3288,210,4,5460,1,89,0
3289,210,4,5467,1,99,0
3290,210,4,5059,1,184,0
3291,210,4,5613,1,54,0
3292,210,4,5477,1,75,0
3293,210,4,5585,1,63,0
3294,210,4,5620,1,52,0
3295,210,4,5447,1,104,0
3296,210,4,5368,1,173,0
3297,210,4,5508,1,96,0
3298,210,4,5034,1,171,0
3299,210,4,5171,1,206,0
3300,211,0,99,0,1001,1
3301,211,4,5372,1,96,0
3302,211,4,5042,1,162,0
3303,211,4,5482,1,93,0
3304,211,4,5517,1,75,0
3305,211,4,5618,1,50,0
3306,211,4,5363,1,102,0
3307,211,4,5566,1,59,0
3308,211,4,5543,1,68,0
3309,211,4,5379,1,97,0
3310,211,4,5104,1,184,0
3311,211,4,5134,1,164,0
3312,211,4,5240,1,163,0
3313,211,4,5308,1,112,0
3314,211,4,5422,1,104,0
3315,211,4,5479,1,90,0
3316,211,4,5255,1,126,0
3317,211,4,5549,1,72,0
3318,211,4,5392,1,141,0
3319,211,4,5583,1,60,0
3320,211,4,5358,1,125,0
3321,211,4,5192,1,155,0
3322,211,4,5506,1,70,0
3323,211,4,5298,1,115,0
3324,211,4,5566,1,58,0
3325,211,4,5424,1,121,0
3326,211,4,5340,1,103,0
3327,211,4,5330,1,102,0
3328,212,4,4912,1,259,0
3329,212,4,5502,1,87,0
3330,212,4,5540,1,71,0
3331,212,4,5253,1,184,0
3332,212,4,5297,1,156,0
3333,212,4,5456,1,90,0
3334,212,4,5583,1,63,0
3335,212,4,5422,1,115,0
3336,212,4,5263,1,162,0
3337,212,4,5528,1,78,0
3338,212,4,5525,1,70,0
3339,212,4,4991,1,293,0
3340,212,4,5537,1,71,0
3341,212,4,5461,1,86,0
3342,212,4,5560,1,61,0
3343,212,4,5228,1,143,0
3344,212,4,5519,1,81,0
3345,212,4,5349,1,113,0
3346,212,4,5502,1,71,0
3347,212,4,5014,1,240,0
3348,212,4,5415,1,104,0
3349,212,4,5461,1,83,0
3350,212,4,5119,1,159,0
3351,212,4,5171,1,185,0
3352,212,4,5356,1,131,0
3353,212,4,5280,1,189,0
3354,212,4,5480,1,78,0
3355,213,4,4984,1,248,0
3356,213,4,5481,1,80,0
3357,213,4,5496,1,88,0
3358,213,4,5527,1,77,0
3359,213,4,5150,1,159,0
3360,213,4,5445,1,124,0
3361,213,4,5445,1,109,0
3362,213,4,5011,1,270,0
3363,213,4,5353,1,118,0
3364,213,4,5430,1,108,0
3365,213,3,3385,0,1001,0
3366,213,4,5253,1,173,0
3367,213,4,5302,1,132,0
3368,213,4,5401,1,108,0
3369,213,4,5415,1,93,0
3370,213,4,4944,1,235,0
3371,214,4,5118,1,173,0
3372,214,4,5419,1,94,0
3373,214,4,5302,1,119,0
3374,214,4,5209,1,149,0
3375,214,4,5501,1,78,0
3376,214,4,5475,1,78,0
3377,214,4,5482,1,95,0
3378,214,4,5353,1,103,0
3379,214,4,5439,1,97,0
3380,214,4,5324,1,134,0
3381,214,4,5352,1,112,0
3382,214,4,5048,1,159,0
3383,214,4,5586,1,57,0
3384,214,4,5042,1,189,0
3385,214,4,5417,1,101,0
3386,214,4,5192,1,157,0
3387,214,4,5549,1,63,0
3388,214,4,5470,1,83,0
3389,214,4,5483,1,76,0
3390,214,4,5435,1,97,0
3391,214,4,5144,1,155,0
3392,214,4,5123,1,192,0
3393,214,4,5394,1,99,0
3394,214,4,5337,1,113,0
3395,214,4,5501,1,78,0
3396,214,4,5365,1,114,0
3397,214,4,5586,1,55,0
3398,215,4,4297,1,559,0
3399,215,4,5432,1,98,0
3400,215,0,99,0,1001,1
3401,215,4,5394,1,99,0
3402,215,4,5352,1,109,0
3403,215,4,5487,1,77,0
3404,215,4,5307,1,126,0
3405,215,4,5313,1,141,0
3406,215,4,5374,1,115,0
3407,215,4,5449,1,93,0
3408,215,4,5444,1,87,0
3409,215,4,5273,1,118,0
3410,215,4,5478,1,76,0
3411,215,4,5385,1,123,0
3412,215,4,5483,1,78,0
3413,215,4,4943,1,293,0
3414,215,4,5293,1,111,0
3415,215,4,5553,1,66,0
3416,215,4,5540,1,79,0
3417,216,4,5191,1,147,0
3418,216,4,5440,1,97,0
3419,216,4,5568,1,63,0
3420,216,4,5293,1,116,0
3421,216,4,5538,1,71,0
3422,216,4,5281,1,118,0
3423,216,4,5141,1,141,0
3424,216,4,5341,1,117,0
3425,216,4,5376,1,111,0
3426,216,4,5334,1,105,0
3427,216,4,5516,1,84,0
3428,216,4,5238,1,146,0
3429,216,4,4875,1,300,0
3430,216,4,5251,1,158,0
3431,216,4,4682,1,349,0
3432,216,4,5484,1,103,0
3433,216,4,5271,1,142,0
3434,216,4,5146,1,230,0
3435,216,4,5286,1,124,0
3436,216,4,5375,1,136,0
3437,216,4,5142,1,180,0
3438,217,4,4323,1,331,0
3439,217,4,4996,1,195,0
3440,217,4,4667,1,301,0
3441,217,4,5350,1,118,0
3442,217,4,5151,1,169,0
3443,217,4,5044,1,206,0
3444,217,4,5165,1,182,0
3445,217,4,5249,1,164,0
3446,217,4,5140,1,163,0
3447,217,4,5329,1,131,0
3448,217,4,5312,1,119,0
3449,217,4,5249,1,136,0
3450,217,4,5443,1,85,0
3451,217,4,5478,1,91,0
3452,217,4,5379,1,118,0
3453,217,4,5383,1,100,0
3454,217,4,5209,1,148,0
3455,217,4,5214,1,138,0
3456,217,4,5337,1,112,0
3457,217,4,5295,1,122,0
3458,217,4,5051,1,211,0
3459,218,4,4761,1,238,0
3460,218,4,5187,1,145,0
3461,218,4,5367,1,106,0
3462,218,4,4751,1,259,0
3463,218,4,5261,1,143,0
3464,218,4,5380,1,113,0
3465,218,4,5330,1,163,0
3466,218,4,5261,1,125,0
3467,218,4,5369,1,130,0
3468,218,4,5359,1,107,0
3469,218,4,5079,1,162,0
3470,218,4,4756,1,242,0
3471,218,4,5230,1,187,0
3472,218,4,4542,1,376,0
3473,218,4,5132,1,188,0
3474,218,4,5246,1,171,0
3475,218,4,4954,1,302,0
3476,219,4,4821,1,226,0
3477,219,4,5096,1,213,0
3478,219,4,5227,1,188,0
3479,219,4,5521,1,86,0
3480,219,4,5290,1,148,0
3481,219,4,5205,1,206,0
3482,219,4,5273,1,181,0
3483,219,4,5344,1,125,0
3484,219,4,5348,1,156,0
3485,219,4,5337,1,139,0
3486,219,4,4925,1,185,0
3487,219,4,5464,1,109,0
3488,219,4,4730,1,257,0
3489,219,4,5448,1,91,0
3490,219,4,5033,1,218,0
3491,219,4,4049,1,434,0
3492,220,4,4239,1,499,0
3493,220,4,5260,1,167,0
3494,220,4,4750,1,242,0
3495,220,4,5471,1,86,0
3496,220,4,4967,1,244,0
3497,220,4,5182,1,164,0
3498,220,4,5058,1,224,0
3499,220,4,4515,1,344,0
3500,220,0,99,0,1001,1
3501,220,4,4448,1,313,0
3502,220,4,5484,1,73,0
3503,220,4,5304,1,119,0
3504,221,4,4807,1,227,0
3505,221,4,5240,1,138,0
3506,221,4,5200,1,159,0
3507,221,4,5403,1,105,0
3508,221,4,4901,1,258,0
3509,221,4,5458,1,92,0
3510,221,4,5259,1,133,0
3511,221,4,4216,1,398,0
3512,221,4,4878,1,263,0
3513,221,4,5171,1,152,0
3514,221,4,5234,1,174,0
3515,221,4,4865,1,260,0
3516,222,3,3215,0,1001,0
3517,222,4,5039,1,196,0
3518,222,4,5075,1,162,0
3519,222,3,3120,0,1001,0
3520,222,4,5270,1,139,0
3521,222,4,5160,1,145,0
3522,222,4,5504,1,70,0
3523,222,3,3059,0,1001,0
3524,222,4,5358,1,103,0
3525,222,4,5229,1,158,0
3526,223,4,4578,1,355,0
3527,223,4,5275,1,120,0
3528,223,4,5563,1,61,0
3529,223,4,5177,1,175,0
3530,223,4,5229,1,145,0
3531,223,4,5254,1,118,0
3532,223,4,5200,1,187,0
3533,223,4,4781,1,216,0
3534,223,4,5170,1,183,0
3535,223,4,5333,1,110,0
3536,223,4,5444,1,80,0
3537,223,4,5233,1,135,0
3538,223,4,5261,1,119,0
3539,223,4,5484,1,75,0
3540,223,4,5561,1,62,0
3541,223,4,4684,1,237,0
3542,223,4,5176,1,181,0
3543,223,4,4932,1,198,0
3544,223,4,5027,1,161,0
3545,223,4,5288,1,113,0
3546,223,4,5500,1,89,0
3547,223,4,5098,1,149,0
3548,224,4,5015,1,199,0
3549,224,4,5555,1,70,0
3550,224,4,4923,1,187,0
3551,224,4,5082,1,157,0
3552,224,4,4003,1,431,0
3553,224,4,5085,1,202,0
3554,224,4,4697,1,332,0
3555,224,4,5284,1,124,0
3556,224,4,4861,1,286,0
3557,224,4,5251,1,199,0
3558,224,4,5062,1,241,0
3559,224,4,5517,1,75,0
3560,224,4,5516,1,86,0
3561,224,4,5129,1,162,0
3562,224,4,5586,1,53,0
3563,224,4,5505,1,72,0
3564,224,4,5328,1,131,0
3565,224,4,5479,1,97,0
3566,225,4,5000,1,282,0
3567,225,4,5397,1,102,0
3568,225,4,4701,1,232,0
3569,225,4,4325,1,361,0
3570,225,4,5133,1,153,0
3571,225,4,5069,1,187,0
3572,225,4,4733,1,282,0
3573,225,4,5389,1,101,0
3574,225,4,4933,1,249,0
3575,225,4,5396,1,101,0
3576,225,4,5038,1,169,0
3577,225,4,4891,1,222,0
3578,225,4,4717,1,283,0
3579,225,4,5426,1,98,0
3580,225,4,5512,1,82,0
3581,225,4,4985,1,213,0
3582,225,4,5401,1,120,0
3583,225,4,5425,1,85,0
3584,225,4,5504,1,73,0
3585,226,4,5242,1,183,0
3586,226,4,5345,1,128,0
3587,226,4,5191,1,136,0
3588,226,4,5061,1,258,0
3589,226,4,5334,1,106,0
3590,226,4,5528,1,66,0
3591,226,4,5559,1,59,0
3592,226,4,5404,1,123,0
3593,226,4,5507,1,77,0
3594,226,4,5412,1,107,0
3595,226,4,5390,1,97,0
3596,226,4,5371,1,106,0
3597,226,4,5093,1,198,0
3598,226,4,5406,1,104,0
3599,226,4,5401,1,100,0
3600,226,0,99,0,1001,1
3601,226,4,5395,1,102,0
3602,226,4,5242,1,126,0
3603,226,4,5174,1,191,0
3604,227,4,5185,1,150,0
3605,227,4,4808,1,243,0
3606,227,4,5329,1,118,0
3607,227,4,5316,1,109,0
3608,227,4,4793,1,253,0
3609,227,4,5300,1,137,0
3610,227,4,5133,1,192,0
3611,227,4,5533,1,71,0
3612,227,3,3498,0,1001,0
3613,227,4,5531,1,65,0
3614,227,4,5370,1,137,0
3615,227,4,5439,1,152,0
3616,227,4,5134,1,151,0
3617,227,4,5190,1,201,0
3618,227,4,5025,1,217,0
3619,228,4,5443,1,124,0
3620,228,4,5266,1,146,0
3621,228,4,5509,1,77,0
3622,228,4,5550,1,76,0
3623,228,4,4888,1,219,0
3624,228,4,5502,1,69,0
3625,228,4,5508,1,73,0
3626,228,4,5441,1,91,0
3627,228,4,5216,1,138,0
3628,228,4,5498,1,71,0
3629,228,4,5410,1,92,0
3630,228,4,5433,1,96,0
3631,228,4,5502,1,98,0
3632,228,4,5416,1,100,0
3633,228,4,5438,1,131,0
3634,228,4,5514,1,86,0
3635,228,4,5249,1,176,0
3636,228,4,5391,1,161,0
3637,228,4,5213,1,174,0
3638,228,4,5413,1,144,0
3639,228,4,5426,1,120,0
3640,228,4,5512,1,72,0
3641,228,4,5268,1,194,0
3642,228,4,5187,1,149,0
3643,228,4,5456,1,85,0
3644,228,4,5371,1,121,0
3645,228,4,5233,1,120,0
3646,229,4,5449,1,89,0
3647,229,4,5603,1,54,0
3648,229,4,5303,1,114,0
3649,229,4,5483,1,77,0
3650,229,4,5430,1,87,0
3651,229,4,5423,1,92,0
3652,229,4,5485,1,71,0
3653,229,4,5271,1,116,0
3654,229,4,5244,1,120,0
3655,229,4,5562,1,59,0
3656,229,4,5543,1,62,0
3657,229,4,5375,1,93,0
3658,229,4,5347,1,100,0
3659,229,4,5615,1,46,0
3660,229,4,5444,1,80,0
3661,229,4,4764,1,226,0
3662,229,4,5380,1,107,0
3663,229,4,5480,1,87,0
3664,229,4,5232,1,127,0
3665,229,4,5110,1,151,0
3666,229,4,5506,1,76,0
3667,229,4,4884,1,307,0
3668,229,4,5457,1,78,0
3669,229,4,5601,1,49,0
3670,229,4,5519,1,71,0
3671,229,4,5494,1,72,0
3672,229,4,5478,1,69,0
3673,229,4,5182,1,135,0
3674,229,4,5465,1,73,0
3675,229,4,5076,1,151,0
3676,229,4,5407,1,87,0
3677,229,4,5081,1,149,0
3678,230,4,4789,1,227,0
3679,230,4,5453,1,89,0
3680,230,4,5173,1,139,0
3681,230,4,5555,1,60,0
3682,230,4,5508,1,73,0
3683,230,4,5581,1,57,0
3684,230,4,5486,1,81,0
3685,230,4,5582,1,62,0
3686,230,4,5369,1,100,0
3687,230,4,5301,1,120,0
3688,230,4,5080,1,162,0
3689,230,4,5586,1,54,0
3690,230,4,5645,1,41,0
3691,230,4,5530,1,68,0
3692,230,4,5537,1,77,0
3693,230,4,5553,1,62,0
3694,230,4,5603,1,51,0
3695,230,4,5343,1,102,0
3696,230,4,5471,1,76,0
3697,230,4,4983,1,179,0
3698,230,4,5416,1,91,0
3699,230,4,5412,1,95,0
3700,230,0,99,0,1001,1
3701,230,4,5490,1,74,0
3702,231,4,5003,1,172,0
3703,231,4,5405,1,116,0
3704,231,4,5526,1,62,0
3705,231,4,5479,1,70,0
3706,231,4,5563,1,64,0
3707,231,4,5532,1,61,0
3708,231,4,5306,1,136,0
3709,231,4,5277,1,115,0
3710,231,4,5536,1,62,0
3711,231,4,5474,1,74,0
3712,231,4,5356,1,108,0
3713,231,4,5188,1,169,0
3714,231,4,4823,1,260,0
3715,231,4,5268,1,189,0
3716,231,4,5523,1,67,0
3717,231,4,5504,1,72,0
3718,231,4,5127,1,142,0
3719,231,4,5026,1,201,0
3720,231,4,5068,1,165,0
3721,231,4,5097,1,147,0
3722,231,4,5387,1,116,0
3723,231,4,5102,1,174,0
3724,231,4,4723,1,238,0
3725,231,4,5531,1,69,0
3726,231,4,5385,1,143,0
3727,232,4,5320,1,116,0
3728,232,4,4634,1,325,0
3729,232,4,5407,1,87,0
3730,232,4,3664,1,648,0
3731,232,4,5253,1,130,0
3732,232,4,5562,1,56,0
3733,232,4,5406,1,123,0
3734,232,4,5522,1,66,0
3735,232,4,5433,1,86,0
3736,232,4,5578,1,57,0
3737,232,4,5621,1,50,0
3738,232,4,5194,1,130,0
3739,232,4,5585,1,53,0
3740,232,4,5417,1,87,0
3741,232,4,5219,1,144,0
3742,232,4,5506,1,68,0
3743,232,4,5196,1,127,0
3744,232,4,5552,1,61,0
3745,232,4,5557,1,62,0
3746,232,4,5257,1,121,0
3747,232,4,5432,1,83,0
3748,232,4,5293,1,115,0
3749,232,4,5478,1,78,0
3750,232,4,5356,1,113,0
3751,232,4,5455,1,89,0
3752,233,3,3424,0,1001,0
3753,233,4,5128,1,174,0
3754,233,4,5421,1,94,0
3755,233,4,5092,1,180,0
3756,233,4,5591,1,63,0
3757,233,4,5470,1,90,0
3758,233,3,3453,0,1001,0
3759,233,4,4885,1,221,0
3760,233,4,5468,1,80,0
3761,233,4,4960,1,174,0
3762,233,4,5507,1,86,0
3763,233,4,5529,1,67,0
3764,233,4,5408,1,87,0
3765,234,4,5317,1,132,0
3766,234,4,5394,1,96,0
3767,234,4,5213,1,168,0
3768,234,4,4826,1,319,0
3769,234,4,5230,1,123,0
3770,234,4,5117,1,171,0
3771,234,4,5614,1,48,0
3772,234,4,5456,1,78,0
3773,234,4,5489,1,69,0
3774,234,4,5419,1,126,0
3775,234,4,5456,1,83,0
3776,234,4,5328,1,104,0
3777,234,4,5426,1,82,0
3778,234,4,5419,1,90,0
3779,234,4,5557,1,60,0
3780,234,4,4947,1,182,0
3781,234,4,5644,1,44,0
3782,234,4,5560,1,67,0
3783,234,4,5151,1,206,0
3784,234,4,4904,1,191,0
3785,234,4,5249,1,128,0
3786,234,4,5493,1,73,0
3787,234,4,5468,1,96,0
3788,234,4,4851,1,254,0
3789,234,4,5572,1,58,0
3790,234,4,5584,1,59,0
3791,234,4,5272,1,121,0
3792,234,4,5551,1,67,0
3793,235,4,4915,1,187,0
3794,235,4,5519,1,71,0
3795,235,4,5543,1,72,0
3796,235,4,5058,1,160,0
3797,235,4,5365,1,105,0
3798,235,4,5311,1,103,0
3799,235,4,5148,1,158,0
3800,235,0,99,0,1001,1
3801,235,4,5182,1,128,0
3802,235,4,5551,1,60,0
3803,235,3,3414,0,1001,0
3804,235,4,5537,1,74,0
3805,235,4,5569,1,70,0
3806,236,4,5500,1,69,0
3807,236,4,5525,1,87,0
3808,236,4,5543,1,78,0
3809,236,4,5542,1,69,0
3810,236,4,5568,1,57,0
3811,236,4,5562,1,60,0
3812,236,4,5538,1,85,0
3813,236,4,5514,1,78,0
3814,236,4,5366,1,145,0
3815,236,4,5580,1,59,0
3816,236,4,5528,1,90,0
3817,236,4,5328,1,193,0
3818,236,4,5277,1,125,0
3819,236,4,5434,1,128,0
3820,236,4,5571,1,59,0
3821,236,4,5473,1,97,0
3822,236,4,5141,1,183,0
3823,236,4,5304,1,190,0
3824,236,4,5343,1,136,0
3825,236,4,5449,1,77,0
3826,236,4,5495,1,110,0
3827,236,3,3471,0,1001,0
3828,237,4,5166,1,132,0
3829,237,4,5399,1,89,0
3830,237,4,5597,1,53,0
3831,237,4,5556,1,68,0
3832,237,4,5138,1,150,0
3833,237,4,5562,1,66,0
3834,237,4,5424,1,145,0
3835,237,4,5397,1,90,0
3836,237,4,5503,1,84,0
3837,237,4,5589,1,56,0
3838,237,4,5608,1,49,0
3839,237,4,5483,1,79,0
3840,237,4,5520,1,65,0
3841,237,4,5542,1,68,0
3842,237,4,5623,1,45,0
3843,237,4,5530,1,73,0
3844,237,4,5425,1,117,0
3845,237,4,5473,1,104,0
3846,237,4,5623,1,45,0
3847,237,4,5586,1,56,0
3848,237,4,5344,1,101,0
3849,237,4,5360,1,114,0
3850,237,4,4826,1,326,0
3851,237,4,5049,1,203,0
3852,237,4,5511,1,77,0
3853,237,4,5175,1,180,0
3854,237,4,5374,1,115,0
3855,237,4,5279,1,120,0
3856,237,4,5513,1,69,0
3857,237,4,5551,1,61,0
3858,237,4,5518,1,68,0
3859,237,4,5557,1,64,0
3860,237,4,5450,1,105,0
3861,238,4,5501,1,72,0
3862,238,4,4212,1,626,0
3863,238,4,5449,1,76,0
3864,238,4,5623,1,46,0
3865,238,4,5372,1,128,0
3866,238,4,5162,1,135,0
3867,238,4,5372,1,124,0
3868,238,4,5539,1,61,0
3869,238,4,5174,1,191,0
3870,238,4,5521,1,84,0
3871,238,4,5146,1,209,0
3872,238,4,5219,1,175,0
3873,238,4,5576,1,56,0
3874,238,4,5615,1,46,0
3875,238,4,5637,1,42,0
3876,238,4,5623,1,46,0
3877,238,4,5459,1,84,0
3878,238,4,5508,1,70,0
3879,238,4,5522,1,78,0
3880,238,4,5580,1,56,0
3881,238,4,5163,1,201,0
3882,238,4,5288,1,161,0
3883,238,4,5583,1,53,0
3884,238,4,5602,1,55,0
3885,238,4,5463,1,90,0
3886,238,4,4825,1,236,0
3887,239,4,5581,1,59,0
3888,239,4,5621,1,48,0
3889,239,4,5272,1,157,0
3890,239,4,5373,1,153,0
3891,239,4,5646,1,42,0
3892,239,4,5497,1,89,0
3893,239,4,5354,1,118,0
3894,239,4,5484,1,87,0
3895,239,4,5226,1,180,0
3896,239,4,5520,1,88,0
3897,239,4,5548,1,80,0
3898,239,4,5045,1,165,0
3899,239,4,5577,1,54,0
3900,239,4,5656,1,39,1
3901,239,4,5534,1,68,0
3902,239,4,5651,1,39,0
3903,239,4,5607,1,49,0
3904,239,4,5468,1,75,0
3905,239,4,5607,1,49,0
3906,239,4,5175,1,249,0
3907,239,4,5403,1,128,0
3908,239,4,5512,1,85,0
3909,239,3,3489,0,1001,0
3910,239,4,5600,1,59,0
3911,240,4,5238,1,149,0
3912,240,4,5608,1,55,0
3913,240,4,5573,1,62,0
3914,240,4,5364,1,135,0
3915,240,4,5469,1,98,0
3916,240,4,4046,1,496,0
3917,240,4,5109,1,241,0
3918,240,4,5611,1,51,0
3919,240,4,5559,1,74,0
3920,240,4,5285,1,155,0
3921,240,4,5539,1,74,0
3922,240,4,5571,1,56,0
3923,240,4,5335,1,104,0
3924,240,4,5259,1,147,0
3925,240,4,5198,1,202,0
3926,240,4,5003,1,278,0
3927,240,4,5414,1,133,0
3928,240,4,5511,1,76,0
3929,240,4,5347,1,124,0
3930,240,4,5522,1,86,0
3931,240,4,5473,1,93,0
3932,240,4,5338,1,139,0
3933,240,4,5233,1,183,0
3934,241,4,5313,1,153,0
3935,241,4,5580,1,61,0
3936,241,4,5632,1,48,0
3937,241,4,5398,1,99,0
3938,241,4,5394,1,96,0
3939,241,4,5438,1,106,0
3940,241,4,5623,1,48,0
3941,241,4,5487,1,69,0
3942,241,4,5575,1,68,0
3943,241,4,5540,1,62,0
3944,241,4,5540,1,77,0
3945,241,4,5653,1,41,0
3946,241,4,5616,1,49,0
3947,241,2,2329,0,1001,0
3948,241,4,5293,1,159,0
3949,241,4,5309,1,137,0
3950,241,4,5378,1,132,0
3951,241,4,4632,1,421,0
3952,241,4,5259,1,179,0
3953,241,4,5567,1,55,0
3954,241,4,5621,1,47,0
3955,241,4,5602,1,55,0
3956,241,4,5632,1,49,0
3957,242,4,5523,1,99,0
3958,242,4,5496,1,91,0
3959,242,4,4880,1,256,0
3960,242,4,5454,1,131,0
3961,242,4,5491,1,115,0
3962,242,4,5579,1,56,0
3963,242,4,5597,1,58,0
3964,242,4,5479,1,119,0
3965,242,4,5659,1,38,0
3966,242,4,5350,1,100,0
3967,242,4,5503,1,85,0
3968,242,4,5622,1,47,0
3969,242,4,5402,1,144,0
3970,242,4,5536,1,75,0
3971,242,4,5297,1,124,0
3972,242,4,5526,1,77,0
3973,242,4,5633,1,45,0
3974,242,4,5471,1,90,0
3975,242,4,5578,1,66,0
3976,242,4,5406,1,96,0
3977,242,4,5427,1,146,0
3978,242,4,5427,1,134,0
3979,242,4,5609,1,51,0
3980,242,4,5275,1,157,0
3981,242,4,5622,1,49,0
3982,242,4,5598,1,51,0
3983,242,4,5562,1,67,0
3984,242,4,5149,1,133,0
3985,242,4,5362,1,102,0
3986,242,4,5281,1,122,0
3987,242,4,5199,1,141,0
3988,242,4,5474,1,82,0
3989,242,4,5369,1,94,0
3990,243,4,5291,1,118,0
3991,243,4,4470,1,333,0
3992,243,4,5217,1,145,0
3993,243,4,5224,1,130,0
3994,243,4,5626,1,43,0
3995,243,4,5649,1,44,0
3996,243,4,5389,1,96,0
3997,243,4,5619,1,51,0
3998,243,4,5546,1,73,0
3999,243,4,5548,1,73,0
4000,243,2,2467,0,1001,1
4001,243,4,5515,1,67,0
