1,1,3,3063,0,1001,0
2,1,3,2693,0,1001,0
3,1,2,2172,0,1001,0
4,1,2,1741,0,1001,0
5,2,2,2018,0,1001,0
6,2,3,2554,0,1001,0
7,2,2,2163,0,1001,0
8,3,3,1573,0,1001,0
9,3,3,2833,0,1001,0
10,3,2,2030,0,1001,0
11,4,3,2761,0,1001,0
12,4,4,4059,1,520,0
13,4,4,3959,1,457,0
14,4,2,2279,0,1001,0
15,5,4,3811,1,667,0
16,5,4,3330,1,717,0
17,5,3,2632,0,1001,0
18,5,1,1141,0,1001,0
19,6,3,3040,0,1001,0
20,6,3,2515,0,1001,0
21,6,3,3017,0,1001,0
22,7,4,4867,1,244,0
23,7,2,2041,0,1001,0
24,7,2,1970,0,1001,0
25,7,4,4056,1,581,0
26,7,4,4887,1,288,0
27,8,4,4300,1,449,0
28,8,4,4594,1,431,0
29,8,1,1059,0,1001,0
30,8,4,4586,1,329,0
31,8,4,4741,1,310,0
32,8,4,4770,1,258,0
33,9,4,3702,1,647,0
34,9,4,3909,1,579,0
35,9,4,4374,1,371,0
36,9,4,4374,1,476,0
37,9,4,3579,1,622,0
38,10,3,3040,0,1001,0
39,10,3,2596,0,1001,0
40,10,4,3183,1,760,0
41,10,4,3559,1,703,0
42,11,2,2159,0,1001,0
43,11,4,4972,1,243,0
44,11,4,4793,1,260,0
45,11,4,4515,1,329,0
46,11,4,4425,1,358,0
47,12,2,1846,0,1001,0
48,12,3,2397,0,1001,0
49,12,4,4765,1,283,0
50,12,3,3009,0,1001,0
51,12,4,4389,1,449,0
52,13,4,4465,1,350,0
53,13,4,4378,1,395,0
54,13,4,4231,1,581,0
55,13,4,4377,1,381,0
56,13,4,3637,1,786,0
57,13,4,4942,1,250,0
58,14,4,4341,1,355,0
59,14,4,4601,1,416,0
60,14,4,4211,1,594,0
61,14,4,4515,1,393,0
62,14,4,4998,1,228,0
63,14,4,4800,1,336,0
64,14,4,4016,1,683,0
65,14,4,4983,1,268,0
66,15,4,5116,1,231,0
67,15,4,5062,1,223,0
68,15,4,5301,1,148,0
69,15,4,4244,1,600,0
70,15,4,4532,1,490,0
71,15,4,5203,1,182,0
72,15,4,5020,1,248,0
73,15,4,5049,1,236,0
74,15,4,4682,1,370,0
75,15,4,5273,1,160,0
76,15,4,5322,1,138,0
77,16,4,4988,1,258,0
78,16,4,5026,1,278,0
79,16,4,4873,1,342,0
80,16,4,4518,1,459,0
81,16,4,5207,1,155,0
82,16,4,4630,1,312,0
83,16,4,5025,1,233,0
84,16,4,4884,1,299,0
85,16,4,5159,1,164,0
86,16,4,5452,1,98,0
87,16,4,5289,1,122,0
88,16,4,5477,1,107,0
89,17,3,3515,0,1001,0
90,17,4,4971,1,204,0
91,17,4,4103,1,465,0
92,17,4,4875,1,279,0
93,17,4,4927,1,277,0
94,17,3,3230,0,1001,0
95,18,4,4353,1,403,0
96,18,2,2019,0,1001,0
97,18,4,4500,1,379,0
98,18,3,3393,0,1001,0
99,19,3,3436,0,1001,0
100,19,1,1289,0,1001,1
101,19,2,2327,0,1001,0
102,19,4,4886,1,243,0
103,19,4,5400,1,113,0
104,20,3,3341,0,1001,0
105,20,4,5297,1,121,0
106,20,4,5032,1,274,0
107,20,4,5346,1,128,0
108,20,4,5148,1,181,0
109,20,4,5484,1,82,0
110,20,3,3340,0,1001,0
111,21,4,4289,1,433,0
112,21,4,4907,1,270,0
113,21,2,2172,0,1001,0
114,21,4,4635,1,400,0
115,21,4,4765,1,286,0
116,21,4,5084,1,185,0
117,21,4,5285,1,136,0
118,21,4,5164,1,176,0
119,22,4,5239,1,162,0
120,22,4,4771,1,365,0
121,22,4,5498,1,85,0
122,22,4,4038,1,580,0
123,22,4,4829,1,305,0
124,22,4,5450,1,92,0
125,22,4,5522,1,80,0
126,22,4,4831,1,347,0
127,22,4,5225,1,160,0
128,22,4,4897,1,272,0
129,22,4,5129,1,211,0
130,22,4,5324,1,137,0
131,22,4,5058,1,207,0
132,22,4,5334,1,123,0
133,23,4,5500,1,78,0
134,23,4,5452,1,96,0
135,23,4,5115,1,220,0
136,23,4,5337,1,121,0
137,23,2,2364,0,1001,0
138,23,4,5197,1,162,0
139,23,4,5296,1,129,0
140,23,4,5098,1,196,0
141,23,4,5362,1,128,0
142,23,4,5383,1,111,0
143,23,4,5480,1,88,0
144,23,4,4685,1,311,0
145,23,4,5010,1,249,0
146,23,4,4572,1,332,0
147,24,4,5304,1,146,0
148,24,3,2852,0,1001,0
149,24,4,5563,1,65,0
150,24,2,2073,0,1001,0
151,24,4,5524,1,79,0
152,24,4,5420,1,104,0
153,24,4,5313,1,125,0
154,24,4,5394,1,99,0
155,24,4,5239,1,135,0
156,24,4,5154,1,184,0
157,25,4,5185,1,175,0
158,25,4,4884,1,300,0
159,25,4,5570,1,61,0
160,25,4,5432,1,91,0
161,25,4,5248,1,143,0
162,25,4,5016,1,169,0
163,25,4,5299,1,128,0
164,25,4,5584,1,61,0
165,25,4,5163,1,161,0
166,25,4,5463,1,92,0
167,25,4,5271,1,154,0
168,25,4,5437,1,93,0
169,25,4,5182,1,144,0
170,25,4,5369,1,108,0
171,25,4,4063,1,662,0
172,25,4,4145,1,435,0
173,26,4,4555,1,371,0
174,26,1,1190,0,1001,0
175,26,4,5341,1,124,0
176,26,3,3416,0,1001,0
177,26,4,5528,1,83,0
178,26,4,5424,1,94,0
179,26,4,4649,1,359,0
180,26,4,5543,1,71,0
181,27,4,4977,1,219,0
182,27,4,5303,1,138,0
183,27,4,5466,1,104,0
184,27,4,5214,1,150,0
185,27,4,5419,1,96,0
186,27,4,5464,1,87,0
187,27,4,5077,1,182,0
188,27,4,5049,1,208,0
189,27,4,4687,1,298,0
190,27,4,5073,1,184,0
191,27,2,2259,0,1001,0
192,27,4,5146,1,182,0
193,27,4,5056,1,203,0
194,28,4,4741,1,278,0
195,28,4,5122,1,219,0
196,28,3,3432,0,1001,0
197,28,4,5488,1,81,0
198,28,4,5146,1,184,0
199,28,4,5282,1,131,0
200,28,1,1289,0,1001,1
201,28,4,5483,1,83,0
202,29,3,3437,0,1001,0
203,29,4,5235,1,147,0
204,29,4,5608,1,55,0
205,29,4,5258,1,143,0
206,29,4,5462,1,99,0
207,29,4,5402,1,102,0
208,29,4,5524,1,78,0
209,29,3,3375,0,1001,0
210,29,4,5548,1,72,0
211,29,4,5226,1,145,0
212,29,4,5210,1,148,0
213,29,4,5394,1,105,0
214,29,4,5562,1,65,0
215,29,4,5113,1,200,0
216,29,4,5538,1,67,0
217,30,2,2276,0,1001,0
218,30,3,3473,0,1001,0
219,30,4,5275,1,131,0
220,30,4,5202,1,135,0
221,30,4,5191,1,139,0
222,30,4,5464,1,87,0
223,30,4,5249,1,134,0
224,30,4,5315,1,123,0
225,30,4,4969,1,249,0
226,31,4,5373,1,113,0
227,31,4,5328,1,135,0
228,31,4,5577,1,62,0
229,31,4,4928,1,307,0
230,31,3,2799,0,1001,0
231,31,2,2260,0,1001,0
232,31,4,4884,1,236,0
233,31,4,5154,1,158,0
234,31,4,5548,1,74,0
235,32,3,3274,0,1001,0
236,32,2,2242,0,1001,0
237,32,4,5534,1,69,0
238,32,3,2609,0,1001,0
239,33,4,5518,1,71,0
240,33,4,5464,1,87,0
241,33,4,4832,1,299,0
242,33,4,4923,1,266,0
243,33,3,3339,0,1001,0
244,33,4,5234,1,131,0
245,33,4,4464,1,287,0
246,33,4,5028,1,206,0
247,34,3,2997,0,1001,0
248,34,4,5504,1,79,0
249,34,4,5281,1,127,0
250,34,4,5530,1,71,0
251,34,4,5538,1,70,0
252,34,4,5551,1,66,0
253,34,4,5528,1,73,0
254,34,4,5296,1,126,0
255,34,4,5007,1,226,0
256,34,4,5466,1,96,0
257,34,4,5525,1,96,0
258,34,4,5260,1,146,0
259,34,3,3354,0,1001,0
260,34,4,5529,1,70,0
261,34,4,5220,1,145,0
262,34,4,5581,1,58,0
263,35,3,3494,0,1001,0
264,35,4,5491,1,81,0
265,35,4,5345,1,104,0
266,35,4,5546,1,76,0
267,35,4,5562,1,69,0
268,35,4,5588,1,57,0
269,35,4,5426,1,99,0
270,35,4,5415,1,109,0
271,35,4,5256,1,149,0
272,35,4,5501,1,86,0
273,35,4,5365,1,121,0
274,35,4,5249,1,147,0
275,35,4,5186,1,166,0
276,35,4,5307,1,156,0
277,35,4,5433,1,112,0
278,35,4,5553,1,66,0
279,35,4,3996,1,437,0
280,36,4,5548,1,70,0
281,36,4,4499,1,427,0
282,36,4,5311,1,149,0
283,36,4,5554,1,65,0
284,36,4,5295,1,145,0
285,36,4,5500,1,96,0
286,36,4,5452,1,118,0
287,36,3,3490,0,1001,0
288,37,3,3295,0,1001,0
289,37,4,5452,1,90,0
290,37,4,5206,1,158,0
291,37,4,4959,1,216,0
292,37,4,5201,1,161,0
293,37,4,5502,1,77,0
294,37,4,5424,1,96,0
295,37,4,5121,1,232,0
296,37,4,3839,1,769,0
297,37,4,5502,1,89,0
298,37,4,5533,1,69,0
299,37,4,5332,1,129,0
300,38,1,1289,0,1001,1
301,38,4,5276,1,151,0
302,38,4,5095,1,202,0
303,38,4,5432,1,102,0
304,38,4,5547,1,67,0
305,38,4,5531,1,81,0
306,38,4,4473,1,326,0
307,38,4,5565,1,61,0
308,38,4,5217,1,132,0
309,38,4,5345,1,124,0
310,38,4,5331,1,137,0
311,38,4,5361,1,117,0
312,38,4,5461,1,101,0
313,38,4,5407,1,116,0
314,38,4,5465,1,103,0
315,38,4,5291,1,152,0
316,38,4,5045,1,177,0
317,38,4,5412,1,143,0
318,38,4,4904,1,256,0
319,38,4,5397,1,118,0
320,38,4,5461,1,86,0
321,38,4,5507,1,77,0
322,39,4,5383,1,114,0
323,39,4,5431,1,102,0
324,39,4,5533,1,73,0
325,39,4,5327,1,146,0
326,39,4,5453,1,87,0
327,39,4,5152,1,170,0
328,39,4,5251,1,144,0
329,39,4,5552,1,68,0
330,39,4,5598,1,55,0
331,39,4,5430,1,132,0
332,39,4,5469,1,86,0
333,39,4,5603,1,55,0
334,39,4,5433,1,106,0
335,39,4,5385,1,118,0
336,39,4,5502,1,80,0
337,39,4,4550,1,333,0
338,39,4,5543,1,70,0
339,39,4,5588,1,79,0
340,39,4,5411,1,101,0
341,39,4,5274,1,126,0
342,39,4,4625,1,340,0
343,39,4,5480,1,81,0
344,39,4,5518,1,73,0
345,39,4,5580,1,61,0
346,39,4,5220,1,167,0
347,39,4,5321,1,144,0
348,40,4,5424,1,102,0
349,40,4,5532,1,77,0
350,40,4,5432,1,96,0
351,40,4,5461,1,87,0
352,40,4,5514,1,85,0
353,40,4,5494,1,84,0
354,40,4,4580,1,343,0
355,40,4,5469,1,111,0
356,40,4,5534,1,69,0
357,40,4,5329,1,111,0
358,40,4,5509,1,80,0
359,40,4,5179,1,152,0
360,40,4,5431,1,109,0
361,40,4,5511,1,72,0
362,40,4,5616,1,53,0
363,40,4,5515,1,78,0
364,40,4,5508,1,83,0
365,40,4,5527,1,69,0
366,40,4,5486,1,107,0
367,40,4,5458,1,101,0
368,40,4,5270,1,144,0
369,40,4,5659,1,59,0
370,40,4,5303,1,142,0
371,40,4,5457,1,86,0
372,40,4,5516,1,73,0
373,40,4,5413,1,99,0
374,40,4,5404,1,93,0
375,40,4,5495,1,85,0
376,40,4,5425,1,95,0
377,40,4,5507,1,76,0
378,40,4,5557,1,67,0
379,41,4,5145,1,158,0
380,41,4,3914,1,452,0
381,41,4,4001,1,517,0
382,41,4,5507,1,89,0
383,41,4,5165,1,228,0
384,41,4,5499,1,91,0
385,41,4,5418,1,105,0
386,41,4,5388,1,106,0
387,41,4,5382,1,128,0
388,41,4,5371,1,121,0
389,41,4,5584,1,64,0
390,41,4,5581,1,57,0
391,41,4,5463,1,105,0
392,41,4,4820,1,296,0
393,41,4,5517,1,74,0
394,41,4,5416,1,102,0
395,41,4,5528,1,67,0
396,41,4,5501,1,85,0
397,41,4,4726,1,255,0
398,42,4,4811,1,243,0
399,42,4,5566,1,62,0
400,42,1,1289,0,1001,1
401,42,4,5380,1,119,0
402,42,4,5535,1,70,0
403,42,4,5444,1,94,0
404,42,4,5098,1,175,0
405,42,4,5316,1,165,0
406,42,4,5209,1,177,0
407,42,2,2250,0,1001,0
408,42,4,5422,1,126,0
409,42,4,5554,1,66,0
410,43,4,5500,1,88,0
411,43,4,5299,1,131,0
412,43,4,5462,1,84,0
413,43,4,5440,1,94,0
414,43,4,5563,1,67,0
415,43,2,2349,0,1001,0
416,43,4,5542,1,71,0
417,43,4,5577,1,76,0
418,43,4,5478,1,87,0
419,43,4,5588,1,57,0
420,43,4,5552,1,83,0
421,43,4,4494,1,326,0
422,43,4,5414,1,93,0
423,43,4,5550,1,66,0
424,43,4,5534,1,76,0
425,43,4,5324,1,177,0
426,43,4,5449,1,90,0
427,43,4,4656,1,265,0
428,44,4,4273,1,476,0
429,44,4,5319,1,134,0
430,44,4,5526,1,73,0
431,44,4,5595,1,54,0
432,44,4,5393,1,113,0
433,44,4,5197,1,180,0
434,44,4,4944,1,195,0
435,44,4,5463,1,88,0
436,44,4,5483,1,88,0
437,44,4,5360,1,139,0
438,44,4,5482,1,88,0
439,44,4,5409,1,112,0
440,44,1,1188,0,1001,0
441,44,4,5529,1,75,0
442,44,4,5603,1,53,0
443,44,4,5592,1,55,0
444,44,4,5576,1,58,0
445,44,4,5552,1,66,0
446,44,4,5562,1,62,0
447,45,4,5190,1,136,0
448,45,4,5517,1,79,0
449,45,4,5000,1,168,0
450,45,4,5444,1,102,0
451,45,2,2274,0,1001,0
452,45,4,5445,1,87,0
453,45,4,5287,1,154,0
454,45,4,5500,1,87,0
455,45,4,5369,1,112,0
456,45,4,4474,1,324,0
457,45,4,4911,1,280,0
458,45,4,5566,1,65,0
459,45,4,5326,1,138,0
460,45,4,5218,1,151,0
461,45,4,5009,1,206,0
462,46,4,5059,1,247,0
463,46,4,5255,1,170,0
464,46,4,5407,1,133,0
465,46,1,1284,0,1001,0
466,46,4,5482,1,113,0
467,46,4,5545,1,65,0
468,46,4,5269,1,136,0
469,46,4,5585,1,60,0
470,46,4,5545,1,62,0
471,46,4,5302,1,124,0
472,46,4,5494,1,89,0
473,46,4,5335,1,126,0
474,46,4,5586,1,66,0
475,46,4,5603,1,55,0
476,46,4,5575,1,60,0
477,46,4,5533,1,79,0
478,46,4,5556,1,77,0
479,46,4,5574,1,60,0
480,46,4,5484,1,84,0
481,46,4,5523,1,76,0
482,46,4,5569,1,65,0
483,46,4,5367,1,100,0
484,47,3,3105,0,1001,0
485,47,4,5401,1,125,0
486,47,4,5465,1,94,0
487,47,4,5587,1,58,0
488,47,4,5578,1,61,0
489,47,4,5511,1,78,0
490,47,4,5369,1,127,0
491,47,4,5532,1,71,0
492,47,4,5596,1,57,0
493,47,4,5604,1,53,0
494,47,4,5567,1,63,0
495,47,4,5349,1,139,0
496,47,4,5281,1,158,0
497,47,4,4966,1,231,0
498,47,4,5559,1,63,0
499,47,4,5581,1,61,0
500,48,3,3527,0,1001,1
501,48,4,5602,1,58,0
502,48,4,4703,1,239,0
503,48,4,5326,1,138,0
504,48,4,5416,1,97,0
505,48,4,5408,1,109,0
506,48,4,5414,1,88,0
507,48,4,5012,1,226,0
508,48,4,5394,1,107,0
509,48,4,5204,1,153,0
510,48,4,5110,1,160,0
511,48,4,5470,1,98,0
512,48,4,4908,1,213,0
513,48,4,5504,1,89,0
514,48,4,5597,1,58,0
515,48,4,5498,1,79,0
516,48,4,4107,1,382,0
517,48,4,5624,1,50,0
518,48,4,5570,1,60,0
519,48,4,5550,1,69,0
520,48,4,5371,1,103,0
521,48,4,5570,1,62,0
522,48,4,5594,1,56,0
523,49,4,5611,1,51,0
524,49,4,5513,1,92,0
525,49,4,5335,1,137,0
526,49,4,5441,1,93,0
527,49,4,5246,1,130,0
528,49,4,5242,1,146,0
529,49,4,4319,1,364,0
530,49,4,5534,1,70,0
531,49,4,5457,1,103,0
532,49,4,5592,1,59,0
533,49,4,5611,1,54,0
534,49,4,5542,1,69,0
535,49,4,5621,1,69,0
536,49,4,5029,1,186,0
537,49,4,5538,1,75,0
538,49,4,4658,1,265,0
539,49,4,5573,1,66,0
540,49,4,5487,1,93,0
541,49,4,5272,1,151,0
542,49,4,5613,1,51,0
543,49,4,5501,1,80,0
544,49,4,5563,1,67,0
545,49,4,5475,1,95,0
546,49,4,4879,1,217,0
547,49,4,5584,1,58,0
548,49,4,4955,1,206,0
549,50,4,5287,1,121,0
550,50,4,5140,1,170,0
551,50,3,3519,0,1001,0
552,50,4,4927,1,250,0
553,50,4,5616,1,50,0
554,50,4,5401,1,100,0
555,50,4,5159,1,179,0
556,50,4,5507,1,83,0
557,50,4,5544,1,87,0
558,50,4,5434,1,120,0
559,50,4,5464,1,104,0
560,50,4,5588,1,63,0
561,50,4,5563,1,72,0
562,50,4,5491,1,107,0
563,50,4,5528,1,78,0
564,51,2,2330,0,1001,0
565,51,4,5577,1,64,0
566,51,4,5594,1,56,0
567,51,4,5567,1,70,0
568,51,4,5535,1,83,0
569,51,4,5460,1,118,0
570,51,4,5514,1,77,0
571,51,4,5572,1,69,0
572,51,4,5373,1,102,0
573,51,4,5540,1,74,0
574,51,4,5494,1,81,0
575,51,4,5446,1,125,0
576,51,4,4474,1,321,0
577,51,4,5425,1,95,0
578,51,4,5514,1,92,0
579,51,4,5369,1,104,0
580,51,4,5488,1,82,0
581,51,4,5587,1,60,0
582,51,4,5475,1,109,0
583,51,4,5582,1,61,0
584,51,4,5607,1,53,0
585,51,4,5344,1,176,0
586,51,4,5181,1,227,0
587,51,4,5487,1,86,0
588,51,4,5569,1,60,0
589,51,4,5548,1,73,0
590,51,4,5142,1,165,0
591,52,4,5446,1,109,0
592,52,4,5500,1,79,0
593,52,4,5501,1,88,0
594,52,4,5468,1,80,0
595,52,4,5507,1,97,0
596,52,4,5515,1,81,0
597,52,4,5380,1,106,0
598,52,4,5441,1,107,0
599,52,4,5436,1,83,0
600,52,3,3527,0,1001,1
601,52,4,5536,1,67,0
602,52,4,5364,1,147,0
603,52,4,5312,1,155,0
604,52,4,4952,1,199,0
605,52,4,5155,1,168,0
606,52,4,5479,1,106,0
607,52,4,5426,1,91,0
608,52,4,5456,1,113,0
609,52,4,5589,1,61,0
610,52,4,5407,1,147,0
611,52,4,5558,1,68,0
612,52,4,5539,1,76,0
613,52,4,5528,1,69,0
614,53,4,5295,1,115,0
615,53,4,5410,1,106,0
616,53,4,5577,1,61,0
617,53,4,5147,1,184,0
618,53,4,5495,1,96,0
619,53,4,5459,1,105,0
620,53,4,5442,1,133,0
621,53,4,5543,1,72,0
622,53,4,5323,1,119,0
623,53,4,5542,1,66,0
624,53,4,5484,1,92,0
625,53,4,5408,1,125,0
626,53,4,5487,1,78,0
627,53,4,5592,1,58,0
628,53,4,4561,1,393,0
629,53,4,5572,1,67,0
630,53,4,5501,1,88,0
631,53,4,4820,1,227,0
632,53,4,5065,1,160,0
633,53,4,5530,1,73,0
634,54,2,2106,0,1001,0
635,54,4,5480,1,78,0
636,54,4,5245,1,144,0
637,54,4,5509,1,82,0
638,54,4,5567,1,68,0
639,54,4,5421,1,103,0
640,54,4,5407,1,103,0
641,54,4,5552,1,65,0
642,54,4,5535,1,75,0
643,54,4,5546,1,71,0
644,54,4,5223,1,142,0
645,54,4,5590,1,57,0
646,54,4,5500,1,90,0
647,54,4,5536,1,79,0
648,54,4,5540,1,75,0
649,54,4,5533,1,69,0
650,54,4,5315,1,128,0
651,54,4,5597,1,55,0
652,54,4,5609,1,54,0
653,54,4,5563,1,75,0
654,54,4,5558,1,70,0
655,54,4,5474,1,111,0
656,54,4,5583,1,63,0
657,54,4,5508,1,75,0
658,54,4,5505,1,86,0
659,54,4,5409,1,114,0
660,54,4,5419,1,114,0
661,54,4,5562,1,64,0
662,54,4,5568,1,68,0
663,54,4,5589,1,62,0
664,54,4,5162,1,174,0
665,54,4,5026,1,246,0
666,55,4,5588,1,61,0
667,55,4,5587,1,58,0
668,55,4,5417,1,95,0
669,55,4,5593,1,57,0
670,55,4,5293,1,115,0
671,55,4,5583,1,58,0
672,55,4,5606,1,58,0
673,55,4,5615,1,51,0
674,55,4,5381,1,104,0
675,55,4,4989,1,196,0
676,55,4,5341,1,127,0
677,55,4,5288,1,159,0
678,55,4,5603,1,55,0
679,55,4,5283,1,160,0
680,55,4,5480,1,95,0
681,55,4,5560,1,70,0
682,55,4,5173,1,182,0
683,55,4,5548,1,84,0
684,55,4,5437,1,86,0
685,55,4,5502,1,87,0
686,55,4,5433,1,125,0
687,55,4,5307,1,126,0
688,55,4,5106,1,179,0
689,55,4,5380,1,110,0
690,55,4,5136,1,183,0
691,55,4,5503,1,88,0
692,55,4,5311,1,121,0
693,55,4,5311,1,119,0
694,55,4,5592,1,53,0
695,55,4,5563,1,60,0
696,56,4,5233,1,149,0
697,56,4,5405,1,103,0
698,56,4,4387,1,329,0
699,56,4,4462,1,377,0
700,56,0,0,0,1001,1
701,56,4,5350,1,120,0
702,56,4,5555,1,60,0
703,56,4,4732,1,271,0
704,56,4,4954,1,203,0
705,57,2,2341,0,1001,0
706,57,4,4784,1,327,0
707,57,4,4565,1,289,0
708,57,4,5347,1,110,0
709,57,4,5198,1,208,0
710,57,2,1703,0,1001,0
711,58,4,3753,1,861,0
712,58,4,4824,1,214,0
713,58,4,5547,1,69,0
714,58,1,1190,0,1001,0
715,58,4,4918,1,217,0
716,58,4,5591,1,62,0
717,58,4,5461,1,86,0
718,58,4,5238,1,142,0
719,58,4,5570,1,74,0
720,58,4,5611,1,54,0
721,58,4,5501,1,85,0
722,58,4,5276,1,121,0
723,58,4,5493,1,79,0
724,58,4,5458,1,94,0
725,58,4,5586,1,59,0
726,58,4,5553,1,69,0
727,58,4,4716,1,343,0
728,58,4,5497,1,83,0
729,59,3,3511,0,1001,0
730,59,4,4890,1,280,0
731,59,4,5572,1,61,0
732,59,4,5550,1,72,0
733,59,4,5338,1,141,0
734,59,2,2173,0,1001,0
735,59,4,5469,1,99,0
736,59,4,5553,1,66,0
737,59,4,5575,1,64,0
738,59,4,5615,1,51,0
739,59,4,5589,1,61,0
740,59,4,5445,1,123,0
741,59,4,5577,1,61,0
742,59,4,5468,1,84,0
743,60,4,4207,1,387,0
744,60,3,3432,0,1001,0
745,60,4,5508,1,73,0
746,60,4,5602,1,52,0
747,60,4,5628,1,46,0
748,60,4,5563,1,66,0
749,60,4,5513,1,91,0
750,60,2,2356,0,1001,0
751,60,4,5613,1,51,0
752,60,4,5302,1,129,0
753,60,4,5609,1,53,0
754,60,4,4996,1,271,0
755,61,3,3128,0,1001,0
756,61,4,4487,1,397,0
757,61,4,5591,1,65,0
758,61,2,2331,0,1001,0
759,61,4,5367,1,106,0
760,61,4,5495,1,87,0
761,61,4,5536,1,76,0
762,61,4,5549,1,75,0
763,61,4,5510,1,82,0
764,62,3,3503,0,1001,0
765,62,4,5533,1,70,0
766,62,4,5587,1,59,0
767,62,4,5601,1,52,0
768,62,4,5511,1,82,0
769,62,4,5598,1,51,0
770,62,4,5521,1,67,0
771,62,4,5218,1,128,0
772,62,4,4569,1,265,0
773,62,4,5228,1,173,0
774,62,4,5558,1,76,0
775,62,4,5420,1,91,0
776,62,4,4984,1,199,0
777,62,4,5475,1,93,0
778,62,4,5503,1,76,0
779,62,4,5571,1,67,0
780,62,4,5533,1,73,0
781,62,4,5556,1,68,0
782,62,4,5432,1,96,0
783,62,4,5529,1,85,0
784,62,4,5452,1,83,0
785,62,4,5502,1,70,0
786,62,4,5569,1,62,0
787,62,4,5557,1,64,0
788,62,4,5195,1,181,0
789,62,4,5605,1,52,0
790,62,4,5580,1,64,0
791,63,4,5600,1,55,0
792,63,4,5366,1,126,0
793,63,4,5633,1,46,0
794,63,4,5576,1,64,0
795,63,4,5613,1,50,0
796,63,4,5533,1,89,0
797,63,4,5595,1,58,0
798,63,4,5336,1,109,0
799,63,4,5535,1,82,0
800,63,4,5639,1,44,1
801,63,4,5574,1,61,0
802,63,4,5615,1,52,0
803,63,4,5464,1,88,0
804,63,4,5606,1,52,0
805,63,4,5596,1,56,0
806,63,4,5511,1,84,0
807,63,4,5484,1,81,0
808,63,4,5501,1,89,0
809,63,4,5601,1,57,0
810,63,4,5258,1,161,0
811,63,4,5632,1,46,0
812,63,4,5605,1,54,0
813,63,4,5583,1,60,0
814,63,4,5494,1,76,0
815,63,4,5588,1,57,0
816,63,4,5492,1,81,0
817,63,4,5396,1,100,0
818,63,4,5599,1,58,0
819,63,4,5596,1,56,0
820,63,4,5626,1,48,0
821,63,4,5431,1,113,0
822,63,4,5575,1,61,0
823,63,4,5591,1,55,0
824,63,4,5499,1,85,0
825,63,4,5521,1,76,0
826,63,4,5615,1,50,0
827,63,4,5578,1,59,0
828,63,4,5568,1,65,0
829,63,4,5584,1,59,0
830,63,4,5220,1,180,0
831,63,4,5515,1,91,0
832,63,4,5601,1,54,0
833,63,4,5377,1,112,0
834,64,2,2367,0,1001,0
835,64,3,3516,0,1001,0
836,64,4,5535,1,68,0
837,64,4,5609,1,52,0
838,64,4,5595,1,56,0
839,64,4,5578,1,60,0
840,64,4,5466,1,83,0
841,64,4,5609,1,53,0
842,64,4,5614,1,51,0
843,64,4,5458,1,87,0
844,64,4,5489,1,87,0
845,64,4,5628,1,49,0
846,64,4,5540,1,68,0
847,64,4,5572,1,65,0
848,64,4,5598,1,75,0
849,64,4,5614,1,52,0
850,64,4,5174,1,156,0
851,65,4,3728,1,712,0
852,65,4,5604,1,56,0
853,65,4,5621,1,50,0
854,65,3,2895,0,1001,0
855,65,4,5436,1,87,0
856,65,4,5602,1,53,0
857,65,4,5536,1,81,0
858,65,4,5589,1,59,0
859,65,4,5370,1,116,0
860,65,4,5590,1,57,0
861,65,4,5596,1,55,0
862,65,4,5620,1,50,0
863,65,4,5582,1,54,0
864,65,4,5611,1,52,0
865,65,4,5513,1,76,0
866,65,4,5471,1,88,0
867,65,4,5583,1,60,0
868,65,4,5549,1,61,0
869,65,4,5460,1,98,0
870,65,4,5582,1,63,0
871,65,4,5500,1,83,0
872,65,4,5545,1,74,0
873,65,4,5460,1,106,0
874,66,4,5639,1,44,0
875,66,4,5590,1,58,0
876,66,4,5270,1,131,0
877,66,4,5489,1,87,0
878,66,4,5555,1,66,0
879,66,4,5490,1,89,0
880,66,4,5525,1,77,0
881,66,4,5552,1,69,0
882,66,4,5601,1,55,0
883,66,4,5499,1,93,0
884,66,4,5582,1,62,0
885,66,4,5578,1,64,0
886,66,4,5585,1,59,0
887,66,4,5416,1,94,0
888,66,4,5514,1,87,0
889,66,4,5567,1,90,0
890,66,4,5564,1,59,0
891,66,4,5291,1,142,0
892,66,4,5491,1,80,0
893,66,4,4066,1,474,0
894,66,4,4875,1,200,0
895,66,4,5493,1,87,0
896,66,4,5570,1,65,0
897,66,4,4388,1,372,0
898,66,4,5419,1,113,0
899,66,4,5512,1,72,0
900,67,0,0,0,1001,1
901,67,4,5539,1,71,0
902,67,4,5018,1,190,0
903,67,4,5170,1,159,0
904,67,4,5084,1,167,0
905,67,4,5576,1,81,0
906,67,4,5576,1,65,0
907,67,4,4160,1,600,0
908,67,4,5580,1,63,0
909,67,4,5620,1,52,0
910,67,4,5528,1,76,0
911,67,4,5217,1,144,0
912,67,4,5293,1,154,0
913,67,4,5180,1,162,0
914,67,4,5389,1,101,0
915,68,3,2872,0,1001,0
916,68,4,5568,1,62,0
917,68,4,5161,1,134,0
918,68,4,5515,1,98,0
919,68,4,5493,1,104,0
920,68,4,5300,1,135,0
921,68,4,5024,1,169,0
922,68,4,5251,1,129,0
923,68,4,5467,1,82,0
924,68,4,4845,1,204,0
925,68,4,5515,1,100,0
926,68,3,3264,0,1001,0
927,68,4,5459,1,86,0
928,68,4,5521,1,69,0
929,68,4,5520,1,76,0
930,69,4,5469,1,96,0
931,69,4,5248,1,122,0
932,69,4,5665,1,59,0
933,69,4,5505,1,74,0
934,69,4,5334,1,121,0
935,69,4,4448,1,345,0
936,69,4,5427,1,88,0
937,69,4,5038,1,172,0
938,69,4,5267,1,152,0
939,69,4,5481,1,93,0
940,69,4,5172,1,159,0
941,69,4,5595,1,58,0
942,69,4,5618,1,74,0
943,69,4,5509,1,81,0
944,69,4,5313,1,115,0
945,69,4,5608,1,72,0
946,69,4,5287,1,117,0
947,69,4,5414,1,96,0
948,69,4,5468,1,121,0
949,69,4,5290,1,135,0
950,69,4,4909,1,218,0
951,69,4,5610,1,73,0
952,69,4,5582,1,73,0
953,69,4,5176,1,138,0
954,69,4,5457,1,88,0
955,69,4,5305,1,134,0
956,69,4,5419,1,89,0
957,70,4,5381,1,97,0
958,70,4,5588,1,74,0
959,70,4,5253,1,124,0
960,70,4,5408,1,115,0
961,70,4,5469,1,81,0
962,70,4,5411,1,92,0
963,70,4,5549,1,72,0
964,70,4,5462,1,79,0
965,70,4,5352,1,114,0
966,70,2,2327,0,1001,0
967,70,4,5292,1,110,0
968,70,4,5587,1,77,0
969,70,2,2245,0,1001,0
970,70,4,5356,1,129,0
971,71,4,5398,1,111,0
972,71,4,5462,1,101,0
973,71,4,5549,1,65,0
974,71,4,5546,1,87,0
975,71,4,5420,1,91,0
976,71,4,4926,1,226,0
977,71,4,5533,1,72,0
978,71,4,5535,1,67,0
979,71,3,3442,0,1001,0
980,71,4,5410,1,91,0
981,71,4,5591,1,53,0
982,71,4,5591,1,59,0
983,71,4,4980,1,213,0
984,71,4,5286,1,143,0
985,71,4,5632,1,63,0
986,71,4,5586,1,58,0
987,71,4,5418,1,99,0
988,71,4,5534,1,95,0
989,71,4,5598,1,81,0
990,71,4,5349,1,124,0
991,71,4,5520,1,77,0
992,71,4,5230,1,132,0
993,71,4,5541,1,66,0
994,72,4,5312,1,126,0
995,72,4,5358,1,105,0
996,72,4,5669,1,61,0
997,72,4,5330,1,126,0
998,72,4,5540,1,88,0
999,72,4,5460,1,85,0
1000,72,0,0,0,1001,1
1001,72,4,5547,1,84,0
1002,72,4,5124,1,167,0
1003,72,4,5338,1,141,0
1004,72,4,5504,1,72,0
1005,72,4,5415,1,112,0
1006,72,4,4722,1,284,0
1007,72,4,5445,1,111,0
1008,72,4,5201,1,150,0
1009,72,4,5377,1,108,0
1010,72,4,5606,1,73,0
1011,72,4,5608,1,73,0
1012,72,4,5233,1,193,0
1013,73,4,5098,1,232,0
1014,73,4,5051,1,225,0
1015,73,4,5402,1,116,0
1016,73,4,5213,1,153,0
1017,73,4,5082,1,177,0
1018,73,4,4645,1,312,0
1019,73,4,5444,1,103,0
1020,73,4,5495,1,99,0
1021,73,2,2232,0,1001,0
1022,73,4,4775,1,267,0
1023,73,4,5597,1,77,0
1024,73,4,5480,1,94,0
1025,73,4,5612,1,69,0
1026,73,4,5424,1,109,0
1027,74,4,5082,1,174,0
1028,74,4,5309,1,124,0
1029,74,4,5421,1,92,0
1030,74,4,5269,1,165,0
1031,74,4,5230,1,128,0
1032,74,4,5457,1,85,0
1033,74,4,5550,1,84,0
1034,74,4,5429,1,93,0
1035,74,4,5426,1,108,0
1036,74,4,5569,1,61,0
1037,74,4,5087,1,171,0
1038,74,4,5531,1,67,0
1039,74,4,5461,1,97,0
1040,74,4,5494,1,82,0
1041,74,4,5093,1,171,0
1042,74,4,5362,1,105,0
1043,74,2,2296,0,1001,0
1044,74,4,5377,1,120,0
1045,74,4,5294,1,118,0
1046,74,4,5608,1,71,0
1047,74,4,5431,1,108,0
1048,75,4,5211,1,129,0
1049,75,2,2261,0,1001,0
1050,75,4,4919,1,186,0
1051,75,4,5497,1,107,0
1052,75,4,4835,1,324,0
1053,75,4,5377,1,106,0
1054,75,4,5472,1,96,0
1055,75,3,2648,0,1001,0
1056,75,4,5419,1,94,0
1057,75,4,5063,1,179,0
1058,76,4,4841,1,242,0
1059,76,4,5421,1,113,0
1060,76,4,5416,1,111,0
1061,76,4,5443,1,116,0
1062,76,4,5482,1,86,0
1063,76,4,4906,1,207,0
1064,76,4,5394,1,117,0
1065,76,4,5346,1,114,0
1066,76,4,5339,1,126,0
1067,76,3,3467,0,1001,0
1068,76,4,5189,1,156,0
1069,76,4,4234,1,330,0
1070,76,4,5287,1,155,0
1071,76,4,5511,1,69,0
1072,76,4,5251,1,182,0
1073,77,4,5163,1,161,0
1074,77,4,4796,1,266,0
1075,77,4,5405,1,133,0
1076,77,4,5347,1,126,0
1077,77,4,5593,1,65,0
1078,77,4,5512,1,99,0
1079,77,4,4917,1,206,0
1080,77,4,5307,1,125,0
1081,77,4,5292,1,129,0
1082,77,4,5501,1,91,0
1083,77,4,5550,1,59,0
1084,77,4,5538,1,86,0
1085,77,4,5406,1,115,0
1086,77,4,5504,1,77,0
1087,77,1,1136,0,1001,0
1088,78,2,2033,0,1001,0
1089,78,4,4944,1,207,0
1090,78,4,5262,1,123,0
1091,78,3,2857,0,1001,0
1092,78,4,5226,1,182,0
1093,78,4,3646,1,496,0
1094,78,4,4570,1,257,0
1095,78,4,5466,1,104,0
1096,78,4,5316,1,114,0
1097,78,4,5385,1,93,0
1098,79,4,5492,1,78,0
1099,79,4,5306,1,117,0
1100,79,0,0,0,1001,1
1101,79,4,5384,1,103,0
1102,79,4,5005,1,194,0
1103,79,4,5397,1,92,0
1104,79,4,5401,1,111,0
1105,79,4,5578,1,64,0
1106,79,4,5185,1,166,0
1107,79,4,5277,1,141,0
1108,79,4,5557,1,70,0
1109,79,4,5533,1,72,0
1110,79,4,5084,1,185,0
1111,79,4,5483,1,113,0
1112,79,4,5400,1,101,0
1113,79,4,5511,1,74,0
1114,79,4,4986,1,180,0
1115,79,4,5461,1,103,0
1116,79,4,5406,1,102,0
1117,79,4,5217,1,129,0
1118,80,4,5374,1,106,0
1119,80,4,5589,1,52,0
1120,80,4,5491,1,82,0
1121,80,4,5214,1,168,0
1122,80,4,5238,1,133,0
1123,80,4,5490,1,86,0
1124,80,4,5224,1,140,0
1125,80,4,5398,1,92,0
1126,80,4,5329,1,126,0
1127,80,4,5241,1,128,0
1128,80,4,5266,1,127,0
1129,80,4,5501,1,83,0
1130,80,4,4751,1,228,0
1131,80,4,5531,1,80,0
1132,80,4,5401,1,93,0
1133,80,4,5483,1,84,0
1134,80,4,5582,1,64,0
1135,80,4,5376,1,98,0
1136,80,3,3332,0,1001,0
1137,80,4,5196,1,186,0
1138,81,4,5018,1,196,0
1139,81,4,5382,1,115,0
1140,81,4,5361,1,112,0
1141,81,4,5457,1,111,0
1142,81,4,5470,1,89,0
1143,81,4,5485,1,79,0
1144,81,4,5019,1,209,0
1145,81,4,5466,1,113,0
1146,81,4,5224,1,160,0
1147,81,4,5420,1,88,0
1148,81,4,5442,1,96,0
1149,81,4,5489,1,83,0
1150,81,4,5268,1,146,0
1151,81,4,5496,1,80,0
1152,81,4,5085,1,175,0
1153,81,4,5403,1,131,0
1154,81,4,5181,1,180,0
1155,81,4,5306,1,110,0
1156,81,4,4871,1,247,0
1157,81,4,5423,1,105,0
1158,81,4,5332,1,119,0
1159,81,4,5403,1,107,0
1160,81,4,4992,1,198,0
1161,81,4,5423,1,93,0
1162,82,4,5325,1,136,0
1163,82,4,5326,1,115,0
1164,82,4,5148,1,161,0
1165,82,4,5145,1,173,0
1166,82,4,5600,1,62,0
1167,82,4,5396,1,117,0
1168,82,4,5281,1,158,0
1169,82,4,5350,1,131,0
1170,82,4,5284,1,118,0
1171,82,4,5309,1,137,0
1172,82,4,5400,1,91,0
1173,82,4,5229,1,175,0
1174,82,4,5290,1,144,0
1175,82,4,5330,1,113,0
1176,82,4,5077,1,165,0
1177,82,4,5307,1,143,0
1178,82,4,5519,1,86,0
1179,82,4,5160,1,170,0
1180,82,4,5113,1,210,0
1181,82,4,5090,1,159,0
1182,82,4,5574,1,63,0
1183,82,4,4965,1,232,0
1184,83,4,4048,1,522,0
1185,83,4,5082,1,189,0
1186,83,4,5359,1,107,0
1187,83,4,5338,1,124,0
1188,83,4,5594,1,52,0
1189,83,4,5594,1,63,0
1190,83,4,4738,1,285,0
1191,83,4,5503,1,84,0
1192,83,4,5407,1,110,0
1193,83,4,5365,1,104,0
1194,83,4,5301,1,106,0
1195,83,4,5310,1,141,0
1196,83,4,5440,1,113,0
1197,83,4,5423,1,98,0
1198,83,4,5349,1,98,0
1199,83,4,5373,1,103,0
1200,83,0,0,0,1001,1
1201,84,4,5318,1,114,0
1202,84,4,5143,1,155,0
1203,84,4,5189,1,177,0
1204,84,4,4821,1,280,0
1205,84,4,5113,1,195,0
1206,84,3,3415,0,1001,0
1207,84,4,5077,1,242,0
1208,84,4,5370,1,93,0
1209,84,4,5362,1,115,0
1210,84,4,5431,1,97,0
1211,84,4,4896,1,213,0
1212,85,3,3313,0,1001,0
1213,85,4,5228,1,183,0
1214,85,4,5421,1,126,0
1215,85,4,5143,1,150,0
1216,85,4,5572,1,58,0
1217,85,4,5004,1,206,0
1218,85,4,5223,1,139,0
1219,85,4,5425,1,91,0
1220,85,4,5452,1,88,0
1221,85,4,5408,1,104,0
1222,85,4,5353,1,119,0
1223,85,4,5480,1,88,0
1224,85,4,5547,1,73,0
1225,85,4,4852,1,205,0
1226,85,4,5310,1,119,0
1227,86,2,2317,0,1001,0
1228,86,4,5301,1,132,0
1229,86,4,5286,1,131,0
1230,86,4,5534,1,62,0
1231,86,4,5217,1,183,0
1232,86,4,5565,1,72,0
1233,86,4,5616,1,52,0
1234,86,4,5105,1,154,0
1235,86,4,5555,1,67,0
1236,86,4,5378,1,112,0
1237,86,4,5081,1,176,0
1238,86,4,5092,1,154,0
1239,86,4,5500,1,74,0
1240,86,4,5221,1,162,0
1241,86,4,5451,1,87,0
1242,86,4,5178,1,157,0
1243,86,4,5450,1,95,0
1244,86,4,5199,1,142,0
1245,86,4,5064,1,204,0
1246,86,4,5582,1,60,0
1247,86,4,4447,1,382,0
1248,86,4,5366,1,97,0
1249,86,4,5360,1,108,0
1250,86,4,5399,1,101,0
1251,87,4,5264,1,118,0
1252,87,4,5240,1,119,0
1253,87,4,5353,1,113,0
1254,87,4,5236,1,123,0
1255,87,3,3363,0,1001,0
1256,87,4,5173,1,146,0
1257,87,4,5158,1,177,0
1258,87,4,5432,1,87,0
1259,87,4,5269,1,172,0
1260,87,4,5218,1,136,0
1261,87,4,5309,1,132,0
1262,87,4,5270,1,174,0
1263,87,4,5203,1,134,0
1264,87,4,5574,1,57,0
1265,87,4,5260,1,137,0
1266,87,4,5097,1,168,0
1267,87,4,5433,1,88,0
1268,87,4,5530,1,73,0
1269,87,4,5485,1,105,0
1270,88,4,5305,1,132,0
1271,88,4,5276,1,113,0
1272,88,4,5034,1,204,0
1273,88,4,5436,1,94,0
1274,88,4,5266,1,121,0
1275,88,4,5334,1,136,0
1276,88,4,5296,1,136,0
1277,88,4,5395,1,103,0
1278,88,4,5438,1,85,0
1279,88,4,5405,1,111,0
1280,88,4,5445,1,90,0
1281,88,4,4447,1,409,0
1282,88,4,4957,1,182,0
1283,88,4,5400,1,99,0
1284,88,4,5093,1,186,0
1285,88,4,5586,1,58,0
1286,88,4,5420,1,105,0
1287,88,4,5500,1,81,0
1288,88,4,5492,1,73,0
1289,88,4,5628,1,48,0
1290,89,2,1998,0,1001,0
1291,89,4,5333,1,115,0
1292,89,4,5466,1,83,0
1293,89,4,5131,1,169,0
1294,89,4,4306,1,504,0
1295,89,4,5469,1,83,0
1296,89,4,5359,1,107,0
1297,89,4,5259,1,150,0
1298,89,4,5390,1,112,0
1299,89,4,5268,1,126,0
1300,89,0,0,0,1001,1
1301,89,4,5358,1,110,0
1302,89,4,5323,1,105,0
1303,89,4,5280,1,116,0
1304,90,4,5453,1,91,0
1305,90,4,5316,1,119,0
1306,90,4,5373,1,99,0
1307,90,4,5548,1,71,0
1308,90,4,5344,1,101,0
1309,90,4,5509,1,74,0
1310,90,4,4870,1,227,0
1311,90,4,5462,1,91,0
1312,90,4,5335,1,137,0
1313,90,4,5560,1,70,0
1314,90,4,5438,1,84,0
1315,90,4,5184,1,153,0
1316,90,4,5536,1,65,0
1317,90,4,5445,1,86,0
1318,90,4,5190,1,127,0
1319,90,4,5156,1,151,0
1320,90,4,5310,1,136,0
1321,90,4,4826,1,208,0
1322,90,4,5252,1,159,0
1323,90,4,5588,1,60,0
1324,90,4,5404,1,101,0
1325,90,4,5273,1,129,0
1326,91,3,3309,0,1001,0
1327,91,4,4823,1,236,0
1328,91,4,5165,1,158,0
1329,91,4,4716,1,288,0
1330,91,4,5460,1,101,0
1331,91,3,3198,0,1001,0
1332,91,4,5367,1,103,0
1333,91,4,5586,1,60,0
1334,91,4,4614,1,301,0
1335,91,4,5518,1,80,0
1336,91,4,3801,1,466,0
1337,92,4,5041,1,181,0
1338,92,4,5158,1,176,0
1339,92,4,5458,1,100,0
1340,92,4,4795,1,213,0
1341,92,4,5046,1,343,0
1342,92,4,4953,1,201,0
1343,92,4,5458,1,108,0
1344,92,4,5393,1,110,0
1345,92,4,5559,1,62,0
1346,92,4,4892,1,346,0
1347,92,4,5180,1,139,0
1348,92,4,4559,1,373,0
1349,92,4,5264,1,122,0
1350,92,4,5422,1,95,0
1351,92,4,5077,1,215,0
1352,92,4,5007,1,206,0
1353,93,4,4994,1,236,0
1354,93,4,3439,1,610,0
1355,93,4,5125,1,158,0
1356,93,4,5060,1,273,0
1357,93,4,5527,1,94,0
1358,93,4,5408,1,97,0
1359,93,4,5152,1,173,0
1360,93,4,4685,1,238,0
1361,93,4,5444,1,104,0
1362,93,4,4756,1,238,0
1363,93,4,5321,1,133,0
1364,93,4,5196,1,183,0
1365,93,4,5360,1,110,0
1366,93,4,4929,1,214,0
1367,93,4,5029,1,198,0
1368,93,4,5315,1,151,0
1369,94,3,3178,0,1001,0
1370,94,4,5163,1,202,0
1371,94,4,5077,1,195,0
1372,94,4,4840,1,245,0
1373,94,4,5039,1,169,0
1374,94,4,4651,1,288,0
1375,94,4,5172,1,158,0
1376,94,4,5389,1,108,0
1377,94,4,5011,1,222,0
1378,94,4,5301,1,143,0
1379,95,4,3657,1,740,0
1380,95,4,5359,1,121,0
1381,95,4,5536,1,79,0
1382,95,4,4999,1,251,0
1383,95,4,4735,1,278,0
1384,95,4,4232,1,417,0
1385,95,4,5417,1,99,0
1386,95,4,4208,1,376,0
1387,95,4,5084,1,193,0
1388,95,4,5293,1,147,0
1389,95,4,4467,1,324,0
1390,95,4,5264,1,176,0
1391,95,4,5366,1,121,0
1392,96,3,3174,0,1001,0
1393,96,3,3029,0,1001,0
1394,96,4,5290,1,140,0
1395,96,4,5537,1,89,0
1396,96,4,4780,1,208,0
1397,96,4,5067,1,202,0
1398,97,3,3252,0,1001,0
1399,97,4,4958,1,203,0
1400,97,0,0,0,1001,1
1401,97,4,4899,1,233,0
1402,97,4,5427,1,102,0
1403,97,4,5373,1,130,0
1404,97,4,4565,1,310,0
1405,97,4,5418,1,145,0
1406,97,4,4982,1,218,0
1407,97,4,5666,1,57,0
1408,97,4,5445,1,92,0
1409,97,4,5486,1,76,0
1410,97,4,5149,1,171,0
1411,97,4,5459,1,115,0
1412,98,3,3491,0,1001,0
1413,98,3,3536,0,1001,0
1414,98,4,5053,1,190,0
1415,98,4,5580,1,55,0
1416,98,4,4513,1,415,0
1417,98,4,5038,1,203,0
1418,98,4,4164,1,376,0
1419,99,4,5478,1,96,0
1420,99,4,5446,1,99,0
1421,99,4,4387,1,353,0
1422,99,4,5380,1,133,0
1423,99,4,5387,1,120,0
1424,99,4,5081,1,198,0
1425,99,4,5560,1,96,0
1426,99,4,5523,1,102,0
1427,99,4,5284,1,169,0
1428,99,4,5420,1,127,0
1429,99,4,5554,1,94,0
1430,99,4,5610,1,74,0
1431,99,4,5283,1,163,0
1432,99,4,5509,1,86,0
1433,99,4,5671,1,61,0
1434,99,4,5631,1,70,0
1435,99,4,5298,1,180,0
1436,99,4,5511,1,103,0
1437,99,4,5604,1,79,0
1438,99,4,5406,1,143,0
1439,99,4,5569,1,77,0
1440,99,4,5435,1,128,0
1441,99,4,5531,1,88,0
1442,99,4,5591,1,77,0
1443,99,4,5182,1,179,0
1444,100,4,5027,1,198,0
1445,100,4,5476,1,114,0
1446,100,4,5284,1,180,0
1447,100,4,5642,1,65,0
1448,100,4,5363,1,144,0
1449,100,4,5218,1,155,0
1450,100,4,5062,1,189,0
1451,100,1,1167,0,1001,0
1452,100,4,5345,1,125,0
1453,100,4,5645,1,66,0
1454,100,4,5277,1,147,0
1455,100,4,5399,1,130,0
1456,100,4,4900,1,215,0
1457,100,4,5532,1,99,0
1458,100,4,5386,1,134,0
1459,100,4,5365,1,141,0
1460,101,4,5156,1,207,0
1461,101,4,5439,1,111,0
1462,101,4,5411,1,121,0
1463,101,3,3479,0,1001,0
1464,101,2,2276,0,1001,0
1465,101,4,5279,1,177,0
1466,101,4,4602,1,353,0
1467,101,4,5421,1,101,0
1468,101,4,5509,1,98,0
1469,101,4,5497,1,102,0
1470,102,4,5496,1,93,0
1471,102,4,5478,1,99,0
1472,102,4,5454,1,104,0
1473,102,4,5349,1,117,0
1474,102,3,3507,0,1001,0
1475,102,4,5353,1,128,0
1476,102,4,5597,1,81,0
1477,102,4,5492,1,104,0
1478,102,4,5293,1,167,0
1479,102,4,5535,1,71,0
1480,102,4,5421,1,108,0
1481,102,4,5416,1,116,0
1482,102,4,5304,1,129,0
1483,102,4,5566,1,83,0
1484,102,4,5439,1,104,0
1485,102,4,5127,1,179,0
1486,102,4,5376,1,149,0
1487,102,4,5587,1,76,0
1488,102,4,5625,1,77,0
1489,102,4,5511,1,94,0
1490,102,4,5381,1,139,0
1491,103,4,5641,1,71,0
1492,103,4,4626,1,316,0
1493,103,4,5312,1,188,0
1494,103,4,4960,1,295,0
1495,103,4,5275,1,150,0
1496,103,4,5479,1,93,0
1497,103,4,5604,1,73,0
1498,103,4,5429,1,115,0
1499,103,4,5411,1,111,0
1500,103,0,0,0,1001,1
1501,103,4,4924,1,211,0
1502,103,4,5318,1,129,0
1503,103,4,5628,1,68,0
1504,103,4,5540,1,87,0
1505,103,4,5381,1,110,0
1506,103,4,5643,1,65,0
1507,104,4,5324,1,127,0
1508,104,4,4626,1,275,0
1509,104,4,5467,1,111,0
1510,104,4,5170,1,161,0
1511,104,4,5245,1,152,0
1512,104,4,5513,1,93,0
1513,104,4,5519,1,95,0
1514,104,4,5515,1,84,0
1515,104,4,5499,1,93,0
1516,104,4,5576,1,78,0
1517,104,4,5592,1,75,0
1518,104,4,5413,1,119,0
1519,104,4,5572,1,86,0
1520,104,4,5540,1,86,0
1521,104,4,5545,1,86,0
1522,104,4,5086,1,175,0
1523,104,4,5466,1,103,0
1524,104,4,5589,1,76,0
1525,104,4,5416,1,114,0
1526,104,4,5520,1,97,0
1527,104,4,5414,1,107,0
1528,104,4,5471,1,103,0
1529,104,4,5523,1,99,0
1530,104,4,5464,1,107,0
1531,104,4,5503,1,99,0
1532,105,3,3519,0,1001,0
1533,105,4,5276,1,138,0
1534,105,4,5550,1,93,0
1535,105,4,5513,1,94,0
1536,105,4,5573,1,83,0
1537,105,4,5392,1,126,0
1538,105,4,5601,1,74,0
1539,105,4,5124,1,168,0
1540,105,4,5508,1,91,0
1541,105,4,5469,1,100,0
1542,105,1,1253,0,1001,0
1543,105,4,5184,1,160,0
1544,105,4,5459,1,112,0
1545,105,4,5457,1,100,0
1546,105,4,5556,1,80,0
1547,105,4,5567,1,82,0
1548,106,4,5398,1,126,0
1549,106,4,5636,1,66,0
1550,106,4,5489,1,104,0
1551,106,4,5599,1,73,0
1552,106,4,5530,1,96,0
1553,106,4,5598,1,72,0
1554,106,4,5538,1,87,0
1555,106,4,5606,1,73,0
1556,106,4,5326,1,125,0
1557,106,4,5628,1,71,0
1558,106,4,5499,1,94,0
1559,106,4,5590,1,80,0
1560,106,4,5256,1,142,0
1561,106,4,5590,1,74,0
1562,106,4,5563,1,90,0
1563,106,4,5043,1,187,0
1564,106,4,5522,1,88,0
1565,106,4,5559,1,84,0
1566,106,4,5456,1,117,0
1567,106,4,4934,1,217,0
1568,106,4,5451,1,105,0
1569,106,4,5431,1,115,0
1570,106,4,5476,1,110,0
1571,106,4,5294,1,173,0
1572,106,4,5473,1,108,0
1573,106,4,5396,1,120,0
1574,106,4,5593,1,82,0
1575,106,4,5569,1,80,0
1576,107,3,3499,0,1001,0
1577,107,4,4743,1,264,0
1578,107,4,4508,1,301,0
1579,107,4,5615,1,73,0
1580,107,4,5614,1,69,0
1581,107,4,5448,1,100,0
1582,107,4,5468,1,98,0
1583,107,4,5499,1,98,0
1584,107,4,5172,1,224,0
1585,107,4,5594,1,76,0
1586,107,4,5523,1,86,0
1587,107,4,5284,1,124,0
1588,107,4,4688,1,308,0
1589,108,3,3557,0,1001,0
1590,108,4,5371,1,119,0
1591,108,4,5085,1,170,0
1592,108,4,5344,1,122,0
1593,108,4,5327,1,137,0
1594,108,4,4984,1,196,0
1595,108,4,4961,1,206,0
1596,108,4,5593,1,79,0
1597,108,4,5561,1,85,0
1598,108,4,5486,1,99,0
1599,108,4,5449,1,103,0
1600,108,0,0,0,1001,1
1601,108,4,5469,1,99,0
1602,108,4,5433,1,120,0
1603,109,3,3446,0,1001,0
1604,109,4,5239,1,161,0
1605,109,4,5459,1,122,0
1606,109,4,5322,1,135,0
1607,109,4,5386,1,125,0
1608,109,4,5451,1,124,0
1609,109,4,5324,1,127,0
1610,109,4,5508,1,94,0
1611,109,4,4789,1,248,0
1612,109,4,5311,1,143,0
1613,109,4,5367,1,134,0
1614,109,4,5386,1,138,0
1615,109,4,4874,1,265,0
1616,109,4,5587,1,86,0
1617,109,4,5307,1,150,0
1618,109,4,5492,1,100,0
1619,109,4,5388,1,137,0
1620,109,4,5484,1,106,0
1621,110,4,5551,1,87,0
1622,110,4,5489,1,98,0
1623,110,4,5232,1,154,0
1624,110,3,3443,0,1001,0
1625,110,4,5487,1,110,0
1626,110,4,5492,1,101,0
1627,110,3,3342,0,1001,0
1628,111,3,3493,0,1001,0
1629,111,4,5298,1,178,0
1630,111,4,5251,1,189,0
1631,111,4,5171,1,170,0
1632,111,4,5260,1,145,0
1633,111,4,5546,1,87,0
1634,111,4,5472,1,86,0
1635,111,4,5274,1,149,0
1636,111,4,5454,1,113,0
1637,111,4,5521,1,99,0
1638,111,4,5342,1,138,0
1639,111,4,5286,1,140,0
1640,111,4,3578,1,948,0
1641,111,4,5415,1,106,0
1642,112,3,3300,0,1001,0
1643,112,4,5600,1,75,0
1644,112,3,3413,0,1001,0
1645,112,4,5365,1,145,0
1646,112,4,5198,1,157,0
1647,112,4,5326,1,149,0
1648,112,4,4974,1,233,0
1649,112,4,5479,1,97,0
1650,112,4,5455,1,112,0
1651,112,4,5545,1,74,0
1652,113,3,3325,0,1001,0
1653,113,4,5438,1,124,0
1654,113,4,5562,1,82,0
1655,113,4,5408,1,119,0
1656,113,4,5318,1,125,0
1657,113,4,5345,1,147,0
1658,113,4,5333,1,146,0
1659,113,4,5376,1,126,0
1660,113,4,5324,1,135,0
1661,113,4,5052,1,222,0
1662,113,4,5143,1,186,0
1663,113,4,5452,1,113,0
1664,113,4,5189,1,150,0
1665,113,4,4258,1,437,0
1666,113,4,4953,1,252,0
1667,114,4,4961,1,207,0
1668,114,4,5368,1,123,0
1669,114,4,5471,1,103,0
1670,114,2,2276,0,1001,0
1671,114,4,5106,1,176,0
1672,114,4,5498,1,102,0
1673,114,4,5503,1,97,0
1674,114,3,2609,0,1001,0
1675,114,4,4767,1,238,0
1676,115,4,5203,1,176,0
1677,115,4,4912,1,286,0
1678,115,4,4834,1,247,0
1679,115,4,5111,1,173,0
1680,115,3,3494,0,1001,0
1681,115,4,5202,1,164,0
1682,115,4,5444,1,114,0
1683,115,4,5062,1,191,0
1684,115,4,5282,1,152,0
1685,115,4,5144,1,184,0
1686,115,4,4843,1,244,0
1687,115,4,5467,1,107,0
1688,115,4,5320,1,144,0
1689,116,4,5347,1,144,0
1690,116,4,4873,1,245,0
1691,116,4,4859,1,247,0
1692,116,4,5126,1,171,0
1693,116,4,5441,1,108,0
1694,116,4,3831,1,999,0
1695,116,4,5324,1,136,0
1696,116,4,4804,1,235,0
1697,116,4,5153,1,180,0
1698,116,4,4810,1,243,0
1699,116,4,5391,1,124,0
1700,117,0,0,0,1001,1
1701,117,4,5171,1,150,0
1702,117,4,4597,1,351,0
1703,117,4,5287,1,142,0
1704,117,4,4305,1,386,0
1705,117,4,5472,1,113,0
1706,117,4,5426,1,128,0
1707,117,4,5114,1,191,0
1708,117,3,3502,0,1001,0
1709,118,3,3418,0,1001,0
1710,118,4,5428,1,118,0
1711,118,4,5217,1,161,0
1712,118,4,5323,1,141,0
1713,118,4,4478,1,281,0
1714,118,4,5549,1,69,0
1715,118,4,5509,1,101,0
1716,118,4,5389,1,125,0
1717,118,4,5172,1,180,0
1718,118,4,5410,1,121,0
1719,118,4,5312,1,138,0
1720,118,4,5006,1,193,0
1721,118,4,5148,1,162,0
1722,118,4,5501,1,99,0
1723,118,4,5539,1,93,0
1724,118,4,5152,1,176,0
1725,119,3,3474,0,1001,0
1726,119,4,5416,1,122,0
1727,119,4,5055,1,198,0
1728,119,4,5164,1,191,0
1729,119,4,5053,1,208,0
1730,119,4,5229,1,147,0
1731,119,4,4961,1,215,0
1732,119,4,4795,1,240,0
1733,120,2,2067,0,1001,0
1734,120,4,5490,1,108,0
1735,120,4,5152,1,165,0
1736,120,4,5500,1,88,0
1737,120,4,5151,1,186,0
1738,120,4,4746,1,263,0
1739,120,4,4723,1,279,0
1740,120,4,4694,1,275,0
1741,120,4,5130,1,164,0
1742,120,4,5334,1,129,0
1743,120,4,5427,1,117,0
1744,120,4,4946,1,208,0
1745,120,3,3180,0,1001,0
1746,121,4,4492,1,360,0
1747,121,4,4372,1,395,0
1748,121,4,5106,1,180,0
1749,121,4,5624,1,75,0
1750,121,4,5064,1,249,0
1751,121,4,4946,1,211,0
1752,121,4,4850,1,241,0
1753,121,4,4761,1,246,0
1754,121,4,5471,1,98,0
1755,121,4,4216,1,612,0
1756,121,4,4795,1,246,0
1757,121,4,5188,1,159,0
1758,122,4,4776,1,262,0
1759,122,4,5305,1,136,0
1760,122,4,5521,1,92,0
1761,122,4,4936,1,208,0
1762,122,4,5267,1,156,0
1763,122,4,5262,1,142,0
1764,122,4,5384,1,126,0
1765,122,4,4498,1,327,0
1766,122,4,5489,1,102,0
1767,122,4,4627,1,292,0
1768,122,4,5293,1,157,0
1769,122,4,4401,1,363,0
1770,122,4,4316,1,415,0
1771,123,2,2444,0,1001,0
1772,123,4,5256,1,173,0
1773,123,4,5244,1,135,0
1774,123,2,2344,0,1001,0
1775,123,4,4819,1,245,0
1776,123,4,4886,1,218,0
1777,123,4,5465,1,120,0
1778,123,4,5051,1,189,0
1779,123,4,4889,1,231,0
1780,124,2,2355,0,1001,0
1781,124,4,5202,1,165,0
1782,124,4,5257,1,155,0
1783,124,4,5304,1,145,0
1784,124,4,5218,1,148,0
1785,124,4,5274,1,135,0
1786,124,4,4899,1,220,0
1787,124,4,4372,1,334,0
1788,124,4,5044,1,184,0
1789,124,4,5354,1,124,0
1790,124,4,5434,1,113,0
1791,124,4,5346,1,131,0
1792,124,4,4538,1,384,0
1793,125,4,5113,1,164,0
1794,125,4,5630,1,71,0
1795,125,4,5420,1,113,0
1796,125,4,5480,1,115,0
1797,125,4,5457,1,123,0
1798,125,4,5364,1,124,0
1799,125,4,5008,1,196,0
1800,125,0,0,0,1001,1
1801,125,4,5441,1,173,0
1802,125,4,5423,1,119,0
1803,125,4,5072,1,227,0
1804,125,4,5132,1,167,0
1805,125,4,5236,1,164,0
1806,125,4,5393,1,116,0
1807,125,4,5201,1,172,0
1808,126,4,5003,1,195,0
1809,126,4,5517,1,106,0
1810,126,4,5393,1,120,0
1811,126,4,5351,1,140,0
1812,126,4,5110,1,174,0
1813,126,4,5152,1,171,0
1814,126,4,4863,1,235,0
1815,126,4,5491,1,98,0
1816,126,4,5579,1,81,0
1817,126,4,5361,1,120,0
1818,126,4,5449,1,118,0
1819,126,4,5574,1,79,0
1820,126,4,5576,1,79,0
1821,126,4,5534,1,92,0
1822,126,4,5493,1,99,0
1823,126,4,5625,1,72,0
1824,126,4,5382,1,118,0
1825,126,4,5236,1,163,0
1826,126,4,5511,1,108,0
1827,126,4,5565,1,97,0
1828,126,4,5531,1,101,0
1829,126,4,5452,1,99,0
1830,126,4,4711,1,262,0
1831,126,4,5620,1,81,0
1832,126,4,5376,1,125,0
1833,126,4,5508,1,80,0
1834,127,4,5511,1,103,0
1835,127,4,5249,1,178,0
1836,127,4,5388,1,166,0
1837,127,4,4789,1,292,0
1838,127,4,5437,1,132,0
1839,127,4,5457,1,107,0
1840,127,4,5470,1,135,0
1841,127,4,5188,1,238,0
1842,127,4,5535,1,100,0
1843,127,4,5468,1,113,0
1844,127,4,5308,1,164,0
1845,127,4,5545,1,107,0
1846,127,2,2442,0,1001,0
1847,127,4,5589,1,90,0
1848,127,4,5444,1,126,0
1849,127,4,5558,1,105,0
1850,128,4,5493,1,103,0
1851,128,4,5369,1,141,0
1852,128,4,5355,1,139,0
1853,128,4,4756,1,278,0
1854,128,4,5578,1,80,0
1855,128,4,5535,1,102,0
1856,128,4,5563,1,97,0
1857,128,4,5449,1,130,0
1858,128,2,2422,0,1001,0
1859,128,4,5342,1,136,0
1860,128,4,5538,1,101,0
1861,128,4,5388,1,127,0
1862,128,4,5162,1,245,0
1863,128,4,5507,1,100,0
1864,128,4,5159,1,191,0
1865,128,4,5235,1,149,0
1866,128,4,5443,1,118,0
1867,129,4,5595,1,85,0
1868,129,4,5560,1,98,0
1869,129,4,5127,1,182,0
1870,129,4,5341,1,137,0
1871,129,4,4932,1,216,0
1872,129,4,4743,1,267,0
1873,129,4,5277,1,139,0
1874,129,4,5344,1,151,0
1875,129,4,5637,1,72,0
1876,129,4,5405,1,148,0
1877,129,4,5333,1,149,0
1878,129,4,5268,1,197,0
1879,129,4,5085,1,195,0
1880,129,4,5600,1,74,0
1881,129,4,5209,1,204,0
1882,129,4,5189,1,195,0
1883,129,4,5521,1,101,0
1884,129,4,5415,1,129,0
1885,129,4,5523,1,96,0
1886,129,4,5605,1,87,0
1887,129,4,5458,1,116,0
1888,130,4,4622,1,273,0
1889,130,4,5414,1,138,0
1890,130,4,5543,1,113,0
1891,130,4,5469,1,112,0
1892,130,4,5295,1,139,0
1893,130,2,2345,0,1001,0
1894,130,4,5025,1,398,0
1895,130,4,4943,1,235,0
1896,130,4,5550,1,104,0
1897,130,4,5396,1,144,0
1898,130,4,4959,1,261,0
1899,130,4,5571,1,86,0
1900,131,0,0,0,1001,1
1901,131,4,5303,1,136,0
1902,131,4,5350,1,141,0
1903,131,4,5581,1,90,0
1904,131,4,5335,1,147,0
1905,131,3,3133,0,1001,0
1906,131,4,5563,1,87,0
1907,131,4,5345,1,150,0
1908,131,4,4802,1,253,0
1909,131,4,5174,1,177,0
1910,131,4,5603,1,80,0
1911,131,4,5380,1,132,0
1912,132,4,5545,1,88,0
1913,132,4,5339,1,126,0
1914,132,3,3486,0,1001,0
1915,132,4,5494,1,105,0
1916,132,4,5463,1,121,0
1917,132,4,4965,1,209,0
1918,132,4,4622,1,291,0
1919,132,4,5236,1,167,0
1920,132,4,5471,1,121,0
1921,132,4,5354,1,115,0
1922,132,4,5591,1,85,0
1923,132,4,5244,1,189,0
1924,132,4,5284,1,144,0
1925,132,4,5289,1,186,0
1926,132,4,5676,1,59,0
1927,132,4,5345,1,155,0
1928,133,4,5207,1,156,0
1929,133,4,5478,1,120,0
1930,133,4,5379,1,153,0
1931,133,4,5355,1,132,0
1932,133,4,5420,1,137,0
1933,133,4,5218,1,187,0
1934,133,4,5508,1,98,0
1935,133,4,5538,1,88,0
1936,133,4,5643,1,68,0
1937,133,4,5628,1,71,0
1938,133,4,5273,1,138,0
1939,133,4,5530,1,98,0
1940,133,4,5429,1,133,0
1941,133,4,4945,1,215,0
1942,133,4,5448,1,106,0
1943,133,4,5461,1,109,0
1944,133,2,2279,0,1001,0
1945,133,4,5427,1,130,0
1946,134,4,5348,1,160,0
1947,134,4,5402,1,118,0
1948,134,4,5271,1,144,0
1949,134,4,5351,1,128,0
1950,134,4,5009,1,191,0
1951,134,4,5455,1,106,0
1952,134,4,5546,1,107,0
1953,134,3,3479,0,1001,0
1954,134,4,5388,1,126,0
1955,134,4,5326,1,144,0
1956,134,4,5628,1,74,0
1957,134,4,5635,1,74,0
1958,135,3,3494,0,1001,0
1959,135,4,5539,1,95,0
1960,135,3,3344,0,1001,0
1961,135,4,5067,1,269,0
1962,135,4,5395,1,127,0
1963,135,4,5491,1,95,0
1964,135,4,5557,1,82,0
1965,135,4,5566,1,93,0
1966,135,4,5511,1,94,0
1967,135,4,5219,1,153,0
1968,135,4,5286,1,133,0
1969,135,4,5552,1,83,0
1970,135,4,5036,1,183,0
1971,135,4,5519,1,94,0
1972,135,4,4943,1,227,0
1973,136,4,4605,1,365,0
1974,136,4,4727,1,252,0
1975,136,4,5555,1,84,0
1976,136,4,5403,1,136,0
1977,136,4,5308,1,131,0
1978,136,4,5477,1,96,0
1979,136,4,5557,1,81,0
1980,136,3,2899,0,1001,0
1981,136,2,2367,0,1001,0
1982,137,4,5066,1,188,0
1983,137,4,5477,1,97,0
1984,137,4,5388,1,115,0
1985,137,4,5493,1,107,0
1986,137,4,5621,1,68,0
1987,137,4,5214,1,149,0
1988,137,4,5072,1,178,0
1989,137,4,5638,1,69,0
1990,137,4,4882,1,224,0
1991,137,4,5666,1,60,0
1992,137,4,5453,1,111,0
1993,137,2,2240,0,1001,0
1994,137,4,4549,1,292,0
1995,137,4,5515,1,97,0
1996,137,4,5481,1,103,0
1997,137,4,5379,1,111,0
1998,138,2,2351,0,1001,0
1999,138,4,4793,1,231,0
2000,138,0,0,0,1001,1
2001,138,4,5339,1,146,0
2002,138,4,4431,1,317,0
2003,138,4,5180,1,166,0
2004,138,4,5560,1,88,0
2005,139,3,3446,0,1001,0
2006,139,4,5081,1,192,0
2007,139,4,4778,1,273,0
2008,139,4,4862,1,256,0
2009,139,4,5482,1,99,0
2010,139,4,4825,1,276,0
2011,139,4,5392,1,122,0
2012,139,4,4667,1,273,0
2013,139,4,5051,1,214,0
2014,139,4,5272,1,155,0
2015,139,4,5362,1,125,0
2016,139,4,5391,1,106,0
2017,139,4,5086,1,179,0
2018,139,4,5541,1,83,0
2019,139,4,5451,1,102,0
2020,140,3,3498,0,1001,0
2021,140,4,5226,1,160,0
2022,140,4,5004,1,194,0
2023,140,4,5314,1,130,0
2024,140,4,5305,1,130,0
2025,140,4,5503,1,93,0
2026,140,4,5186,1,183,0
2027,140,4,5534,1,85,0
2028,140,4,5245,1,153,0
2029,140,4,5512,1,95,0
2030,140,4,5410,1,120,0
2031,140,4,4767,1,261,0
2032,140,4,4832,1,227,0
2033,140,4,5479,1,90,0
2034,140,4,5542,1,86,0
2035,140,4,5454,1,109,0
2036,140,4,5577,1,87,0
2037,140,4,5123,1,189,0
2038,141,4,5296,1,135,0
2039,141,4,5408,1,94,0
2040,141,4,4851,1,230,0
2041,141,4,5450,1,107,0
2042,141,4,5601,1,75,0
2043,141,4,5284,1,140,0
2044,141,3,3219,0,1001,0
2045,141,4,5431,1,109,0
2046,141,4,5308,1,129,0
2047,141,4,5367,1,125,0
2048,141,4,5076,1,178,0
2049,141,4,5620,1,69,0
2050,141,4,4765,1,249,0
2051,141,4,4787,1,245,0
2052,141,4,5616,1,74,0
2053,141,4,5272,1,134,0
2054,142,4,5371,1,116,0
2055,142,4,5509,1,96,0
2056,142,4,5357,1,120,0
2057,142,3,3551,0,1001,0
2058,142,3,3454,0,1001,0
2059,142,4,5276,1,144,0
2060,142,4,5065,1,180,0
2061,142,4,4903,1,229,0
2062,142,4,4975,1,229,0
2063,143,4,5524,1,94,0
2064,143,4,5382,1,123,0
2065,143,4,4512,1,310,0
2066,143,4,4618,1,281,0
2067,143,4,5369,1,116,0
2068,143,4,5478,1,98,0
2069,143,4,4833,1,226,0
2070,143,4,5440,1,104,0
2071,143,4,4857,1,304,0
2072,143,4,5451,1,106,0
2073,143,4,5062,1,184,0
2074,143,4,5553,1,81,0
2075,143,4,5527,1,89,0
2076,143,4,5222,1,156,0
2077,143,4,5465,1,99,0
2078,143,4,5482,1,104,0
2079,143,4,5463,1,112,0
2080,143,4,5469,1,102,0
2081,144,3,3275,0,1001,0
2082,144,4,5259,1,148,0
2083,144,4,5322,1,129,0
2084,144,4,5407,1,126,0
2085,144,2,2322,0,1001,0
2086,144,4,5132,1,167,0
2087,144,4,5562,1,78,0
2088,144,4,5260,1,146,0
2089,144,4,4858,1,237,0
2090,144,4,5354,1,126,0
2091,144,4,5153,1,164,0
2092,144,4,5361,1,127,0
2093,144,4,5497,1,107,0
2094,145,3,3458,0,1001,0
2095,145,4,5152,1,160,0
2096,145,4,5393,1,100,0
2097,145,4,5453,1,100,0
2098,145,4,5469,1,98,0
2099,145,4,5338,1,115,0
2100,145,0,0,0,1001,1
2101,145,4,5401,1,108,0
2102,145,4,5388,1,119,0
2103,145,4,5303,1,143,0
2104,145,4,5540,1,96,0
2105,145,4,5248,1,144,0
2106,146,3,3369,0,1001,0
2107,146,4,5548,1,87,0
2108,146,4,4773,1,260,0
2109,146,4,5205,1,186,0
2110,146,4,4975,1,246,0
2111,146,4,4963,1,211,0
2112,146,4,5046,1,198,0
2113,146,4,5094,1,167,0
2114,146,4,4952,1,232,0
2115,146,4,5004,1,245,0
2116,146,4,5067,1,183,0
2117,147,4,4886,1,244,0
2118,147,4,3721,1,568,0
2119,147,4,5449,1,90,0
2120,147,4,4539,1,315,0
2121,147,4,5496,1,104,0
2122,147,4,5415,1,128,0
2123,147,4,5380,1,128,0
2124,147,4,5631,1,68,0
2125,147,4,5555,1,93,0
2126,147,4,5484,1,108,0
2127,147,4,5444,1,120,0
2128,147,4,5473,1,101,0
2129,147,4,5254,1,149,0
2130,147,4,4591,1,325,0
2131,147,4,5285,1,145,0
2132,147,4,5581,1,83,0
2133,147,4,5537,1,95,0
2134,147,4,5275,1,136,0
2135,147,4,5480,1,103,0
2136,148,3,3352,0,1001,0
2137,148,4,5465,1,104,0
2138,148,4,5393,1,115,0
2139,148,4,5369,1,113,0
2140,148,4,5198,1,164,0
2141,148,4,5514,1,92,0
2142,148,4,5459,1,83,0
2143,148,4,5554,1,85,0
2144,148,4,5169,1,158,0
2145,148,4,5200,1,183,0
2146,148,4,4302,1,344,0
2147,148,4,4991,1,199,0
2148,148,4,5374,1,98,0
2149,148,4,5595,1,77,0
2150,148,4,5605,1,74,0
2151,148,4,5501,1,98,0
2152,148,4,5245,1,160,0
2153,148,4,5264,1,149,0
2154,149,4,5267,1,152,0
2155,149,4,5301,1,131,0
2156,149,4,5023,1,209,0
2157,149,4,5511,1,90,0
2158,149,4,5237,1,161,0
2159,149,4,5467,1,113,0
2160,149,4,5183,1,166,0
2161,149,4,4758,1,281,0
2162,149,4,4957,1,285,0
2163,149,4,5466,1,104,0
2164,149,3,3357,0,1001,0
2165,149,4,5639,1,64,0
2166,149,4,5570,1,82,0
2167,149,4,5567,1,82,0
2168,149,4,5495,1,98,0
2169,149,4,4724,1,254,0
2170,150,4,5333,1,104,0
2171,150,4,5628,1,77,0
2172,150,4,5608,1,94,0
2173,150,4,5578,1,78,0
2174,150,4,5211,1,149,0
2175,150,4,5553,1,83,0
2176,150,4,5296,1,143,0
2177,150,4,5357,1,154,0
2178,150,4,5452,1,105,0
2179,150,4,5633,1,73,0
2180,150,4,5140,1,196,0
2181,150,4,5442,1,112,0
2182,150,4,5421,1,108,0
2183,150,4,5347,1,107,0
2184,150,4,5587,1,81,0
2185,150,4,5167,1,162,0
2186,150,4,5536,1,96,0
2187,150,4,5452,1,103,0
2188,150,4,5528,1,97,0
2189,150,4,4466,1,307,0
2190,150,4,5576,1,85,0
2191,150,4,5628,1,71,0
2192,150,4,5438,1,102,0
2193,150,4,5398,1,112,0
2194,150,4,5475,1,103,0
2195,150,4,5620,1,70,0
2196,150,4,5202,1,156,0
2197,150,4,5633,1,73,0
2198,151,4,5659,1,60,0
2199,151,4,5422,1,109,0
2200,151,0,0,0,1001,1
2201,151,4,5419,1,120,0
2202,151,4,5608,1,71,0
2203,151,4,5207,1,150,0
2204,151,3,3536,0,1001,0
2205,152,2,2274,0,1001,0
2206,152,4,4835,1,229,0
2207,152,4,5413,1,111,0
2208,152,4,5454,1,99,0
2209,152,4,5587,1,84,0
2210,152,3,3328,0,1001,0
2211,152,4,5627,1,75,0
2212,152,4,5446,1,93,0
2213,152,4,5536,1,91,0
2214,153,3,3551,0,1001,0
2215,153,4,5326,1,126,0
2216,153,4,5479,1,107,0
2217,153,4,5347,1,132,0
2218,153,4,5427,1,122,0
2219,153,4,5579,1,82,0
2220,153,4,5579,1,82,0
2221,153,4,5076,1,216,0
2222,153,4,5438,1,114,0
2223,153,3,3410,0,1001,0
2224,153,4,5484,1,106,0
2225,153,4,5263,1,132,0
2226,153,4,5192,1,168,0
2227,153,4,5383,1,146,0
2228,153,4,4952,1,215,0
2229,153,4,4970,1,225,0
2230,154,4,5014,1,220,0
2231,154,4,4741,1,293,0
2232,154,4,5421,1,112,0
2233,154,4,5438,1,87,0
2234,154,4,5334,1,137,0
2235,154,4,5502,1,110,0
2236,154,4,5439,1,149,0
2237,154,4,5364,1,136,0
2238,154,4,4938,1,247,0
2239,154,4,5538,1,94,0
2240,154,4,5104,1,193,0
2241,154,4,4821,1,262,0
2242,154,4,4568,1,307,0
2243,154,4,5571,1,88,0
2244,154,4,5236,1,156,0
2245,154,4,5319,1,149,0
2246,154,4,5452,1,121,0
2247,154,4,5101,1,178,0
2248,154,4,5428,1,116,0
2249,154,4,5362,1,131,0
2250,155,4,5141,1,178,0
2251,155,4,5522,1,94,0
2252,155,4,5394,1,151,0
2253,155,4,5356,1,118,0
2254,155,4,5589,1,87,0
2255,155,4,5509,1,100,0
2256,155,4,5270,1,168,0
2257,155,4,5373,1,151,0
2258,155,4,5491,1,109,0
2259,155,4,5299,1,137,0
2260,155,4,5496,1,101,0
2261,155,4,5523,1,103,0
2262,155,4,5521,1,91,0
2263,155,4,5050,1,196,0
2264,155,4,5400,1,149,0
2265,155,4,5123,1,166,0
2266,155,4,5447,1,110,0
2267,155,4,5606,1,79,0
2268,155,4,5388,1,127,0
2269,155,4,5485,1,101,0
2270,155,4,5221,1,150,0
2271,155,4,5495,1,115,0
2272,155,4,5539,1,93,0
2273,155,4,5078,1,151,0
2274,156,3,3441,0,1001,0
2275,156,4,5460,1,102,0
2276,156,4,5462,1,95,0
2277,156,4,5620,1,71,0
2278,156,2,2403,0,1001,0
2279,156,4,5190,1,149,0
2280,156,4,5461,1,102,0
2281,157,3,3457,0,1001,0
2282,157,4,5488,1,72,0
2283,157,4,5462,1,101,0
2284,157,4,5481,1,105,0
2285,157,4,5511,1,131,0
2286,157,4,5231,1,142,0
2287,157,3,3536,0,1001,0
2288,157,4,5434,1,107,0
2289,157,4,5011,1,221,0
2290,157,4,4944,1,280,0
2291,158,2,2302,0,1001,0
2292,158,4,5528,1,89,0
2293,158,4,5066,1,195,0
2294,158,4,5533,1,86,0
2295,158,4,4830,1,260,0
2296,158,4,5534,1,70,0
2297,158,4,5358,1,128,0
2298,158,4,5598,1,75,0
2299,158,4,5655,1,62,0
2300,158,0,0,0,1001,1
2301,158,4,5389,1,123,0
2302,158,4,5451,1,102,0
2303,158,4,5481,1,94,0
2304,159,3,3564,0,1001,0
2305,159,4,5410,1,134,0
2306,159,4,5523,1,122,0
2307,159,4,5540,1,87,0
2308,159,4,5430,1,121,0
2309,159,4,5412,1,112,0
2310,159,4,5193,1,162,0
2311,159,4,5619,1,82,0
2312,159,4,5304,1,138,0
2313,159,4,5395,1,114,0
2314,159,3,3308,0,1001,0
2315,159,4,4939,1,221,0
2316,159,4,4782,1,247,0
2317,159,4,5333,1,169,0
2318,160,4,5413,1,166,0
2319,160,4,5535,1,84,0
2320,160,4,5235,1,147,0
2321,160,4,5394,1,112,0
2322,160,4,5270,1,142,0
2323,160,4,5506,1,100,0
2324,160,3,3492,0,1001,0
2325,160,4,5437,1,120,0
2326,160,4,5570,1,87,0
2327,160,4,5456,1,112,0
2328,160,4,5291,1,135,0
2329,160,4,5244,1,164,0
2330,160,4,5399,1,92,0
2331,161,3,3412,0,1001,0
2332,161,4,4517,1,294,0
2333,161,3,2956,0,1001,0
2334,161,4,5464,1,98,0
2335,161,4,5647,1,63,0
2336,161,4,5591,1,76,0
2337,161,4,5233,1,197,0
2338,161,4,5631,1,71,0
2339,161,4,5261,1,127,0
2340,161,4,5576,1,88,0
2341,161,4,5581,1,78,0
2342,161,4,5580,1,79,0
2343,161,4,5412,1,101,0
2344,161,4,5433,1,116,0
2345,161,4,5318,1,124,0
2346,161,4,5437,1,114,0
2347,161,4,5574,1,82,0
2348,162,4,4882,1,232,0
2349,162,3,3439,0,1001,0
2350,162,4,5508,1,94,0
2351,162,4,5109,1,181,0
2352,162,4,4700,1,300,0
2353,162,4,4278,1,459,0
2354,162,4,3963,1,531,0
2355,162,4,5195,1,134,0
2356,162,4,4609,1,308,0
2357,163,4,5160,1,207,0
2358,163,4,5218,1,172,0
2359,163,4,4297,1,488,0
2360,163,4,5226,1,168,0
2361,163,4,4721,1,321,0
2362,163,4,4346,1,390,0
2363,163,4,4737,1,306,0
2364,163,4,4887,1,251,0
2365,163,4,5166,1,153,0
2366,163,4,4724,1,299,0
2367,163,4,5031,1,224,0
2368,163,4,5483,1,95,0
2369,164,4,5124,1,201,0
2370,164,4,5533,1,91,0
2371,164,4,5440,1,87,0
2372,164,4,5341,1,148,0
2373,164,4,5346,1,137,0
2374,164,4,4924,1,206,0
2375,164,4,5130,1,200,0
2376,164,4,5397,1,122,0
2377,164,4,5123,1,203,0
2378,164,4,4951,1,222,0
2379,164,4,4915,1,216,0
2380,164,4,5282,1,151,0
2381,164,4,5158,1,189,0
2382,164,4,5484,1,108,0
2383,164,4,5265,1,148,0
2384,164,4,5506,1,102,0
2385,164,4,5195,1,179,0
2386,164,4,5095,1,200,0
2387,164,4,5264,1,148,0
2388,164,4,5323,1,151,0
2389,165,4,5178,1,182,0
2390,165,4,5226,1,187,0
2391,165,4,5045,1,200,0
2392,165,4,5192,1,173,0
2393,165,4,4600,1,317,0
2394,165,4,5203,1,127,0
2395,165,4,4824,1,264,0
2396,165,4,5198,1,196,0
2397,165,4,5158,1,203,0
2398,165,4,4506,1,319,0
2399,165,4,5068,1,223,0
2400,166,0,0,0,1001,1
2401,166,4,5495,1,92,0
2402,166,4,4961,1,204,0
2403,166,4,4286,1,385,0
2404,166,4,5406,1,110,0
2405,166,4,5084,1,184,0
2406,166,3,3013,0,1001,0
2407,166,4,5205,1,169,0
2408,166,4,4664,1,266,0
2409,167,3,3442,0,1001,0
2410,167,4,5333,1,146,0
2411,167,4,5330,1,169,0
2412,167,4,5302,1,162,0
2413,167,4,5055,1,255,0
2414,167,4,5502,1,111,0
2415,167,4,5530,1,98,0
2416,167,4,5306,1,145,0
2417,167,4,5567,1,59,0
2418,167,4,5537,1,99,0
2419,167,4,5518,1,105,0
2420,167,4,5602,1,82,0
2421,167,4,5262,1,164,0
2422,167,4,5269,1,167,0
2423,167,4,5458,1,87,0
2424,167,4,5447,1,113,0
2425,167,4,5631,1,71,0
2426,167,4,5319,1,149,0
2427,168,2,2428,0,1001,0
2428,168,3,3560,0,1001,0
2429,168,4,5265,1,136,0
2430,168,4,5454,1,90,0
2431,168,4,5551,1,95,0
2432,168,4,5666,1,63,0
2433,168,4,5566,1,80,0
2434,168,4,5524,1,84,0
2435,168,4,5513,1,96,0
2436,168,4,5678,1,58,0
2437,168,4,5650,1,63,0
2438,168,4,5293,1,148,0
2439,169,3,3583,0,1001,0
2440,169,4,5644,1,71,0
2441,169,4,5523,1,109,0
2442,169,4,4956,1,333,0
2443,169,4,5456,1,120,0
2444,169,4,4821,1,288,0
2445,169,4,5298,1,158,0
2446,169,4,5278,1,229,0
2447,169,4,5287,1,194,0
2448,169,4,5137,1,208,0
2449,169,3,3558,0,1001,0
2450,169,4,5658,1,61,0
2451,170,3,3351,0,1001,0
2452,170,4,5577,1,90,0
2453,170,4,5561,1,87,0
2454,170,4,5528,1,104,0
2455,170,4,5442,1,138,0
2456,170,4,5624,1,74,0
2457,170,4,5511,1,96,0
2458,170,4,5597,1,81,0
2459,170,4,5460,1,117,0
2460,170,4,5434,1,106,0
2461,170,4,5550,1,96,0
2462,170,2,2374,0,1001,0
2463,170,4,5541,1,117,0
2464,170,4,5557,1,82,0
2465,171,4,5297,1,128,0
2466,171,4,5503,1,91,0
2467,171,4,5370,1,115,0
2468,171,4,5625,1,79,0
2469,171,4,5635,1,70,0
2470,171,4,5224,1,173,0
2471,171,4,5523,1,120,0
2472,171,4,5507,1,98,0
2473,171,4,5602,1,86,0
2474,171,3,3546,0,1001,0
2475,171,2,2417,0,1001,0
2476,171,4,5480,1,140,0
2477,172,3,3554,0,1001,0
2478,172,4,5580,1,93,0
2479,172,4,5519,1,108,0
2480,172,4,5410,1,122,0
2481,172,4,5585,1,94,0
2482,172,2,2353,0,1001,0
2483,173,3,3435,0,1001,0
2484,173,4,5518,1,95,0
2485,173,4,5421,1,111,0
2486,173,4,5509,1,107,0
2487,173,4,5352,1,132,0
2488,173,4,5583,1,82,0
2489,173,4,5657,1,64,0
2490,173,4,5407,1,114,0
2491,173,4,5581,1,80,0
2492,173,4,5540,1,91,0
2493,173,4,5628,1,73,0
2494,173,4,5554,1,86,0
2495,173,4,5583,1,95,0
2496,173,4,5655,1,62,0
2497,173,4,5502,1,92,0
2498,173,4,5562,1,90,0
2499,173,4,5679,1,59,0
2500,173,2,2454,0,1001,1
2501,173,4,5509,1,116,0
2502,174,3,3413,0,1001,0
2503,174,4,5494,1,106,0
2504,174,4,5506,1,98,0
2505,174,4,5580,1,76,0
2506,174,4,5565,1,93,0
2507,174,4,5591,1,82,0
2508,174,4,5391,1,131,0
2509,174,4,5272,1,130,0
2510,174,4,5580,1,86,0
2511,174,3,3489,0,1001,0
2512,174,4,5431,1,129,0
2513,174,4,5406,1,98,0
2514,174,4,5543,1,98,0
2515,174,4,5547,1,91,0
2516,174,4,5271,1,139,0
2517,174,4,5605,1,80,0
2518,175,4,4946,1,264,0
2519,175,4,5531,1,101,0
2520,175,4,5225,1,162,0
2521,175,3,3496,0,1001,0
2522,175,4,5550,1,88,0
2523,175,4,5379,1,123,0
2524,175,4,5460,1,107,0
2525,175,4,5428,1,110,0
2526,175,4,5261,1,129,0
2527,175,4,5638,1,67,0
2528,175,4,5265,1,152,0
2529,176,3,3160,0,1001,0
2530,176,4,5184,1,218,0
2531,176,4,5417,1,145,0
2532,176,4,5070,1,268,0
2533,176,4,5549,1,97,0
2534,176,4,5412,1,148,0
2535,176,4,5541,1,96,0
2536,176,4,5667,1,62,0
2537,176,4,5495,1,111,0
2538,176,4,5554,1,94,0
2539,176,4,5397,1,152,0
2540,176,4,5655,1,68,0
2541,176,4,5625,1,78,0
2542,176,4,5425,1,108,0
2543,176,4,5630,1,70,0
2544,176,4,5599,1,74,0
2545,176,4,5606,1,72,0
2546,176,4,5663,1,62,0
2547,176,4,5433,1,99,0
2548,176,4,5673,1,60,0
2549,176,4,5411,1,113,0
2550,176,4,5352,1,125,0
2551,176,4,5307,1,134,0
2552,176,4,5276,1,157,0
2553,176,4,5367,1,130,0
2554,176,4,5528,1,86,0
2555,177,4,4295,1,361,0
2556,177,4,5242,1,150,0
2557,177,3,3193,0,1001,0
2558,177,4,5537,1,92,0
2559,177,4,5485,1,80,0
2560,177,4,5614,1,75,0
2561,177,4,5571,1,91,0
2562,177,4,5567,1,84,0
2563,177,4,5361,1,147,0
2564,177,4,5596,1,82,0
2565,177,4,5601,1,73,0
2566,177,4,5604,1,71,0
2567,177,4,5645,1,67,0
2568,177,4,5550,1,93,0
2569,177,4,5552,1,91,0
2570,177,4,5572,1,88,0
2571,177,4,5155,1,217,0
2572,177,4,5546,1,81,0
2573,177,4,5519,1,89,0
2574,177,4,5652,1,63,0
2575,177,4,5410,1,110,0
2576,177,4,5425,1,103,0
2577,177,4,5538,1,95,0
2578,178,4,5609,1,73,0
2579,178,4,5636,1,70,0
2580,178,4,5463,1,98,0
2581,178,4,5621,1,66,0
2582,178,4,5676,1,57,0
2583,178,4,5602,1,73,0
2584,178,4,5625,1,73,0
2585,178,4,5683,1,58,0
2586,178,4,5402,1,112,0
2587,178,4,5634,1,68,0
2588,178,4,5619,1,71,0
2589,178,3,3524,0,1001,0
2590,178,4,5686,1,56,0
2591,178,4,5673,1,61,0
2592,178,4,5630,1,68,0
2593,178,4,5550,1,64,0
2594,178,4,5639,1,65,0
2595,178,4,5642,1,68,0
2596,178,4,5636,1,75,0
2597,178,4,5610,1,69,0
2598,178,4,5660,1,66,0
2599,178,4,5620,1,73,0
2600,179,2,2551,0,1001,1
2601,179,4,5640,1,70,0
2602,179,4,5672,1,55,0
2603,179,4,5635,1,69,0
2604,179,4,5646,1,68,0
2605,179,4,5604,1,73,0
2606,179,4,5634,1,67,0
2607,179,4,5126,1,167,0
2608,179,4,5632,1,71,0
2609,179,4,5671,1,60,0
2610,179,4,5578,1,78,0
2611,179,4,5625,1,72,0
2612,179,4,5605,1,72,0
2613,179,4,5427,1,114,0
2614,179,4,4793,1,237,0
2615,179,4,5581,1,83,0
2616,179,4,5586,1,72,0
2617,179,4,5634,1,76,0
2618,179,4,5588,1,75,0
2619,179,2,2453,0,1001,0
2620,179,4,5571,1,84,0
2621,179,4,5026,1,188,0
2622,180,4,5680,1,57,0
2623,180,4,5423,1,109,0
2624,180,4,5556,1,96,0
2625,180,4,5327,1,140,0
2626,180,4,5637,1,67,0
2627,180,4,5549,1,81,0
2628,180,4,5613,1,75,0
2629,180,4,5370,1,116,0
2630,180,3,3558,0,1001,0
2631,180,4,5399,1,118,0
2632,180,4,5623,1,71,0
2633,180,4,5653,1,64,0
2634,180,4,5640,1,65,0
2635,180,4,5671,1,61,0
2636,180,4,5556,1,87,0
2637,180,4,5416,1,108,0
2638,180,4,5129,1,198,0
2639,180,4,5570,1,77,0
2640,180,4,5456,1,98,0
2641,180,4,5207,1,149,0
2642,180,4,4739,1,255,0
2643,181,3,3487,0,1001,0
2644,181,4,5271,1,154,0
2645,181,4,5482,1,104,0
2646,181,4,5220,1,163,0
2647,181,4,5378,1,120,0
2648,181,4,5317,1,136,0
2649,181,4,5292,1,150,0
2650,181,4,5550,1,89,0
2651,181,4,5594,1,82,0
2652,181,4,5583,1,81,0
2653,181,4,5287,1,133,0
2654,181,4,4870,1,233,0
2655,181,4,5155,1,187,0
2656,182,1,1283,0,1001,0
2657,182,4,5649,1,62,0
2658,182,4,5189,1,151,0
2659,182,4,5306,1,138,0
2660,182,3,3380,0,1001,0
2661,182,4,5626,1,64,0
2662,182,4,5601,1,70,0
2663,182,4,5226,1,142,0
2664,182,4,5580,1,80,0
2665,182,4,5374,1,121,0
2666,182,4,5057,1,223,0
2667,182,4,5456,1,103,0
2668,183,3,3286,0,1001,0
2669,183,4,5435,1,108,0
2670,183,4,5603,1,69,0
2671,183,4,5131,1,168,0
2672,183,4,5286,1,129,0
2673,183,3,2972,0,1001,0
2674,183,4,5200,1,156,0
2675,183,4,5514,1,92,0
2676,183,4,5012,1,226,0
2677,183,4,4982,1,211,0
2678,183,4,5597,1,76,0
2679,183,4,4743,1,244,0
2680,183,4,5661,1,58,0
2681,183,4,5645,1,68,0
2682,183,4,5361,1,118,0
2683,184,4,5475,1,94,0
2684,184,4,5582,1,73,0
2685,184,4,5484,1,94,0
2686,184,4,5377,1,107,0
2687,184,4,5507,1,96,0
2688,184,4,5544,1,83,0
2689,184,4,5584,1,74,0
2690,184,4,5119,1,160,0
2691,184,4,5674,1,56,0
2692,184,1,1177,0,1001,0
2693,184,4,5616,1,97,0
2694,184,4,5493,1,89,0
2695,184,4,5512,1,86,0
2696,184,4,5490,1,110,0
2697,184,4,5633,1,71,0
2698,184,4,5569,1,87,0
2699,184,4,4652,1,277,0
2700,185,0,198,0,1001,1
2701,185,3,3414,0,1001,0
2702,185,4,5603,1,77,0
2703,185,4,5599,1,74,0
2704,185,4,5492,1,95,0
2705,185,4,4975,1,198,0
2706,185,4,5672,1,59,0
2707,185,4,5411,1,113,0
2708,185,4,4844,1,222,0
2709,185,4,5614,1,73,0
2710,185,4,5543,1,82,0
2711,185,4,5497,1,91,0
2712,185,4,5421,1,108,0
2713,185,4,4961,1,199,0
2714,185,4,5573,1,76,0
2715,185,4,5345,1,118,0
2716,186,4,5426,1,111,0
2717,186,4,5530,1,91,0
2718,186,4,5555,1,83,0
2719,186,3,3604,0,1001,0
2720,186,4,5117,1,167,0
2721,186,4,5198,1,147,0
2722,186,4,5402,1,111,0
2723,186,4,5547,1,85,0
2724,186,4,4969,1,222,0
2725,186,4,5493,1,101,0
2726,186,4,5666,1,60,0
2727,186,4,5396,1,112,0
2728,186,4,5245,1,151,0
2729,186,4,4493,1,427,0
2730,187,1,1279,0,1001,0
2731,187,4,5569,1,75,0
2732,187,4,5537,1,89,0
2733,187,4,5342,1,130,0
2734,187,1,1234,0,1001,0
2735,187,4,5182,1,157,0
2736,187,4,5488,1,89,0
2737,187,4,5560,1,84,0
2738,187,4,5342,1,137,0
2739,187,4,4696,1,318,0
2740,187,4,5352,1,143,0
2741,187,4,5508,1,96,0
2742,187,4,5342,1,123,0
2743,187,4,5574,1,79,0
2744,188,4,5132,1,162,0
2745,188,3,3434,0,1001,0
2746,188,4,5260,1,152,0
2747,188,4,5477,1,98,0
2748,188,4,5640,1,67,0
2749,188,4,5490,1,109,0
2750,188,4,5593,1,71,0
2751,188,4,5372,1,132,0
2752,188,4,5223,1,174,0
2753,188,1,1283,0,1001,0
2754,188,4,5577,1,82,0
2755,189,4,4587,1,293,0
2756,189,4,4142,1,402,0
2757,189,4,4903,1,282,0
2758,189,4,5460,1,113,0
2759,189,4,5139,1,182,0
2760,189,4,5387,1,126,0
2761,189,1,1241,0,1001,0
2762,190,1,1255,0,1001,0
2763,190,1,1260,0,1001,0
2764,190,4,4955,1,201,0
2765,190,4,5063,1,178,0
2766,190,4,5631,1,68,0
2767,190,4,5525,1,93,0
2768,190,4,4603,1,300,0
2769,190,4,5292,1,132,0
2770,190,4,4953,1,210,0
2771,190,4,5025,1,223,0
2772,190,4,5299,1,141,0
2773,190,4,5478,1,94,0
2774,190,4,5249,1,162,0
2775,191,4,4863,1,259,0
2776,191,4,5560,1,72,0
2777,191,1,1270,0,1001,0
2778,191,4,5516,1,91,0
2779,191,4,5645,1,62,0
2780,191,4,5257,1,145,0
2781,191,4,5408,1,107,0
2782,191,4,5615,1,69,0
2783,191,4,5469,1,120,0
2784,191,4,5544,1,88,0
2785,191,4,5422,1,114,0
2786,191,4,5474,1,100,0
2787,191,4,5482,1,96,0
2788,191,4,5402,1,123,0
2789,191,4,5371,1,133,0
2790,191,4,5609,1,71,0
2791,191,4,5531,1,91,0
2792,191,4,5518,1,94,0
2793,191,4,5412,1,122,0
2794,191,4,5508,1,94,0
2795,191,4,5569,1,80,0
2796,191,4,5617,1,70,0
2797,191,4,5470,1,96,0
2798,192,4,5638,1,66,0
2799,192,4,5520,1,91,0
2800,192,1,1283,0,1001,1
2801,192,1,1279,0,1001,0
2802,192,4,5679,1,60,0
2803,192,4,5586,1,78,0
2804,192,4,5458,1,103,0
2805,192,4,5248,1,169,0
2806,192,4,5610,1,70,0
2807,192,4,5404,1,121,0
2808,192,4,5190,1,151,0
2809,192,4,5077,1,166,0
2810,192,4,5633,1,72,0
2811,193,4,5517,1,101,0
2812,193,4,5475,1,123,0
2813,193,4,5527,1,99,0
2814,193,4,5512,1,93,0
2815,193,4,5073,1,217,0
2816,193,4,5433,1,122,0
2817,193,4,5358,1,99,0
2818,193,4,5301,1,159,0
2819,193,4,4937,1,275,0
2820,193,4,5326,1,138,0
2821,193,4,5606,1,81,0
2822,193,4,5577,1,83,0
2823,193,4,5597,1,79,0
2824,193,4,5666,1,59,0
2825,193,4,5359,1,134,0
2826,193,3,3575,0,1001,0
2827,193,4,5464,1,107,0
2828,193,4,5595,1,78,0
2829,193,4,5539,1,86,0
2830,193,4,5662,1,62,0
2831,194,3,3076,0,1001,0
2832,194,4,5573,1,87,0
2833,194,4,5621,1,75,0
2834,194,4,5355,1,139,0
2835,194,4,5503,1,100,0
2836,194,4,5319,1,150,0
2837,194,3,3480,0,1001,0
2838,195,3,3566,0,1001,0
2839,195,4,5589,1,79,0
2840,195,4,4489,1,310,0
2841,195,4,5165,1,187,0
2842,195,3,3480,0,1001,0
2843,195,4,5564,1,83,0
2844,195,4,5595,1,75,0
2845,195,4,5619,1,71,0
2846,195,4,5448,1,112,0
2847,196,3,3435,0,1001,0
2848,196,4,5378,1,127,0
2849,196,4,5632,1,69,0
2850,196,4,5301,1,109,0
2851,196,4,5080,1,206,0
2852,196,1,1251,0,1001,0
2853,196,4,5041,1,236,0
2854,196,4,5488,1,105,0
2855,196,4,5301,1,175,0
2856,196,4,5398,1,118,0
2857,196,4,5338,1,149,0
2858,196,4,5431,1,109,0
2859,196,4,4978,1,258,0
2860,196,4,5485,1,93,0
2861,196,4,5459,1,112,0
2862,197,4,5174,1,183,0
2863,197,1,1115,0,1001,0
2864,197,4,5457,1,115,0
2865,197,4,5236,1,145,0
2866,197,4,4471,1,361,0
2867,197,4,5588,1,79,0
2868,197,4,5484,1,93,0
2869,197,4,5351,1,114,0
2870,197,3,3365,0,1001,0
2871,198,4,5147,1,188,0
2872,198,4,5646,1,64,0
2873,198,4,5666,1,60,0
2874,198,4,5473,1,125,0
2875,198,4,5534,1,95,0
2876,198,4,5561,1,93,0
2877,198,4,5158,1,231,0
2878,198,4,5159,1,181,0
2879,198,4,5070,1,173,0
2880,198,4,5644,1,69,0
2881,198,4,5647,1,71,0
2882,198,4,5659,1,60,0
2883,198,4,5657,1,59,0
2884,198,4,5636,1,62,0
2885,198,4,5063,1,195,0
2886,198,4,5651,1,60,0
2887,198,4,5658,1,65,0
2888,198,4,5610,1,73,0
2889,198,4,5650,1,62,0
2890,198,4,5631,1,65,0
2891,198,4,5640,1,63,0
2892,198,4,5692,1,55,0
2893,198,4,5618,1,74,0
2894,198,4,5658,1,62,0
2895,198,4,5695,1,53,0
2896,198,4,5533,1,87,0
2897,198,4,5661,1,64,0
2898,198,4,5558,1,78,0
2899,198,4,5665,1,56,0
2900,199,1,1283,0,1001,1
2901,199,4,5550,1,85,0
2902,199,4,5384,1,125,0
2903,199,1,1283,0,1001,0
2904,199,1,1262,0,1001,0
2905,199,4,5697,1,54,0
2906,199,4,5529,1,88,0
2907,199,4,5129,1,163,0
2908,199,4,5431,1,131,0
2909,199,4,5443,1,105,0
2910,200,4,5682,1,57,0
2911,200,4,5370,1,115,0
2912,200,4,5364,1,117,0
2913,200,4,5625,1,65,0
2914,200,4,5515,1,92,0
2915,200,4,5517,1,94,0
2916,200,4,5667,1,62,0
2917,200,4,5601,1,68,0
2918,200,4,5479,1,101,0
2919,200,4,5636,1,66,0
2920,200,4,5605,1,74,0
2921,200,4,5664,1,61,0
2922,200,4,5634,1,72,0
2923,200,4,5558,1,94,0
2924,200,4,5602,1,73,0
2925,200,4,5690,1,53,0
2926,200,4,5344,1,142,0
2927,200,4,5616,1,70,0
2928,200,4,5267,1,144,0
2929,200,4,5592,1,71,0
2930,200,4,5367,1,115,0
2931,200,4,5329,1,103,0
2932,200,4,5561,1,71,0
2933,200,4,5509,1,71,0
2934,200,4,5709,1,50,0
2935,200,4,5565,1,83,0
2936,200,4,5569,1,75,0
2937,200,4,5485,1,100,0
2938,200,4,5666,1,57,0
2939,200,4,5447,1,106,0
2940,200,4,5606,1,72,0
2941,200,4,5277,1,141,0
2942,200,4,5620,1,71,0
2943,200,4,5233,1,163,0
2944,200,4,5563,1,85,0
2945,200,4,5547,1,91,0
2946,201,4,5522,1,89,0
2947,201,4,5353,1,132,0
2948,201,4,5551,1,84,0
2949,201,4,5545,1,87,0
2950,201,4,5671,1,56,0
2951,201,4,5554,1,88,0
2952,201,2,2257,0,1001,0
2953,201,1,1281,0,1001,0
2954,201,4,5465,1,105,0
2955,201,4,5523,1,88,0
2956,201,4,5455,1,96,0
2957,201,4,5667,1,56,0
2958,201,4,5490,1,93,0
2959,201,4,5115,1,169,0
2960,202,4,5223,1,176,0
2961,202,3,3543,0,1001,0
2962,202,4,5616,1,71,0
2963,202,4,5287,1,136,0
2964,202,2,2168,0,1001,0
2965,202,4,5489,1,109,0
2966,202,4,5481,1,101,0
2967,202,4,5258,1,156,0
2968,202,4,5626,1,65,0
2969,202,4,5457,1,102,0
2970,202,4,5555,1,83,0
2971,203,1,1277,0,1001,0
2972,203,4,5396,1,109,0
2973,203,1,1244,0,1001,0
2974,203,4,5405,1,121,0
2975,203,4,5512,1,88,0
2976,203,4,4729,1,270,0
2977,203,4,5629,1,69,0
2978,203,4,5081,1,185,0
2979,203,4,5415,1,118,0
2980,203,4,5286,1,148,0
2981,204,1,1278,0,1001,0
2982,204,4,4516,1,350,0
2983,204,4,5402,1,119,0
2984,204,4,4631,1,284,0
2985,204,4,5262,1,159,0
2986,204,1,1283,0,1001,0
2987,204,4,5643,1,64,0
2988,204,4,5506,1,103,0
2989,204,4,5537,1,92,0
2990,204,4,5664,1,60,0
2991,205,4,5395,1,122,0
2992,205,4,5399,1,122,0
2993,205,4,5387,1,126,0
2994,205,4,4988,1,236,0
2995,205,4,4956,1,239,0
2996,205,1,1220,0,1001,0
2997,205,4,5245,1,157,0
2998,205,4,5225,1,190,0
2999,205,4,5331,1,128,0
3000,205,0,99,0,603,1
3001,205,4,5240,1,149,0
3002,205,4,5644,1,69,0
3003,205,4,5560,1,82,0
3004,206,4,5115,1,221,0
3005,206,4,4893,1,222,0
3006,206,4,5187,1,154,0
3007,206,4,4859,1,225,0
3008,206,1,1258,0,1001,0
3009,206,4,5547,1,87,0
3010,206,4,5332,1,164,0
3011,206,4,5183,1,199,0
3012,206,4,5124,1,221,0
3013,206,4,5395,1,126,0
3014,206,4,4868,1,259,0
3015,206,4,5395,1,124,0
3016,207,4,5208,1,146,0
3017,207,4,5588,1,81,0
3018,207,4,5435,1,120,0
3019,207,4,5612,1,77,0
3020,207,4,5309,1,159,0
3021,207,4,5461,1,101,0
3022,207,4,5588,1,86,0
3023,207,4,5598,1,69,0
3024,207,4,5612,1,74,0
3025,207,4,5439,1,102,0
3026,207,4,5625,1,69,0
3027,207,4,5483,1,103,0
3028,207,4,5603,1,67,0
3029,207,4,5667,1,59,0
3030,207,4,5398,1,135,0
3031,207,4,5546,1,96,0
3032,207,4,5646,1,68,0
3033,207,4,5671,1,59,0
3034,207,4,5656,1,70,0
3035,207,4,5494,1,92,0
3036,207,4,5674,1,55,0
3037,207,4,5433,1,112,0
3038,207,4,5553,1,83,0
3039,207,4,5613,1,70,0
3040,207,4,5639,1,71,0
3041,207,4,5721,1,46,0
3042,207,4,5663,1,61,0
3043,207,4,5512,1,74,0
3044,207,4,5421,1,117,0
3045,207,4,5626,1,62,0
3046,207,4,5467,1,85,0
3047,207,4,5644,1,64,0
3048,207,4,5687,1,55,0
3049,207,4,5694,1,49,0
3050,207,4,5045,1,183,0
3051,207,4,5628,1,67,0
3052,207,4,5498,1,108,0
3053,208,4,5323,1,166,0
3054,208,4,5305,1,139,0
3055,208,4,5359,1,131,0
3056,208,4,5539,1,88,0
3057,208,1,1277,0,1001,0
3058,208,4,5559,1,78,0
3059,208,4,5349,1,116,0
3060,208,4,5503,1,94,0
3061,208,4,5013,1,186,0
3062,208,4,5117,1,164,0
3063,208,4,5374,1,116,0
3064,208,4,5660,1,61,0
3065,208,4,5658,1,63,0
3066,208,4,5629,1,66,0
3067,208,4,5578,1,80,0
3068,208,4,5513,1,101,0
3069,208,4,5484,1,90,0
3070,208,4,5664,1,61,0
3071,208,4,5489,1,88,0
3072,208,4,5537,1,86,0
3073,208,4,5604,1,77,0
3074,208,4,5672,1,56,0
3075,208,4,5574,1,77,0
3076,208,4,5595,1,80,0
3077,209,4,5675,1,55,0
3078,209,4,5461,1,103,0
3079,209,4,5690,1,53,0
3080,209,4,5678,1,55,0
3081,209,4,5604,1,80,0
3082,209,4,5537,1,81,0
3083,209,4,5107,1,165,0
3084,209,4,5058,1,175,0
3085,209,4,3829,1,458,0
3086,209,4,5140,1,161,0
3087,209,4,5404,1,113,0
3088,209,4,5579,1,77,0
3089,209,4,5554,1,76,0
3090,209,4,5531,1,86,0
3091,209,4,5363,1,113,0
3092,209,4,5655,1,62,0
3093,209,3,3510,0,1001,0
3094,210,1,1283,0,1001,0
3095,210,4,5497,1,98,0
3096,210,4,5684,1,56,0
3097,210,4,5668,1,59,0
3098,210,4,5553,1,85,0
3099,210,4,5588,1,87,0
3100,210,4,5705,1,48,1
3101,210,4,5604,1,74,0
3102,210,4,5437,1,88,0
3103,210,4,5472,1,92,0
3104,210,4,5295,1,140,0
3105,210,4,5256,1,139,0
3106,210,4,5653,1,62,0
3107,210,4,5533,1,82,0
3108,210,4,5640,1,70,0
3109,210,4,5671,1,57,0
3110,210,1,1283,0,1001,0
3111,210,4,5589,1,79,0
3112,211,4,5272,1,133,0
3113,211,4,5668,1,58,0
3114,211,4,5568,1,82,0
3115,211,4,5409,1,133,0
3116,211,4,5609,1,71,0
3117,211,4,5665,1,60,0
3118,211,4,5436,1,126,0
3119,211,4,5535,1,92,0
3120,211,4,5519,1,90,0
3121,211,4,5670,1,62,0
3122,211,4,5473,1,102,0
3123,211,4,5676,1,56,0
3124,211,4,5157,1,181,0
3125,211,4,5625,1,75,0
3126,211,4,5513,1,99,0
3127,211,4,5634,1,67,0
3128,211,4,5330,1,118,0
3129,211,4,5665,1,59,0
3130,211,1,1273,0,1001,0
3131,211,4,5602,1,69,0
3132,211,4,5647,1,63,0
3133,211,4,5213,1,147,0
3134,211,4,5301,1,123,0
3135,211,4,5489,1,102,0
3136,212,4,5252,1,137,0
3137,212,4,5511,1,87,0
3138,212,4,5209,1,158,0
3139,212,4,5626,1,68,0
3140,212,4,5202,1,153,0
3141,212,4,5547,1,79,0
3142,212,4,5426,1,104,0
3143,212,4,5414,1,104,0
3144,212,4,4941,1,197,0
3145,212,4,5606,1,71,0
3146,212,4,5628,1,72,0
3147,212,4,5296,1,129,0
3148,212,4,5572,1,86,0
3149,212,4,5207,1,152,0
3150,212,4,5314,1,130,0
3151,212,4,5501,1,88,0
3152,212,4,5511,1,95,0
3153,212,4,4788,1,236,0
3154,212,4,4942,1,198,0
3155,212,4,5210,1,152,0
3156,212,4,4467,1,336,0
3157,212,4,5495,1,87,0
3158,212,4,5111,1,164,0
3159,213,4,5325,1,132,0
3160,213,4,4856,1,215,0
3161,213,4,5624,1,71,0
3162,213,4,5646,1,59,0
3163,213,4,5426,1,102,0
3164,213,4,5532,1,81,0
3165,213,4,5564,1,79,0
3166,213,4,4503,1,377,0
3167,213,4,5047,1,174,0
3168,213,4,5339,1,125,0
3169,213,4,5598,1,85,0
3170,213,4,5226,1,142,0
3171,213,4,5342,1,136,0
3172,213,4,5542,1,94,0
3173,213,4,5476,1,97,0
3174,213,4,5556,1,72,0
3175,213,4,5310,1,128,0
3176,213,4,4800,1,229,0
3177,213,4,5351,1,136,0
3178,213,4,5633,1,60,0
3179,213,4,5622,1,66,0
3180,213,4,5361,1,136,0
3181,213,4,5631,1,65,0
3182,213,4,5514,1,86,0
3183,213,4,5470,1,97,0
3184,213,4,5145,1,163,0
3185,214,4,5230,1,150,0
3186,214,4,5573,1,77,0
3187,214,4,5280,1,164,0
3188,214,2,2365,0,1001,0
3189,214,4,4231,1,389,0
3190,214,4,5375,1,119,0
3191,214,4,5444,1,103,0
3192,214,4,4178,1,437,0
3193,214,4,4994,1,190,0
3194,214,4,5303,1,130,0
3195,214,4,4503,1,297,0
3196,214,4,5298,1,127,0
3197,215,4,5434,1,105,0
3198,215,1,1232,0,1001,0
3199,215,4,4976,1,201,0
3200,215,4,5705,1,48,1
3201,215,4,5576,1,80,0
3202,215,4,5103,1,203,0
3203,215,4,5589,1,81,0
3204,215,2,2362,0,1001,0
3205,215,4,5258,1,142,0
3206,215,4,5449,1,108,0
3207,215,4,5578,1,84,0
3208,216,1,1278,0,1001,0
3209,216,4,5492,1,98,0
3210,216,4,4614,1,323,0
3211,216,4,5246,1,159,0
3212,216,4,4990,1,254,0
3213,216,1,1236,0,1001,0
3214,216,4,5211,1,167,0
3215,216,4,5533,1,86,0
3216,216,4,5493,1,75,0
3217,217,1,1283,0,1001,0
3218,217,1,1245,0,1001,0
3219,217,4,5219,1,174,0
3220,217,4,5111,1,191,0
3221,217,4,4161,1,382,0
3222,217,4,4409,1,399,0
3223,218,4,4896,1,221,0
3224,218,4,4409,1,339,0
3225,218,4,4894,1,211,0
3226,218,3,2844,0,1001,0
3227,218,4,5201,1,147,0
3228,218,4,5554,1,77,0
3229,218,1,1077,0,1001,0
3230,219,4,4667,1,258,0
3231,219,4,3316,1,644,0
3232,219,4,4921,1,204,0
3233,219,4,3755,1,532,0
3234,219,4,5582,1,57,0
3235,219,4,4228,1,382,0
3236,219,4,5386,1,119,0
3237,219,4,5547,1,82,0
3238,219,4,5608,1,74,0
3239,219,4,4887,1,253,0
3240,219,4,5569,1,82,0
3241,219,4,5576,1,87,0
3242,219,4,5631,1,68,0
3243,219,4,5447,1,106,0
3244,219,4,5557,1,77,0
3245,219,4,4914,1,207,0
3246,220,4,5091,1,169,0
3247,220,4,5665,1,58,0
3248,220,4,5335,1,125,0
3249,220,4,5219,1,161,0
3250,220,4,5007,1,192,0
3251,220,4,4986,1,201,0
3252,220,4,5563,1,74,0
3253,220,4,5386,1,122,0
3254,220,4,5590,1,80,0
3255,220,4,5551,1,91,0
3256,220,1,1283,0,1001,0
3257,220,4,5463,1,99,0
3258,220,4,5551,1,90,0
3259,220,4,5579,1,76,0
3260,220,4,5355,1,132,0
3261,220,4,5648,1,60,0
3262,220,4,5512,1,101,0
3263,220,4,5505,1,100,0
3264,220,4,5045,1,191,0
3265,220,4,5381,1,126,0
3266,221,4,5359,1,137,0
3267,221,4,4992,1,249,0
3268,221,4,5436,1,120,0
3269,221,4,5405,1,115,0
3270,221,1,1260,0,1001,0
3271,221,1,1252,0,1001,0
3272,221,4,5445,1,110,0
3273,221,4,5110,1,208,0
3274,221,4,5417,1,141,0
3275,221,4,5538,1,95,0
3276,222,4,5085,1,171,0
3277,222,4,5553,1,95,0
3278,222,4,5493,1,114,0
3279,222,4,5475,1,83,0
3280,222,4,5561,1,90,0
3281,222,4,5523,1,104,0
3282,222,4,5452,1,134,0
3283,222,4,5613,1,72,0
3284,222,4,5557,1,80,0
3285,222,4,5369,1,125,0
3286,222,4,5405,1,120,0
3287,222,4,5477,1,85,0
3288,222,4,5640,1,72,0
3289,222,4,5091,1,209,0
3290,222,4,4644,1,331,0
3291,222,1,1235,0,1001,0
3292,222,4,5530,1,84,0
3293,222,4,5489,1,102,0
3294,223,4,5309,1,132,0
3295,223,3,3344,0,1001,0
3296,223,4,5093,1,187,0
3297,223,4,5400,1,108,0
3298,223,4,5063,1,170,0
3299,223,4,5237,1,146,0
3300,223,0,198,0,1001,1
3301,223,4,5385,1,133,0
3302,223,4,5374,1,120,0
3303,223,4,5619,1,73,0
3304,224,4,4894,1,229,0
3305,224,1,1187,0,1001,0
3306,224,4,5276,1,154,0
3307,224,4,5363,1,126,0
3308,224,1,1236,0,1001,0
3309,224,4,5236,1,157,0
3310,224,4,5322,1,141,0
3311,224,4,4964,1,210,0
3312,224,4,4874,1,221,0
3313,225,4,4969,1,213,0
3314,225,4,5031,1,176,0
3315,225,4,5540,1,84,0
3316,225,4,5500,1,102,0
3317,225,4,5608,1,76,0
3318,225,4,5237,1,148,0
3319,225,4,5436,1,105,0
3320,225,4,5682,1,53,0
3321,225,4,5205,1,194,0
3322,225,4,5593,1,85,0
3323,225,4,4426,1,480,0
3324,225,4,5446,1,117,0
3325,225,4,5643,1,69,0
3326,225,4,5437,1,119,0
3327,225,4,5320,1,145,0
3328,225,4,4685,1,264,0
3329,225,4,5343,1,143,0
3330,225,4,5258,1,140,0
3331,225,4,5189,1,151,0
3332,225,4,5668,1,54,0
3333,225,4,4944,1,238,0
3334,226,4,5559,1,85,0
3335,226,4,5538,1,101,0
3336,226,4,5350,1,128,0
3337,226,1,1259,0,1001,0
3338,226,3,3578,0,1001,0
3339,227,3,3619,0,1001,0
3340,227,4,5583,1,95,0
3341,227,4,5506,1,113,0
3342,227,4,5676,1,61,0
3343,227,4,5396,1,133,0
3344,227,4,5613,1,73,0
3345,227,4,5484,1,121,0
3346,227,4,5528,1,86,0
3347,227,4,5550,1,88,0
3348,227,1,1285,0,1001,0
3349,227,4,5589,1,76,0
3350,227,4,5539,1,91,0
3351,227,4,5667,1,59,0
3352,227,4,5544,1,82,0
3353,227,4,5533,1,91,0
3354,227,4,5605,1,84,0
3355,227,4,5564,1,84,0
3356,227,4,5436,1,144,0
3357,227,4,5510,1,111,0
3358,227,4,5180,1,162,0
3359,227,4,5588,1,84,0
3360,227,4,5569,1,81,0
3361,227,4,5605,1,79,0
3362,228,4,5608,1,75,0
3363,228,4,5568,1,82,0
3364,228,4,5505,1,91,0
3365,228,4,5343,1,125,0
3366,228,4,5453,1,110,0
3367,228,4,5684,1,57,0
3368,228,4,5617,1,76,0
3369,228,4,5641,1,72,0
3370,228,4,5343,1,125,0
3371,228,4,5407,1,110,0
3372,228,4,5382,1,143,0
3373,228,4,5593,1,81,0
3374,228,4,5656,1,68,0
3375,228,4,5109,1,179,0
3376,228,4,5613,1,98,0
3377,228,1,1248,0,1001,0
3378,229,3,3549,0,1001,0
3379,229,4,5707,1,49,0
3380,229,4,5346,1,133,0
3381,229,4,5599,1,84,0
3382,229,4,5423,1,114,0
3383,229,4,5303,1,186,0
3384,229,4,5481,1,100,0
3385,229,4,5558,1,81,0
3386,229,4,5582,1,73,0
3387,229,4,5500,1,98,0
3388,229,4,5648,1,64,0
3389,229,4,5504,1,130,0
3390,229,4,5221,1,159,0
3391,229,4,5547,1,92,0
3392,229,4,5653,1,63,0
3393,229,4,5591,1,86,0
3394,229,1,1281,0,1001,0
3395,229,4,5615,1,73,0
3396,230,2,2368,0,1001,0
3397,230,4,5572,1,83,0
3398,230,4,5681,1,54,0
3399,230,4,5474,1,129,0
3400,230,4,5690,1,54,1
3401,230,4,5298,1,135,0
3402,230,4,5466,1,105,0
3403,230,1,1264,0,1001,0
3404,231,1,1242,0,1001,0
3405,231,4,5599,1,77,0
3406,231,4,5605,1,74,0
3407,231,4,5626,1,75,0
3408,231,4,5584,1,79,0
3409,231,4,5568,1,91,0
3410,231,4,5625,1,71,0
3411,231,4,5463,1,109,0
3412,231,4,5581,1,82,0
3413,231,4,5372,1,132,0
3414,231,4,5569,1,90,0
3415,231,4,5508,1,111,0
3416,231,4,5260,1,168,0
3417,231,4,5613,1,78,0
3418,231,4,5540,1,96,0
3419,231,4,5497,1,119,0
3420,231,4,5650,1,64,0
3421,231,4,4946,1,214,0
3422,231,4,4738,1,281,0
3423,231,4,5579,1,81,0
3424,232,3,3447,0,1001,0
3425,232,4,5414,1,107,0
3426,232,4,5129,1,238,0
3427,232,4,5526,1,96,0
3428,232,4,5475,1,110,0
3429,232,4,5480,1,101,0
3430,232,4,5585,1,79,0
3431,232,3,3483,0,1001,0
3432,232,4,5438,1,106,0
3433,232,4,5519,1,102,0
3434,232,4,5488,1,120,0
3435,232,4,5395,1,110,0
3436,232,4,5300,1,163,0
3437,232,4,5160,1,228,0
3438,232,4,5271,1,148,0
3439,232,4,5623,1,73,0
3440,232,4,4927,1,236,0
3441,233,4,4948,1,226,0
3442,233,4,5321,1,152,0
3443,233,4,5232,1,177,0
3444,233,4,5467,1,106,0
3445,233,4,5333,1,145,0
3446,233,4,5360,1,126,0
3447,233,1,1202,0,1001,0
3448,233,4,4926,1,226,0
3449,233,4,5198,1,162,0
3450,233,4,5550,1,87,0
3451,233,4,5075,1,201,0
3452,233,4,5092,1,217,0
3453,233,4,5175,1,174,0
3454,234,4,4959,1,200,0
3455,234,4,4596,1,280,0
3456,234,4,4997,1,224,0
3457,234,4,5188,1,172,0
3458,234,4,5308,1,131,0
3459,234,4,4799,1,239,0
3460,234,4,4271,1,368,0
3461,234,4,5337,1,135,0
3462,234,4,4734,1,240,0
3463,234,4,4698,1,285,0
3464,234,4,5331,1,143,0
3465,234,4,5476,1,106,0
3466,234,4,4968,1,213,0
3467,234,4,5123,1,188,0
3468,234,4,4947,1,196,0
3469,234,4,5195,1,157,0
3470,235,4,4334,1,351,0
3471,235,4,5505,1,112,0
3472,235,4,5440,1,130,0
3473,235,3,3487,0,1001,0
3474,235,4,5438,1,96,0
3475,235,4,5170,1,167,0
3476,235,4,5421,1,111,0
3477,235,4,5157,1,181,0
3478,235,3,3443,0,1001,0
3479,236,4,5037,1,193,0
3480,236,4,5123,1,190,0
3481,236,1,1207,0,1001,0
3482,236,4,5072,1,170,0
3483,236,4,5600,1,78,0
3484,236,4,5196,1,177,0
3485,236,4,5436,1,117,0
3486,236,4,5229,1,193,0
3487,236,4,5326,1,132,0
3488,236,4,5426,1,100,0
3489,236,4,5568,1,85,0
3490,236,4,5136,1,180,0
3491,236,4,4066,1,530,0
3492,237,4,4911,1,285,0
3493,237,4,5265,1,136,0
3494,237,4,5034,1,193,0
3495,237,4,5248,1,189,0
3496,237,4,4769,1,247,0
3497,237,4,5155,1,157,0
3498,237,4,5549,1,81,0
3499,237,4,5231,1,198,0
3500,237,0,99,0,1001,1
3501,237,4,5193,1,154,0
3502,237,4,4912,1,250,0
3503,238,2,2246,0,1001,0
3504,238,4,5590,1,75,0
3505,238,4,4074,1,407,0
3506,238,4,5304,1,122,0
3507,238,4,5406,1,120,0
3508,238,4,5479,1,120,0
3509,238,4,5331,1,133,0
3510,238,4,5630,1,68,0
3511,238,4,5385,1,117,0
3512,238,4,5618,1,75,0
3513,238,4,5136,1,167,0
3514,238,4,5359,1,119,0
3515,238,4,5386,1,113,0
3516,238,4,5404,1,106,0
3517,238,4,5678,1,57,0
3518,239,3,3525,0,1001,0
3519,239,4,5656,1,63,0
3520,239,4,5009,1,187,0
3521,239,4,5625,1,70,0
3522,239,4,5339,1,121,0
3523,239,4,5341,1,123,0
3524,239,4,5345,1,117,0
3525,239,4,4858,1,238,0
3526,239,4,5581,1,74,0
3527,239,4,4999,1,210,0
3528,239,4,5491,1,95,0
3529,239,4,5455,1,101,0
3530,239,4,5383,1,111,0
3531,239,4,5600,1,72,0
3532,239,4,5524,1,96,0
3533,239,4,5092,1,175,0
3534,239,4,5667,1,60,0
3535,239,4,5266,1,140,0
3536,239,4,5599,1,72,0
3537,239,4,5541,1,89,0
3538,239,4,5416,1,113,0
3539,239,4,5080,1,169,0
3540,239,4,5452,1,82,0
3541,239,4,5503,1,92,0
3542,239,4,5361,1,118,0
3543,240,4,5406,1,109,0
3544,240,4,5323,1,128,0
3545,240,4,5214,1,151,0
3546,240,4,5525,1,90,0
3547,240,1,1285,0,1001,0
3548,240,4,5644,1,65,0
3549,240,4,5225,1,143,0
3550,240,4,5326,1,144,0
3551,240,4,5063,1,171,0
3552,240,4,5333,1,120,0
3553,240,4,5011,1,199,0
3554,240,4,5452,1,101,0
3555,240,4,5632,1,69,0
3556,240,4,5565,1,78,0
3557,240,4,5625,1,73,0
3558,240,4,5328,1,116,0
3559,240,4,4879,1,227,0
3560,241,4,5126,1,178,0
3561,241,4,5075,1,200,0
3562,241,4,5182,1,152,0
3563,241,3,3463,0,1001,0
3564,241,4,5147,1,161,0
3565,241,4,5159,1,163,0
3566,241,4,4929,1,204,0
3567,241,4,5512,1,87,0
3568,241,4,5127,1,205,0
3569,241,4,5578,1,74,0
3570,241,4,5396,1,112,0
3571,241,4,5574,1,79,0
3572,241,4,5477,1,80,0
3573,241,4,5625,1,65,0
3574,241,4,5335,1,130,0
3575,241,4,5630,1,65,0
3576,241,4,5267,1,137,0
3577,241,4,5580,1,77,0
3578,241,4,5351,1,125,0
3579,242,4,5370,1,125,0
3580,242,4,5250,1,171,0
3581,242,4,5467,1,96,0
3582,242,3,3416,0,1001,0
3583,242,4,5242,1,169,0
3584,242,4,4921,1,239,0
3585,242,4,4879,1,234,0
3586,242,4,4821,1,222,0
3587,242,4,5411,1,105,0
3588,242,4,5472,1,96,0
3589,242,4,5173,1,160,0
3590,242,4,4724,1,263,0
3591,242,4,5116,1,177,0
3592,242,4,5592,1,77,0
3593,243,4,4803,1,299,0
3594,243,4,4993,1,200,0
3595,243,4,5364,1,116,0
3596,243,4,5212,1,156,0
3597,243,4,5484,1,93,0
3598,243,4,5279,1,134,0
3599,243,4,5444,1,112,0
3600,243,0,99,0,1001,1
3601,243,4,5324,1,142,0
3602,243,4,4363,1,385,0
3603,243,4,5384,1,138,0
3604,243,4,5049,1,181,0
3605,243,4,5253,1,152,0
3606,244,4,5002,1,257,0
3607,244,4,5026,1,236,0
3608,244,4,5376,1,119,0
3609,244,4,5128,1,177,0
3610,244,4,5042,1,262,0
3611,244,4,4416,1,326,0
3612,244,4,4914,1,233,0
3613,244,4,5391,1,115,0
3614,244,4,4962,1,272,0
3615,244,4,5454,1,105,0
3616,244,4,4912,1,237,0
3617,245,3,3338,0,1001,0
3618,245,4,5192,1,152,0
3619,245,4,5220,1,163,0
3620,245,4,5411,1,111,0
3621,245,4,4865,1,311,0
3622,245,4,5437,1,126,0
3623,245,4,4303,1,357,0
3624,245,4,5400,1,113,0
3625,245,4,5410,1,140,0
3626,245,4,5283,1,203,0
3627,245,4,5452,1,114,0
3628,245,4,5513,1,100,0
3629,245,4,4973,1,226,0
3630,245,4,5391,1,128,0
3631,245,4,5337,1,123,0
3632,245,4,5466,1,109,0
3633,245,4,5320,1,140,0
3634,245,4,5338,1,135,0
3635,245,4,5494,1,93,0
3636,246,4,4572,1,353,0
3637,246,4,5652,1,59,0
3638,246,4,5437,1,110,0
3639,246,4,5440,1,123,0
3640,246,4,5205,1,153,0
3641,246,4,5610,1,67,0
3642,246,4,5541,1,87,0
3643,246,4,5108,1,197,0
3644,246,4,5397,1,120,0
3645,246,4,5214,1,150,0
3646,246,4,5073,1,217,0
3647,246,4,5154,1,204,0
3648,246,4,5457,1,79,0
3649,246,4,5553,1,80,0
3650,246,4,5160,1,191,0
3651,246,4,5074,1,171,0
3652,246,4,4672,1,352,0
3653,246,4,5199,1,182,0
3654,246,4,5420,1,120,0
3655,246,4,5647,1,62,0
3656,246,4,5297,1,137,0
3657,246,4,5259,1,141,0
3658,247,4,5164,1,205,0
3659,247,4,5244,1,144,0
3660,247,4,5640,1,63,0
3661,247,4,5355,1,101,0
3662,247,4,5485,1,94,0
3663,247,4,5474,1,99,0
3664,247,4,5609,1,72,0
3665,247,4,5594,1,73,0
3666,247,4,5550,1,82,0
3667,247,4,4985,1,191,0
3668,247,4,5500,1,95,0
3669,247,4,5132,1,208,0
3670,247,4,5395,1,112,0
3671,247,4,5167,1,203,0
3672,247,4,5428,1,110,0
3673,247,3,3276,0,1001,0
3674,247,4,5426,1,89,0
3675,247,4,5471,1,99,0
3676,248,4,5024,1,212,0
3677,248,4,5450,1,104,0
3678,248,4,4940,1,272,0
3679,248,4,5473,1,91,0
3680,248,4,4938,1,195,0
3681,248,4,5181,1,155,0
3682,248,4,5544,1,79,0
3683,248,4,5069,1,190,0
3684,248,4,5575,1,76,0
3685,248,4,5330,1,118,0
3686,248,4,5473,1,100,0
3687,248,4,4716,1,334,0
3688,248,4,5580,1,76,0
3689,248,4,5479,1,110,0
3690,248,4,5516,1,87,0
3691,248,4,5598,1,75,0
3692,248,4,5518,1,92,0
3693,248,4,5543,1,78,0
3694,248,4,5590,1,73,0
3695,248,4,5347,1,120,0
3696,248,4,4724,1,321,0
3697,248,4,5166,1,155,0
3698,249,4,5007,1,209,0
3699,249,4,5293,1,128,0
3700,249,0,99,0,1001,1
3701,249,4,5513,1,87,0
3702,249,4,5416,1,110,0
3703,249,4,4660,1,336,0
3704,249,4,5429,1,106,0
3705,249,4,4798,1,321,0
3706,249,4,5611,1,49,0
3707,249,4,5532,1,83,0
3708,249,4,5543,1,79,0
3709,249,4,5390,1,111,0
3710,249,4,5391,1,108,0
3711,249,4,5202,1,146,0
3712,249,4,5481,1,89,0
3713,249,4,5184,1,184,0
3714,249,4,5488,1,105,0
3715,250,4,5256,1,126,0
3716,250,4,5558,1,87,0
3717,250,4,5477,1,95,0
3718,250,4,5520,1,91,0
3719,250,4,5518,1,88,0
3720,250,4,5465,1,97,0
3721,250,4,5502,1,100,0
3722,250,4,5493,1,95,0
3723,250,4,5529,1,87,0
3724,250,4,5442,1,115,0
3725,250,3,3514,0,1001,0
3726,250,4,5314,1,130,0
3727,250,4,5092,1,206,0
3728,250,4,5194,1,154,0
3729,250,4,4960,1,263,0
3730,250,4,5109,1,185,0
3731,250,4,5100,1,190,0
3732,250,4,5496,1,104,0
3733,251,4,5553,1,87,0
3734,251,4,5447,1,119,0
3735,251,4,5280,1,166,0
3736,251,4,5354,1,153,0
3737,251,4,5389,1,128,0
3738,251,4,4827,1,244,0
3739,251,4,5095,1,178,0
3740,251,2,2425,0,1001,0
3741,251,4,5131,1,176,0
3742,251,4,5244,1,140,0
3743,251,4,5385,1,139,0
3744,251,4,4875,1,313,0
3745,251,4,5346,1,132,0
3746,252,2,2451,0,1001,0
3747,252,2,2389,0,1001,0
3748,252,4,5184,1,186,0
3749,252,4,5443,1,118,0
3750,252,4,5474,1,108,0
3751,252,4,4255,1,513,0
3752,252,4,5202,1,222,0
3753,253,4,5179,1,202,0
3754,253,4,5142,1,217,0
3755,253,4,5421,1,102,0
3756,253,4,5017,1,252,0
3757,253,4,5376,1,123,0
3758,253,4,4491,1,384,0
3759,253,4,4328,1,511,0
3760,253,4,5453,1,115,0
3761,253,4,5496,1,75,0
3762,253,4,5428,1,103,0
3763,253,4,5311,1,127,0
3764,253,3,3520,0,1001,0
3765,254,4,5551,1,91,0
3766,254,4,5592,1,82,0
3767,254,4,5038,1,231,0
3768,254,4,4871,1,240,0
3769,254,4,5424,1,122,0
3770,254,4,5493,1,108,0
3771,254,4,5361,1,122,0
3772,254,4,5095,1,183,0
3773,254,4,5244,1,139,0
3774,254,4,5169,1,188,0
3775,254,4,4594,1,290,0
3776,254,4,5155,1,183,0
3777,254,4,4877,1,257,0
3778,254,4,5360,1,150,0
3779,254,4,5157,1,180,0
3780,255,2,2239,0,1001,0
3781,255,4,4972,1,304,0
3782,255,4,4580,1,378,0
3783,255,4,5283,1,137,0
3784,255,4,5294,1,143,0
3785,255,3,3524,0,1001,0
3786,255,4,4941,1,219,0
3787,255,4,5534,1,109,0
3788,255,4,5586,1,79,0
3789,255,4,4978,1,262,0
3790,256,4,5515,1,120,0
3791,256,4,5209,1,183,0
3792,256,4,5214,1,164,0
3793,256,4,5064,1,250,0
3794,256,4,5246,1,155,0
3795,256,4,5492,1,102,0
3796,256,3,3486,0,1001,0
3797,256,4,4990,1,183,0
3798,256,4,5443,1,106,0
3799,256,4,5497,1,97,0
3800,257,0,99,0,1001,1
3801,257,4,5325,1,159,0
3802,257,4,4772,1,305,0
3803,257,4,5124,1,180,0
3804,257,4,5517,1,111,0
3805,257,4,5402,1,116,0
3806,257,4,5553,1,88,0
3807,257,4,5352,1,121,0
3808,257,4,5447,1,110,0
3809,257,4,5517,1,87,0
3810,257,4,5410,1,140,0
3811,257,4,5366,1,119,0
3812,257,4,4771,1,349,0
3813,257,4,5431,1,111,0
3814,257,4,5566,1,77,0
3815,257,4,5431,1,140,0
3816,257,4,5093,1,167,0
3817,257,4,4650,1,411,0
3818,257,4,5376,1,106,0
3819,258,4,4624,1,283,0
3820,258,4,5188,1,236,0
3821,258,4,5152,1,220,0
3822,258,4,5025,1,267,0
3823,258,4,5548,1,97,0
3824,258,4,5361,1,143,0
3825,258,4,5592,1,82,0
3826,258,4,5405,1,154,0
3827,258,4,5192,1,200,0
3828,258,4,5187,1,158,0
3829,258,4,4893,1,236,0
3830,258,4,5472,1,95,0
3831,258,4,5397,1,120,0
3832,258,4,5655,1,64,0
3833,258,4,5423,1,113,0
3834,259,3,3518,0,1001,0
3835,259,4,5464,1,94,0
3836,259,4,4726,1,246,0
3837,259,4,5403,1,111,0
3838,259,4,4858,1,240,0
3839,259,4,5604,1,76,0
3840,259,4,5181,1,176,0
3841,259,4,5473,1,76,0
3842,259,4,5562,1,74,0
3843,259,4,5477,1,101,0
3844,259,4,5168,1,149,0
3845,259,4,5552,1,58,0
3846,259,4,5586,1,71,0
3847,259,4,5258,1,139,0
3848,259,4,5080,1,232,0
3849,259,4,5343,1,116,0
3850,259,4,5045,1,187,0
3851,259,4,5279,1,168,0
3852,259,4,5561,1,73,0
3853,259,4,5616,1,66,0
3854,259,4,5318,1,126,0
3855,259,4,5542,1,82,0
3856,259,4,5401,1,108,0
3857,260,4,5051,1,235,0
3858,260,4,5529,1,93,0
3859,260,4,5456,1,96,0
3860,260,4,5441,1,90,0
3861,260,4,4793,1,255,0
3862,260,4,5326,1,118,0
3863,260,4,4751,1,240,0
3864,260,4,5524,1,87,0
3865,260,4,5449,1,99,0
3866,260,4,5545,1,83,0
3867,260,4,4850,1,273,0
3868,260,4,4892,1,254,0
3869,260,4,5406,1,107,0
3870,260,4,5504,1,94,0
3871,260,3,3556,0,1001,0
3872,260,4,5520,1,84,0
3873,260,4,5539,1,81,0
3874,261,4,5116,1,173,0
3875,261,4,5452,1,101,0
3876,261,4,5589,1,70,0
3877,261,4,5476,1,90,0
3878,261,4,4527,1,315,0
3879,261,4,5681,1,53,0
3880,261,4,5626,1,66,0
3881,261,4,5613,1,68,0
3882,261,4,5506,1,83,0
3883,261,4,5482,1,100,0
3884,261,4,5395,1,108,0
3885,261,4,5485,1,93,0
3886,261,4,5296,1,124,0
3887,261,4,4916,1,219,0
3888,261,4,5136,1,182,0
3889,261,4,5524,1,89,0
3890,261,4,5528,1,83,0
3891,261,4,5177,1,168,0
3892,261,4,4895,1,218,0
3893,261,4,5305,1,143,0
3894,261,4,5223,1,162,0
3895,261,4,4567,1,377,0
3896,261,4,5302,1,145,0
3897,262,4,4482,1,308,0
3898,262,4,5064,1,181,0
3899,262,4,5400,1,113,0
3900,262,0,99,0,1001,1
3901,262,4,5316,1,128,0
3902,262,4,5532,1,105,0
3903,262,4,5014,1,215,0
3904,262,4,5446,1,98,0
3905,262,4,5135,1,166,0
3906,262,4,4748,1,287,0
3907,262,4,4906,1,268,0
3908,262,4,4725,1,274,0
3909,263,4,5441,1,88,0
3910,263,4,5021,1,162,0
3911,263,4,5074,1,201,0
3912,263,4,5341,1,126,0
3913,263,4,4798,1,242,0
3914,263,4,5577,1,84,0
3915,263,4,5255,1,170,0
3916,263,4,5452,1,123,0
3917,263,4,5388,1,126,0
3918,263,4,5192,1,200,0
3919,263,4,5137,1,159,0
3920,263,4,5458,1,120,0
3921,263,4,5335,1,168,0
3922,263,4,5558,1,87,0
3923,263,4,5437,1,102,0
3924,263,4,5538,1,85,0
3925,263,4,5516,1,103,0
3926,263,4,5433,1,129,0
3927,263,4,5609,1,73,0
3928,263,4,5233,1,184,0
3929,263,4,5206,1,180,0
3930,263,4,5387,1,97,0
3931,264,4,4549,1,307,0
3932,264,4,5653,1,60,0
3933,264,4,5421,1,149,0
3934,264,4,4899,1,228,0
3935,264,4,5455,1,128,0
3936,264,4,5530,1,86,0
3937,264,4,5490,1,102,0
3938,264,4,5323,1,122,0
3939,264,4,5287,1,151,0
3940,264,4,5574,1,87,0
3941,264,4,5569,1,79,0
3942,264,4,5157,1,191,0
3943,264,4,5160,1,227,0
3944,264,4,5319,1,171,0
3945,264,4,5349,1,142,0
3946,264,4,5436,1,130,0
3947,264,4,4922,1,249,0
3948,264,4,5515,1,105,0
3949,264,4,5081,1,183,0
3950,264,4,5373,1,117,0
3951,264,4,5595,1,71,0
3952,264,4,5495,1,105,0
3953,265,4,4930,1,229,0
3954,265,4,5133,1,215,0
3955,265,4,5032,1,209,0
3956,265,4,5472,1,93,0
3957,265,4,5411,1,125,0
3958,265,4,5457,1,110,0
3959,265,4,5523,1,100,0
3960,265,4,4975,1,251,0
3961,265,4,5428,1,112,0
3962,265,4,5549,1,88,0
3963,265,4,5146,1,188,0
3964,265,4,5575,1,73,0
3965,265,4,5569,1,79,0
3966,265,4,5441,1,116,0
3967,265,4,5344,1,135,0
3968,265,4,5627,1,72,0
3969,265,4,5600,1,71,0
3970,265,4,5592,1,80,0
3971,265,4,5361,1,151,0
3972,265,4,5501,1,107,0
3973,265,4,4856,1,246,0
3974,265,4,5392,1,116,0
3975,265,4,5113,1,184,0
3976,265,4,5425,1,137,0
3977,265,4,5471,1,96,0
3978,266,4,5416,1,122,0
3979,266,4,4893,1,224,0
3980,266,4,5485,1,98,0
3981,266,1,1248,0,1001,0
3982,266,4,4667,1,301,0
3983,266,4,5348,1,145,0
3984,266,4,4731,1,250,0
3985,266,4,5501,1,98,0
3986,266,4,4503,1,375,0
3987,266,4,5487,1,97,0
3988,266,4,5175,1,144,0
3989,266,4,5372,1,159,0
3990,267,4,4905,1,232,0
3991,267,2,2368,0,1001,0
3992,267,4,5039,1,198,0
3993,267,4,5340,1,130,0
3994,267,4,5340,1,140,0
3995,267,4,5652,1,62,0
3996,267,4,5414,1,140,0
3997,267,4,5287,1,157,0
3998,267,4,5028,1,249,0
3999,267,4,5256,1,147,0
4000,268,0,99,0,1001,1
4001,268,4,4723,1,286,0
