1,0,2,1766,0,1001,0
2,1,3,2514,0,1001,0
3,1,3,2268,0,1001,0
4,2,3,3071,0,1001,0
5,2,3,2965,0,1001,0
6,2,3,3087,0,1001,0
7,3,3,2306,0,1001,0
8,3,3,2835,0,1001,0
9,3,1,1027,0,1001,0
10,4,3,3178,0,1001,0
11,4,3,2569,0,1001,0
12,4,1,1237,0,1001,0
13,5,3,2929,0,1001,0
14,5,3,3235,0,1001,0
15,5,2,1837,0,1001,0
16,6,3,3349,0,1001,0
17,6,3,3034,0,1001,0
18,6,3,2521,0,1001,0
19,7,3,3224,0,1001,0
20,7,3,3178,0,1001,0
21,7,1,1186,0,1001,0
22,8,3,3268,0,1001,0
23,8,4,3954,1,610,0
24,8,4,3617,1,902,0
25,8,2,1667,0,1001,0
26,9,3,2874,0,1001,0
27,9,2,1628,0,1001,0
28,9,4,4198,1,420,0
29,9,4,4497,1,430,0
30,10,3,2930,0,1001,0
31,10,4,4487,1,406,0
32,10,1,1264,0,1001,0
33,10,4,5169,1,176,0
34,10,4,4501,1,628,0
35,11,2,1857,0,1001,0
36,11,2,1713,0,1001,0
37,11,4,4672,1,394,0
38,11,3,3204,0,1001,0
39,12,3,3268,0,1001,0
40,12,3,3268,0,1001,0
41,12,3,2376,0,1001,0
42,12,4,5367,1,110,0
43,13,4,4451,1,431,0
44,13,4,4911,1,305,0
45,13,4,4607,1,422,0
46,13,1,1311,0,1001,0
47,13,2,2024,0,1001,0
48,14,4,4222,1,632,0
49,14,4,5035,1,258,0
50,14,4,4000,1,612,0
51,14,2,1934,0,1001,0
52,14,4,4968,1,315,0
53,14,4,4013,1,606,0
54,15,4,4886,1,274,0
55,15,4,4636,1,347,0
56,15,4,4631,1,427,0
57,15,2,2205,0,1001,0
58,15,4,5099,1,244,0
59,15,4,3933,1,666,0
60,16,4,4285,1,605,0
61,16,4,4806,1,327,0
62,16,2,2014,0,1001,0
63,16,4,4814,1,385,0
64,16,4,5389,1,118,0
65,16,4,4832,1,417,0
66,16,4,5238,1,196,0
67,17,4,4671,1,408,0
68,17,2,2199,0,1001,0
69,17,4,5349,1,116,0
70,17,3,2872,0,1001,0
71,18,3,2696,0,1001,0
72,18,3,3259,0,1001,0
73,18,4,3951,1,629,0
74,18,4,5223,1,198,0
75,18,4,4784,1,267,0
76,18,4,3479,1,686,0
77,19,4,4965,1,230,0
78,19,4,4737,1,324,0
79,19,4,5043,1,237,0
80,19,4,4838,1,261,0
81,19,4,4868,1,257,0
82,19,4,4635,1,312,0
83,19,4,5226,1,186,0
84,19,4,5162,1,191,0
85,19,3,3025,0,1001,0
86,20,4,4470,1,534,0
87,20,4,4938,1,244,0
88,20,2,1991,0,1001,0
89,20,3,3316,0,1001,0
90,20,4,4997,1,242,0
91,20,4,4672,1,412,0
92,21,4,4746,1,273,0
93,21,3,3344,0,1001,0
94,21,4,4746,1,310,0
95,21,4,4840,1,352,0
96,21,4,5013,1,303,0
97,21,4,5468,1,92,0
98,22,3,2974,0,1001,0
99,22,4,4631,1,340,0
100,22,0,0,0,1001,1
101,22,4,4642,1,290,0
102,22,4,4821,1,251,0
103,22,4,4955,1,228,0
104,23,2,1617,0,1001,0
105,23,4,4786,1,256,0
106,23,4,5002,1,206,0
107,23,4,4436,1,339,0
108,23,4,5144,1,219,0
109,23,4,4784,1,359,0
110,23,3,3268,0,1001,0
111,23,4,5378,1,129,0
112,24,3,3419,0,1001,0
113,24,4,4160,1,602,0
114,24,4,5154,1,211,0
115,24,4,4437,1,380,0
116,24,4,4617,1,470,0
117,24,4,4099,1,567,0
118,25,4,4710,1,450,0
119,25,4,3623,1,603,0
120,25,4,5231,1,186,0
121,25,4,4878,1,246,0
122,25,4,4980,1,230,0
123,25,4,5110,1,213,0
124,25,4,4458,1,481,0
125,25,4,4790,1,237,0
126,25,4,5090,1,171,0
127,25,4,5174,1,146,0
128,26,4,3634,1,521,0
129,26,4,4888,1,244,0
130,26,4,4045,1,483,0
131,26,4,4568,1,293,0
132,26,4,4966,1,241,0
133,26,4,4778,1,301,0
134,26,4,4969,1,264,0
135,26,4,4360,1,394,0
136,26,4,4978,1,238,0
137,26,4,5029,1,202,0
138,27,3,3076,0,1001,0
139,27,4,4877,1,296,0
140,27,4,4492,1,368,0
141,27,4,4669,1,360,0
142,27,4,3408,1,757,0
143,27,4,5271,1,153,0
144,27,4,5263,1,133,0
145,27,4,5322,1,156,0
146,27,4,5329,1,125,0
147,28,4,4266,1,392,0
148,28,3,3406,0,1001,0
149,28,4,3184,1,782,0
150,28,4,4828,1,254,0
151,28,4,4436,1,557,0
152,29,4,4478,1,347,0
153,29,2,2281,0,1001,0
154,29,4,3932,1,853,0
155,29,4,4263,1,416,0
156,29,4,4747,1,294,0
157,29,4,4784,1,299,0
158,30,4,4540,1,365,0
159,30,4,4285,1,436,0
160,30,2,2274,0,1001,0
161,30,2,2184,0,1001,0
162,31,2,2319,0,1001,0
163,31,4,4041,1,562,0
164,31,4,5416,1,100,0
165,31,4,5061,1,182,0
166,31,2,2286,0,1001,0
167,31,4,5314,1,134,0
168,31,4,4966,1,194,0
169,31,4,4637,1,384,0
170,32,4,4385,1,422,0
171,32,4,5038,1,215,0
172,32,4,4710,1,292,0
173,32,4,4604,1,509,0
174,32,4,5521,1,85,0
175,32,4,4931,1,266,0
176,32,4,5107,1,186,0
177,32,2,2134,0,1001,0
178,33,4,5062,1,183,0
179,33,4,4590,1,356,0
180,33,4,4699,1,376,0
181,33,4,4041,1,493,0
182,33,4,4385,1,380,0
183,33,4,4837,1,233,0
184,33,4,5322,1,121,0
185,33,4,4778,1,405,0
186,34,3,3447,0,1001,0
187,34,2,2192,0,1001,0
188,34,3,3433,0,1001,0
189,34,4,4775,1,259,0
190,34,4,5218,1,149,0
191,34,4,4725,1,292,0
192,35,4,3917,1,551,0
193,35,4,5265,1,168,0
194,35,4,5404,1,129,0
195,35,4,5139,1,200,0
196,35,4,5478,1,88,0
197,35,4,4813,1,236,0
198,35,4,5269,1,146,0
199,35,4,5350,1,128,0
200,35,0,99,0,1001,1
201,35,4,5112,1,244,0
202,35,4,5273,1,164,0
203,36,4,4700,1,342,0
204,36,4,4966,1,273,0
205,36,4,5321,1,124,0
206,36,4,5339,1,126,0
207,36,2,2335,0,1001,0
208,36,2,2256,0,1001,0
209,36,4,4762,1,296,0
210,37,3,3300,0,1001,0
211,37,4,4463,1,572,0
212,37,4,4769,1,297,0
213,37,4,4347,1,436,0
214,37,4,5087,1,196,0
215,38,2,2122,0,1001,0
216,38,4,5111,1,186,0
217,38,4,5203,1,152,0
218,38,4,5079,1,198,0
219,38,4,4795,1,276,0
220,38,4,5237,1,161,0
221,38,4,5036,1,225,0
222,38,4,4998,1,237,0
223,38,4,5394,1,105,0
224,38,4,4492,1,404,0
225,38,4,4438,1,484,0
226,39,2,2308,0,1001,0
227,39,4,4993,1,230,0
228,39,4,5030,1,235,0
229,39,4,5350,1,125,0
230,39,4,4915,1,258,0
231,39,3,3419,0,1001,0
232,39,4,5317,1,128,0
233,39,4,3687,1,649,0
234,40,3,3471,0,1001,0
235,40,4,5289,1,148,0
236,40,4,5459,1,92,0
237,40,4,5494,1,81,0
238,40,4,5436,1,104,0
239,40,4,5239,1,163,0
240,40,4,5379,1,120,0
241,40,4,5511,1,80,0
242,40,4,5474,1,90,0
243,40,4,5468,1,94,0
244,40,4,5380,1,116,0
245,40,4,5386,1,130,0
246,40,4,5453,1,96,0
247,40,4,5388,1,118,0
248,40,4,5048,1,220,0
249,41,2,2337,0,1001,0
250,41,4,5380,1,115,0
251,41,4,5509,1,77,0
252,41,4,4632,1,452,0
253,41,4,5406,1,116,0
254,41,2,2301,0,1001,0
255,41,4,5427,1,103,0
256,41,4,5448,1,98,0
257,41,4,4511,1,351,0
258,42,4,4443,1,524,0
259,42,4,5390,1,105,0
260,42,4,5299,1,144,0
261,42,2,2346,0,1001,0
262,42,4,5470,1,89,0
263,42,4,5443,1,96,0
264,42,4,5453,1,95,0
265,42,4,5512,1,73,0
266,42,2,2328,0,1001,0
267,42,4,5452,1,96,0
268,42,4,5403,1,111,0
269,43,4,5429,1,96,0
270,43,4,5442,1,96,0
271,43,4,5312,1,145,0
272,43,4,4719,1,311,0
273,43,4,5479,1,88,0
274,43,4,5235,1,167,0
275,43,4,5482,1,86,0
276,43,4,5208,1,176,0
277,43,4,5338,1,115,0
278,43,4,5583,1,56,0
279,43,4,5212,1,163,0
280,43,4,5416,1,131,0
281,43,4,5325,1,149,0
282,43,4,5165,1,192,0
283,43,4,4247,1,502,0
284,43,4,5267,1,147,0
285,43,4,5287,1,160,0
286,43,4,5523,1,70,0
287,43,4,5310,1,141,0
288,43,4,5268,1,136,0
289,44,4,5437,1,88,0
290,44,4,4608,1,386,0
291,44,4,5372,1,111,0
292,44,4,5297,1,147,0
293,44,4,5048,1,207,0
294,44,4,5430,1,94,0
295,44,4,5117,1,202,0
296,44,4,4905,1,245,0
297,44,4,5363,1,117,0
298,44,2,2099,0,1001,0
299,44,4,5143,1,175,0
300,45,1,1284,0,1001,1
301,45,4,5129,1,166,0
302,45,4,5167,1,193,0
303,45,4,5201,1,175,0
304,45,4,5497,1,82,0
305,45,4,5436,1,94,0
306,45,4,5326,1,129,0
307,45,4,5452,1,101,0
308,45,4,5382,1,119,0
309,45,3,3379,0,1001,0
310,45,4,5240,1,128,0
311,45,4,5107,1,209,0
312,45,4,5529,1,72,0
313,46,4,4284,1,369,0
314,46,4,4917,1,262,0
315,46,4,5469,1,85,0
316,46,2,2332,0,1001,0
317,46,4,4788,1,271,0
318,46,4,5502,1,75,0
319,46,4,5445,1,95,0
320,46,4,5337,1,163,0
321,46,4,5327,1,149,0
322,46,4,5491,1,75,0
323,46,4,3864,1,540,0
324,46,4,5506,1,71,0
325,47,4,5537,1,65,0
326,47,4,5297,1,168,0
327,47,4,5311,1,118,0
328,47,4,5337,1,104,0
329,47,2,2334,0,1001,0
330,47,4,5448,1,102,0
331,47,4,5463,1,82,0
332,47,4,5173,1,157,0
333,47,4,5389,1,106,0
334,47,4,5338,1,145,0
335,47,4,5003,1,187,0
336,47,4,5101,1,175,0
337,47,4,4990,1,206,0
338,47,4,5465,1,89,0
339,48,2,2341,0,1001,0
340,48,4,5456,1,84,0
341,48,4,5389,1,112,0
342,48,4,4550,1,431,0
343,48,4,4719,1,386,0
344,48,4,5329,1,135,0
345,48,4,5173,1,162,0
346,48,4,5238,1,160,0
347,48,4,5414,1,96,0
348,48,4,5513,1,105,0
349,48,4,5346,1,133,0
350,48,4,5564,1,59,0
351,48,4,5166,1,183,0
352,48,4,5525,1,65,0
353,48,4,5342,1,133,0
354,48,4,5512,1,72,0
355,49,4,4380,1,364,0
356,49,4,5496,1,73,0
357,49,4,5363,1,108,0
358,49,4,5246,1,138,0
359,49,4,5369,1,100,0
360,49,4,4964,1,260,0
361,49,4,5408,1,110,0
362,49,4,5246,1,196,0
363,49,4,5257,1,113,0
364,49,4,5183,1,140,0
365,49,3,3380,0,1001,0
366,49,4,5520,1,79,0
367,49,4,5534,1,71,0
368,49,4,5507,1,78,0
369,49,4,5421,1,85,0
370,49,4,5376,1,127,0
371,50,2,2286,0,1001,0
372,50,4,4891,1,295,0
373,50,4,5501,1,74,0
374,50,4,5062,1,180,0
375,50,4,5309,1,121,0
376,50,4,5321,1,114,0
377,50,2,2344,0,1001,0
378,50,4,4841,1,217,0
379,50,4,5301,1,133,0
380,50,4,5512,1,72,0
381,50,4,5139,1,192,0
382,51,4,5190,1,155,0
383,51,4,5362,1,97,0
384,51,4,5118,1,164,0
385,51,4,5535,1,67,0
386,51,4,5501,1,78,0
387,51,4,5429,1,88,0
388,51,4,5362,1,124,0
389,51,4,4578,1,567,0
390,51,4,5459,1,85,0
391,51,4,5271,1,123,0
392,51,4,5251,1,127,0
393,51,4,3826,1,730,0
394,51,4,5477,1,81,0
395,51,4,5437,1,84,0
396,51,4,5417,1,103,0
397,51,4,5062,1,205,0
398,51,4,5460,1,83,0
399,51,4,4918,1,243,0
400,52,0,99,0,1001,1
401,52,4,5448,1,88,0
402,52,4,4439,1,492,0
403,52,4,5528,1,83,0
404,52,4,5454,1,90,0
405,52,4,5096,1,188,0
406,52,4,5435,1,86,0
407,52,4,5247,1,121,0
408,52,4,5361,1,100,0
409,52,4,4653,1,278,0
410,52,4,4917,1,213,0
411,52,4,5521,1,80,0
412,53,2,2210,0,1001,0
413,53,4,5511,1,71,0
414,53,4,5393,1,91,0
415,53,4,5446,1,140,0
416,53,4,5473,1,90,0
417,53,4,5296,1,112,0
418,53,4,5164,1,136,0
419,53,4,5229,1,124,0
420,53,4,5192,1,140,0
421,53,4,4412,1,505,0
422,53,4,5354,1,106,0
423,53,4,4971,1,196,0
424,53,4,4980,1,191,0
425,53,4,5307,1,113,0
426,53,4,5018,1,192,0
427,53,4,5289,1,112,0
428,53,4,5257,1,123,0
429,54,4,5376,1,100,0
430,54,4,4936,1,260,0
431,54,4,4345,1,367,0
432,54,4,5570,1,58,0
433,54,4,5269,1,120,0
434,54,4,5259,1,156,0
435,54,4,5362,1,98,0
436,54,4,5466,1,78,0
437,54,4,4905,1,223,0
438,54,4,5317,1,106,0
439,54,4,5249,1,124,0
440,54,4,5303,1,127,0
441,54,4,5276,1,130,0
442,54,4,5303,1,121,0
443,54,4,5409,1,88,0
444,54,4,5447,1,87,0
445,55,3,3350,0,1001,0
446,55,4,5492,1,74,0
447,55,4,4821,1,245,0
448,55,4,5220,1,156,0
449,55,4,5169,1,171,0
450,55,4,5419,1,95,0
451,55,4,5309,1,119,0
452,55,4,4928,1,203,0
453,55,3,3183,0,1001,0
454,55,4,4611,1,422,0
455,55,4,5495,1,80,0
456,55,4,5496,1,73,0
457,55,4,5380,1,100,0
458,55,4,5478,1,80,0
459,55,4,5547,1,64,0
460,55,4,5407,1,112,0
461,55,4,5377,1,104,0
462,56,4,5590,1,52,0
463,56,4,5596,1,51,0
464,56,4,4586,1,314,0
465,56,4,5066,1,205,0
466,56,4,5328,1,131,0
467,56,4,5315,1,143,0
468,56,3,3188,0,1001,0
469,56,4,3437,1,591,0
470,56,4,4716,1,320,0
471,56,4,5400,1,98,0
472,56,4,5484,1,70,0
473,56,4,5438,1,92,0
474,56,4,5574,1,66,0
475,57,4,4344,1,367,0
476,57,4,5449,1,85,0
477,57,4,5322,1,109,0
478,57,4,5323,1,129,0
479,57,4,5306,1,131,0
480,57,4,5435,1,88,0
481,57,4,5328,1,115,0
482,57,4,5531,1,68,0
483,57,4,5033,1,188,0
484,57,4,5556,1,73,0
485,57,4,5511,1,79,0
486,57,4,5394,1,98,0
487,57,4,5403,1,92,0
488,57,4,5009,1,197,0
489,57,4,5445,1,89,0
490,57,4,5556,1,64,0
491,57,2,2295,0,1001,0
492,57,4,5454,1,85,0
493,57,4,5505,1,74,0
494,58,4,5417,1,102,0
495,58,2,2291,0,1001,0
496,58,4,5601,1,56,0
497,58,4,5274,1,148,0
498,58,4,5388,1,94,0
499,58,3,3419,0,1001,0
500,59,1,1282,0,1001,1
501,59,4,5462,1,84,0
502,59,4,5207,1,207,0
503,59,4,5578,1,53,0
504,59,4,5504,1,80,0
505,59,4,5564,1,56,0
506,59,4,5560,1,58,0
507,59,4,5359,1,123,0
508,59,4,5481,1,76,0
509,59,4,5424,1,92,0
510,59,4,5584,1,57,0
511,59,4,5101,1,183,0
512,59,4,5429,1,85,0
513,59,4,5547,1,61,0
514,59,4,5536,1,68,0
515,59,4,5604,1,48,0
516,59,4,5366,1,113,0
517,59,4,5492,1,73,0
518,59,4,5555,1,58,0
519,59,4,5118,1,198,0
520,59,4,5431,1,87,0
521,59,4,5455,1,83,0
522,59,4,5498,1,78,0
523,59,4,4746,1,253,0
524,59,4,5576,1,57,0
525,59,4,5525,1,69,0
526,59,4,5546,1,62,0
527,59,4,5389,1,90,0
528,59,4,5561,1,59,0
529,60,2,2341,0,1001,0
530,60,4,5602,1,49,0
531,60,4,5353,1,99,0
532,60,4,5533,1,71,0
533,60,4,5607,1,49,0
534,60,2,2097,0,1001,0
535,60,4,5564,1,56,0
536,60,4,5525,1,70,0
537,60,4,5555,1,63,0
538,60,4,5453,1,117,0
539,60,4,5579,1,60,0
540,60,4,5528,1,67,0
541,60,4,4519,1,284,0
542,60,4,5561,1,63,0
543,61,2,2346,0,1001,0
544,61,4,5548,1,64,0
545,61,4,5512,1,70,0
546,61,4,5411,1,107,0
547,61,4,5578,1,55,0
548,61,4,5276,1,142,0
549,61,4,5556,1,61,0
550,61,4,5449,1,108,0
551,61,4,5262,1,144,0
552,61,4,5508,1,91,0
553,61,4,5541,1,60,0
554,61,4,5569,1,56,0
555,61,4,5564,1,58,0
556,61,4,5294,1,147,0
557,61,4,5289,1,121,0
558,61,4,4703,1,512,0
559,61,4,5258,1,155,0
560,61,4,5500,1,73,0
561,61,4,5297,1,122,0
562,61,4,5551,1,62,0
563,61,4,5485,1,81,0
564,61,4,5518,1,69,0
565,61,4,5456,1,93,0
566,61,4,5408,1,93,0
567,62,4,5480,1,73,0
568,62,4,4861,1,233,0
569,62,4,5171,1,156,0
570,62,4,5447,1,89,0
571,62,4,5298,1,121,0
572,62,4,5387,1,98,0
573,62,4,5017,1,223,0
574,62,2,2326,0,1001,0
575,62,4,5584,1,57,0
576,62,4,5321,1,114,0
577,62,4,5391,1,97,0
578,62,4,5435,1,88,0
579,62,4,5171,1,151,0
580,62,4,5493,1,71,0
581,62,4,5071,1,185,0
582,62,4,5515,1,69,0
583,62,4,5432,1,87,0
584,62,4,5564,1,58,0
585,62,4,5171,1,165,0
586,63,4,5489,1,74,0
587,63,4,5185,1,153,0
588,63,4,5240,1,144,0
589,63,4,5400,1,96,0
590,63,4,5157,1,158,0
591,63,4,5037,1,193,0
592,63,4,5592,1,53,0
593,63,4,5180,1,155,0
594,63,4,5548,1,64,0
595,63,4,5453,1,89,0
596,63,4,4553,1,318,0
597,63,4,5371,1,104,0
598,63,4,5172,1,151,0
599,63,4,5589,1,53,0
600,63,4,5609,1,47,1
601,63,4,5490,1,74,0
602,63,4,5556,1,59,0
603,63,4,5543,1,67,0
604,63,4,5545,1,67,0
605,63,2,2065,0,1001,0
606,64,4,5386,1,118,0
607,64,4,5200,1,209,0
608,64,4,5501,1,76,0
609,64,4,4934,1,238,0
610,64,4,5360,1,110,0
611,64,4,5555,1,60,0
612,64,2,2294,0,1001,0
613,64,4,5545,1,62,0
614,64,4,5505,1,73,0
615,64,4,5479,1,85,0
616,64,4,4607,1,319,0
617,64,4,5383,1,112,0
618,64,4,5373,1,118,0
619,64,4,5134,1,164,0
620,64,4,5544,1,63,0
621,64,4,5396,1,100,0
622,65,2,2313,0,1001,0
623,65,4,5234,1,122,0
624,65,4,4975,1,201,0
625,65,4,5484,1,76,0
626,65,4,5330,1,112,0
627,65,4,5378,1,102,0
628,65,4,5531,1,67,0
629,65,4,4387,1,335,0
630,65,4,5556,1,58,0
631,65,4,5140,1,167,0
632,65,4,5480,1,85,0
633,65,4,5336,1,106,0
634,66,2,2339,0,1001,0
635,66,4,5097,1,202,0
636,66,4,5131,1,207,0
637,66,4,5387,1,104,0
638,66,4,5445,1,93,0
639,66,4,5028,1,220,0
640,66,4,5578,1,53,0
641,66,4,5553,1,63,0
642,66,4,4773,1,283,0
643,66,4,5458,1,90,0
644,66,4,5478,1,81,0
645,66,4,4837,1,277,0
646,66,4,5557,1,58,0
647,66,4,5122,1,161,0
648,66,2,2337,0,1001,0
649,66,4,5497,1,77,0
650,66,4,5501,1,76,0
651,67,4,5512,1,69,0
652,67,4,5533,1,67,0
653,67,4,5519,1,83,0
654,67,4,5539,1,64,0
655,67,4,5405,1,86,0
656,67,4,5109,1,169,0
657,67,4,5260,1,129,0
658,67,4,5551,1,60,0
659,67,4,5533,1,66,0
660,67,4,5318,1,118,0
661,67,4,5404,1,117,0
662,67,4,4849,1,269,0
663,67,4,5475,1,88,0
664,67,4,4898,1,195,0
665,67,4,5428,1,119,0
666,67,4,5460,1,98,0
667,67,4,5198,1,145,0
668,67,4,5387,1,114,0
669,67,4,5502,1,75,0
670,67,4,4436,1,369,0
671,67,4,5338,1,107,0
672,67,4,5517,1,73,0
673,67,4,5497,1,75,0
674,67,4,4886,1,231,0
675,67,4,5527,1,73,0
676,67,4,5463,1,90,0
677,68,4,5477,1,82,0
678,68,4,5021,1,205,0
679,68,4,5523,1,69,0
680,68,4,5522,1,72,0
681,68,4,5314,1,122,0
682,68,4,4993,1,215,0
683,68,4,5069,1,216,0
684,68,4,5323,1,135,0
685,68,4,5155,1,161,0
686,68,4,5433,1,93,0
687,68,4,5166,1,166,0
688,68,4,5441,1,90,0
689,68,4,5510,1,71,0
690,68,4,5395,1,98,0
691,68,4,5423,1,99,0
692,68,4,5419,1,122,0
693,68,4,5460,1,88,0
694,68,4,5226,1,156,0
695,68,4,5435,1,94,0
696,68,4,5416,1,106,0
697,68,4,5075,1,219,0
698,68,4,5300,1,129,0
699,68,4,4973,1,218,0
700,69,1,1184,0,1001,1
701,69,4,5489,1,78,0
702,69,4,5182,1,174,0
703,69,4,5346,1,118,0
704,69,4,5256,1,141,0
705,69,4,5330,1,123,0
706,69,4,5348,1,115,0
707,69,4,5352,1,116,0
708,69,4,4124,1,675,0
709,69,4,5182,1,172,0
710,69,4,5427,1,99,0
711,69,4,5400,1,97,0
712,69,4,5182,1,153,0
713,69,4,4898,1,249,0
714,70,4,5315,1,118,0
715,70,4,5500,1,76,0
716,70,4,5360,1,113,0
717,70,4,5483,1,87,0
718,70,4,4151,1,494,0
719,70,4,5575,1,58,0
720,70,4,5326,1,136,0
721,70,4,5519,1,73,0
722,70,4,5497,1,79,0
723,70,4,5191,1,154,0
724,70,4,5111,1,220,0
725,70,4,5376,1,128,0
726,70,4,5334,1,139,0
727,70,4,5311,1,135,0
728,70,4,5230,1,153,0
729,70,4,5356,1,119,0
730,70,4,5268,1,136,0
731,70,4,5034,1,199,0
732,70,4,5488,1,78,0
733,70,4,5439,1,101,0
734,70,4,5516,1,83,0
735,70,4,5464,1,85,0
736,70,4,5357,1,126,0
737,71,4,5401,1,113,0
738,71,4,5467,1,86,0
739,71,4,5293,1,122,0
740,71,4,5504,1,74,0
741,71,2,2335,0,1001,0
742,71,4,5406,1,109,0
743,71,4,5250,1,133,0
744,71,4,5282,1,137,0
745,71,4,5097,1,192,0
746,71,2,2338,0,1001,0
747,71,4,5267,1,137,0
748,72,4,5153,1,149,0
749,72,4,5166,1,165,0
750,72,4,5318,1,135,0
751,72,4,5463,1,78,0
752,72,4,5516,1,70,0
753,72,4,5498,1,78,0
754,72,4,5503,1,72,0
755,72,4,5574,1,57,0
756,72,4,5342,1,111,0
757,72,4,5464,1,81,0
758,72,2,2332,0,1001,0
759,72,4,4968,1,236,0
760,72,4,5565,1,59,0
761,72,4,5478,1,92,0
762,72,4,5112,1,202,0
763,73,2,2315,0,1001,0
764,73,4,4838,1,304,0
765,73,4,4329,1,357,0
766,73,4,5418,1,111,0
767,73,4,5364,1,104,0
768,73,4,5322,1,150,0
769,73,4,5456,1,108,0
770,73,4,5395,1,104,0
771,73,4,5248,1,143,0
772,73,4,5347,1,113,0
773,73,4,5230,1,191,0
774,73,4,5568,1,59,0
775,73,4,5448,1,87,0
776,73,4,5420,1,92,0
777,73,4,5072,1,177,0
778,73,4,5557,1,62,0
779,73,4,5476,1,78,0
780,73,4,4815,1,257,0
781,73,4,5365,1,106,0
782,73,4,5462,1,82,0
783,74,4,5314,1,126,0
784,74,4,5516,1,72,0
785,74,4,5492,1,75,0
786,74,4,5294,1,121,0
787,74,4,5441,1,93,0
788,74,4,5490,1,91,0
789,74,4,4913,1,214,0
790,74,4,5548,1,62,0
791,74,4,5441,1,90,0
792,74,4,5168,1,155,0
793,74,4,5436,1,90,0
794,74,4,5351,1,114,0
795,74,4,5279,1,132,0
796,74,4,5450,1,88,0
797,74,4,5265,1,134,0
798,74,2,2346,0,1001,0
799,74,4,5398,1,96,0
800,75,0,0,0,1001,1
801,75,4,5233,1,133,0
802,75,4,5377,1,114,0
803,75,4,5461,1,81,0
804,75,4,5135,1,148,0
805,75,4,4746,1,237,0
806,75,4,5159,1,143,0
807,75,4,5406,1,91,0
808,75,4,5147,1,170,0
809,75,4,5255,1,135,0
810,75,4,5114,1,166,0
811,75,4,4702,1,317,0
812,76,2,2062,0,1001,0
813,76,4,5063,1,231,0
814,76,4,5080,1,182,0
815,76,4,5398,1,96,0
816,76,4,5013,1,207,0
817,76,4,5399,1,98,0
818,76,4,5509,1,73,0
819,76,4,5524,1,67,0
820,76,4,5516,1,70,0
821,76,4,5443,1,94,0
822,76,4,5405,1,97,0
823,76,4,5427,1,89,0
824,76,4,5508,1,71,0
825,76,2,2110,0,1001,0
826,76,4,5274,1,126,0
827,76,4,4970,1,234,0
828,76,4,5505,1,77,0
829,76,4,5066,1,180,0
830,77,4,5504,1,71,0
831,77,4,5419,1,94,0
832,77,4,5312,1,124,0
833,77,4,5401,1,98,0
834,77,4,4627,1,288,0
835,77,4,5505,1,71,0
836,77,4,5350,1,107,0
837,77,4,5482,1,81,0
838,77,4,5480,1,78,0
839,77,3,3397,0,1001,0
840,77,4,5448,1,117,0
841,77,4,5501,1,76,0
842,77,4,5468,1,89,0
843,77,4,5556,1,63,0
844,77,4,5542,1,67,0
845,77,4,5482,1,93,0
846,77,4,5372,1,102,0
847,77,4,5325,1,126,0
848,77,4,4999,1,198,0
849,77,4,5400,1,101,0
850,77,4,5529,1,65,0
851,77,4,5475,1,80,0
852,78,4,5346,1,148,0
853,78,4,5445,1,93,0
854,78,4,5412,1,95,0
855,78,4,5153,1,207,0
856,78,4,5547,1,64,0
857,78,4,5563,1,65,0
858,78,4,5306,1,121,0
859,78,4,5531,1,63,0
860,78,4,5258,1,130,0
861,78,4,5419,1,103,0
862,78,4,5524,1,68,0
863,78,4,5429,1,86,0
864,78,4,5259,1,142,0
865,78,4,5443,1,83,0
866,78,4,5362,1,107,0
867,78,4,5406,1,94,0
868,78,4,5287,1,128,0
869,78,4,5502,1,74,0
870,78,4,5375,1,105,0
871,78,4,5516,1,68,0
872,78,4,5295,1,150,0
873,78,4,5496,1,78,0
874,78,4,5589,1,52,0
875,78,4,5387,1,109,0
876,79,3,3004,0,1001,0
877,79,4,5340,1,117,0
878,79,4,5400,1,110,0
879,79,4,4272,1,602,0
880,79,4,5370,1,108,0
881,79,4,5499,1,76,0
882,79,4,5461,1,84,0
883,79,4,5367,1,104,0
884,79,4,5246,1,132,0
885,79,4,5416,1,101,0
886,79,4,5167,1,156,0
887,79,4,5423,1,90,0
888,79,4,5466,1,99,0
889,79,4,5498,1,72,0
890,79,4,5471,1,79,0
891,79,4,5446,1,88,0
892,79,4,5506,1,72,0
893,79,4,5456,1,78,0
894,79,4,5397,1,107,0
895,79,4,5399,1,93,0
896,79,4,5328,1,126,0
897,79,4,5568,1,58,0
898,79,4,5519,1,69,0
899,79,4,5530,1,66,0
900,80,1,1184,0,1001,1
901,80,4,4909,1,221,0
902,80,4,5565,1,58,0
903,80,4,5429,1,90,0
904,80,4,5189,1,146,0
905,80,4,5455,1,92,0
906,80,4,5582,1,56,0
907,80,4,5242,1,140,0
908,80,4,5383,1,96,0
909,80,4,5444,1,86,0
910,80,2,2331,0,1001,0
911,80,4,5530,1,68,0
912,80,4,5431,1,92,0
913,80,4,5468,1,80,0
914,81,4,5327,1,142,0
915,81,4,5508,1,75,0
916,81,4,5554,1,62,0
917,81,4,5361,1,124,0
918,81,4,5486,1,78,0
919,81,4,5532,1,68,0
920,81,4,5467,1,90,0
921,81,4,5344,1,114,0
922,81,4,5492,1,73,0
923,81,4,5365,1,115,0
924,81,4,5388,1,106,0
925,81,4,5276,1,134,0
926,81,4,5361,1,136,0
927,81,4,5494,1,78,0
928,81,4,5310,1,126,0
929,81,4,5221,1,173,0
930,81,4,5506,1,74,0
931,81,4,5215,1,153,0
932,81,4,5540,1,66,0
933,81,4,5289,1,131,0
934,81,4,5531,1,69,0
935,81,4,5363,1,129,0
936,81,4,5350,1,111,0
937,81,4,5292,1,154,0
938,81,4,5282,1,131,0
939,81,4,5455,1,83,0
940,81,4,5405,1,99,0
941,81,4,5516,1,70,0
942,81,4,5119,1,191,0
943,81,4,5453,1,85,0
944,82,4,5401,1,105,0
945,82,2,2351,0,1001,0
946,82,4,5128,1,172,0
947,82,4,5433,1,91,0
948,82,4,5563,1,61,0
949,82,4,5481,1,94,0
950,82,4,5383,1,103,0
951,82,4,5378,1,113,0
952,82,4,5446,1,102,0
953,82,4,5397,1,101,0
954,82,4,5474,1,78,0
955,82,4,5477,1,86,0
956,82,4,5469,1,82,0
957,82,4,5177,1,207,0
958,82,4,5497,1,78,0
959,82,4,5501,1,79,0
960,83,2,2348,0,1001,0
961,83,4,5382,1,106,0
962,83,4,5473,1,85,0
963,83,4,5404,1,107,0
964,83,4,5328,1,119,0
965,83,4,5521,1,74,0
966,83,4,5045,1,190,0
967,83,4,4969,1,209,0
968,83,4,5397,1,104,0
969,83,4,5466,1,79,0
970,83,4,5413,1,102,0
971,83,4,5419,1,94,0
972,83,4,5460,1,88,0
973,83,4,5449,1,88,0
974,83,4,5347,1,112,0
975,83,4,5497,1,79,0
976,83,4,5324,1,130,0
977,83,4,5219,1,154,0
978,83,4,5393,1,111,0
979,83,4,5355,1,106,0
980,83,4,5534,1,72,0
981,83,4,4693,1,325,0
982,83,4,5199,1,128,0
983,83,4,5415,1,92,0
984,84,4,4718,1,273,0
985,84,4,5539,1,68,0
986,84,4,5481,1,88,0
987,84,4,5522,1,70,0
988,84,4,5488,1,88,0
989,84,4,5466,1,90,0
990,84,4,5406,1,106,0
991,84,4,5394,1,115,0
992,84,2,2346,0,1001,0
993,84,4,5541,1,64,0
994,84,4,5475,1,85,0
995,84,4,5511,1,83,0
996,84,4,5371,1,115,0
997,84,4,5466,1,85,0
998,84,4,5414,1,103,0
999,84,4,5470,1,87,0
1000,85,2,2353,0,1001,1
1001,85,4,5460,1,94,0
1002,85,4,5535,1,63,0
1003,85,4,5506,1,77,0
1004,85,4,5549,1,62,0
1005,85,4,5524,1,73,0
1006,85,4,5536,1,67,0
1007,85,4,5461,1,85,0
1008,85,4,5467,1,83,0
1009,85,4,5455,1,109,0
1010,85,4,5258,1,143,0
1011,85,4,5481,1,87,0
1012,85,4,5254,1,141,0
1013,85,4,5458,1,87,0
1014,85,4,5504,1,77,0
1015,85,4,5547,1,66,0
1016,85,4,5472,1,88,0
1017,85,4,5335,1,123,0
1018,85,4,5068,1,169,0
1019,85,4,5317,1,115,0
1020,85,4,5179,1,155,0
1021,85,4,5419,1,96,0
1022,85,4,5441,1,95,0
1023,85,4,5516,1,72,0
1024,85,4,5464,1,89,0
1025,85,4,5397,1,102,0
1026,85,4,5503,1,77,0
1027,85,4,5523,1,72,0
1028,85,4,5077,1,181,0
1029,86,2,2343,0,1001,0
1030,86,4,5437,1,110,0
1031,86,4,5478,1,83,0
1032,86,4,4682,1,323,0
1033,86,4,5226,1,175,0
1034,86,4,5521,1,71,0
1035,86,4,5433,1,88,0
1036,86,4,5339,1,129,0
1037,86,4,4970,1,181,0
1038,86,3,3414,0,1001,0
1039,87,4,5327,1,118,0
1040,87,4,5077,1,262,0
1041,87,4,5376,1,99,0
1042,87,4,5186,1,162,0
1043,87,4,5150,1,162,0
1044,87,4,4836,1,217,0
1045,87,4,5458,1,83,0
1046,87,4,5418,1,118,0
1047,87,4,5427,1,99,0
1048,87,4,5302,1,114,0
1049,87,4,5030,1,173,0
1050,87,4,5437,1,95,0
1051,87,4,5479,1,84,0
1052,87,4,5037,1,191,0
1053,87,4,5494,1,73,0
1054,87,4,5415,1,87,0
1055,87,4,5086,1,170,0
1056,87,4,5491,1,89,0
1057,87,4,5387,1,108,0
1058,87,4,5456,1,79,0
1059,87,4,5430,1,94,0
1060,87,4,5511,1,74,0
1061,87,4,5096,1,177,0
1062,87,4,5363,1,109,0
1063,88,3,3444,0,1001,0
1064,88,4,4840,1,237,0
1065,88,4,5551,1,64,0
1066,88,4,5457,1,83,0
1067,88,4,5328,1,106,0
1068,88,4,5272,1,127,0
1069,88,4,5298,1,127,0
1070,88,4,5286,1,155,0
1071,88,4,5478,1,85,0
1072,88,4,5494,1,75,0
1073,88,4,5378,1,123,0
1074,88,4,5000,1,204,0
1075,88,4,5219,1,123,0
1076,88,4,5259,1,125,0
1077,89,2,2297,0,1001,0
1078,89,4,4866,1,260,0
1079,89,4,5458,1,85,0
1080,89,4,5574,1,62,0
1081,89,4,5438,1,96,0
1082,89,4,5366,1,119,0
1083,89,4,5425,1,101,0
1084,89,4,5563,1,61,0
1085,89,4,5325,1,124,0
1086,89,4,5412,1,93,0
1087,89,4,5425,1,92,0
1088,89,4,5560,1,61,0
1089,89,4,5450,1,92,0
1090,89,4,5354,1,111,0
1091,89,4,5424,1,97,0
1092,89,4,5444,1,96,0
1093,89,4,5486,1,85,0
1094,89,4,5476,1,83,0
1095,89,4,5348,1,109,0
1096,89,4,5527,1,75,0
1097,89,4,5185,1,191,0
1098,89,4,5478,1,84,0
1099,89,4,5417,1,105,0
1100,90,2,2357,0,1001,1
1101,90,4,5527,1,65,0
1102,90,4,5249,1,148,0
1103,90,4,5405,1,88,0
1104,90,4,5471,1,87,0
1105,90,4,5355,1,105,0
1106,90,4,5225,1,126,0
1107,90,4,5495,1,76,0
1108,90,4,5503,1,68,0
1109,90,4,5322,1,102,0
1110,90,4,5478,1,79,0
1111,90,4,5448,1,79,0
1112,90,4,5497,1,79,0
1113,90,4,5248,1,161,0
1114,90,4,5457,1,97,0
1115,90,4,5468,1,89,0
1116,90,4,5539,1,68,0
1117,90,4,5532,1,69,0
1118,90,4,5495,1,75,0
1119,90,4,5544,1,66,0
1120,90,4,5248,1,165,0
1121,90,4,5558,1,60,0
1122,90,4,5371,1,110,0
1123,90,4,5437,1,98,0
1124,90,4,5528,1,66,0
1125,90,4,5446,1,94,0
1126,90,4,5401,1,120,0
1127,90,4,5128,1,210,0
1128,90,4,5321,1,130,0
1129,91,4,5451,1,100,0
1130,91,4,5569,1,61,0
1131,91,4,5492,1,85,0
1132,91,4,5516,1,71,0
1133,91,4,5361,1,111,0
1134,91,4,5494,1,80,0
1135,91,4,5433,1,105,0
1136,91,4,5426,1,104,0
1137,91,4,5356,1,126,0
1138,91,4,5497,1,79,0
1139,91,4,5580,1,56,0
1140,91,4,5305,1,137,0
1141,91,4,5482,1,81,0
1142,91,4,5420,1,116,0
1143,91,4,5522,1,73,0
1144,91,4,5427,1,98,0
1145,91,4,5473,1,88,0
1146,91,4,5550,1,65,0
1147,91,4,5521,1,70,0
1148,91,2,2337,0,1001,0
1149,91,4,5306,1,116,0
1150,91,4,5552,1,62,0
1151,91,4,5012,1,203,0
1152,91,4,5570,1,58,0
1153,92,4,5539,1,67,0
1154,92,4,5187,1,166,0
1155,92,4,5256,1,156,0
1156,92,4,5565,1,59,0
1157,92,4,5478,1,84,0
1158,92,4,5302,1,134,0
1159,92,3,3483,0,1001,0
1160,92,4,5470,1,92,0
1161,92,4,5540,1,69,0
1162,92,4,5235,1,171,0
1163,92,4,5421,1,94,0
1164,92,4,5411,1,114,0
1165,92,4,5113,1,217,0
1166,92,4,5291,1,132,0
1167,92,4,5100,1,206,0
1168,92,4,5308,1,146,0
1169,92,4,5422,1,105,0
1170,93,4,5150,1,211,0
1171,93,4,5460,1,91,0
1172,93,4,5336,1,149,0
1173,93,4,5539,1,77,0
1174,93,4,5270,1,162,0
1175,93,4,5473,1,81,0
1176,93,4,5504,1,74,0
1177,93,4,5461,1,87,0
1178,93,4,5519,1,72,0
1179,93,4,5471,1,86,0
1180,93,4,5506,1,92,0
1181,93,4,5488,1,82,0
1182,93,4,5537,1,70,0
1183,93,4,5452,1,92,0
1184,93,4,5340,1,133,0
1185,93,4,5483,1,98,0
1186,93,4,5366,1,122,0
1187,93,4,5419,1,97,0
1188,93,4,5382,1,115,0
1189,93,4,5265,1,162,0
1190,93,4,5241,1,161,0
1191,93,4,4960,1,264,0
1192,93,4,5443,1,93,0
1193,93,4,5459,1,92,0
1194,93,4,5543,1,66,0
1195,93,4,5520,1,75,0
1196,93,4,5440,1,95,0
1197,93,4,5429,1,103,0
1198,93,4,5166,1,179,0
1199,94,4,5203,1,158,0
1200,94,1,1284,0,1001,1
1201,94,4,5397,1,103,0
1202,94,3,3201,0,1001,0
1203,94,4,5547,1,61,0
1204,94,4,5507,1,71,0
1205,94,4,4535,1,328,0
1206,94,4,5330,1,128,0
1207,94,4,5395,1,107,0
1208,94,4,5529,1,68,0
1209,94,4,5114,1,199,0
1210,95,4,5300,1,120,0
1211,95,4,4623,1,380,0
1212,95,4,5352,1,116,0
1213,95,4,5456,1,85,0
1214,95,4,5551,1,63,0
1215,95,4,5495,1,78,0
1216,95,4,5368,1,105,0
1217,95,4,5541,1,67,0
1218,95,4,5529,1,67,0
1219,95,4,5280,1,123,0
1220,95,4,5497,1,76,0
1221,95,4,5187,1,192,0
1222,95,4,5230,1,140,0
1223,95,2,2274,0,1001,0
1224,95,4,5545,1,64,0
1225,96,2,2258,0,1001,0
1226,96,4,5230,1,139,0
1227,96,4,5302,1,128,0
1228,96,4,5308,1,125,0
1229,96,4,5294,1,131,0
1230,96,4,5572,1,56,0
1231,96,4,5428,1,92,0
1232,96,4,5337,1,115,0
1233,96,4,5545,1,64,0
1234,96,4,5253,1,146,0
1235,96,3,3430,0,1001,0
1236,96,4,5192,1,176,0
1237,96,4,5407,1,115,0
1238,96,4,4916,1,284,0
1239,97,4,5392,1,103,0
1240,97,4,4947,1,261,0
1241,97,4,5415,1,106,0
1242,97,4,5429,1,96,0
1243,97,4,5441,1,95,0
1244,97,4,5598,1,51,0
1245,97,4,5242,1,137,0
1246,97,4,4742,1,269,0
1247,97,4,4898,1,286,0
1248,97,4,5406,1,103,0
1249,97,4,5404,1,101,0
1250,97,4,5221,1,156,0
1251,97,4,5295,1,142,0
1252,97,4,5529,1,75,0
1253,97,2,2255,0,1001,0
1254,97,4,5335,1,136,0
1255,98,4,4783,1,340,0
1256,98,4,5091,1,207,0
1257,98,4,5246,1,143,0
1258,98,4,5298,1,140,0
1259,98,4,5423,1,94,0
1260,98,4,4698,1,271,0
1261,98,4,5135,1,180,0
1262,98,4,5318,1,139,0
1263,98,2,2250,0,1001,0
1264,98,4,5468,1,92,0
1265,98,4,5399,1,129,0
1266,98,4,5429,1,92,0
1267,98,4,5329,1,111,0
1268,98,4,5421,1,100,0
1269,98,4,5306,1,137,0
1270,99,4,5038,1,229,0
1271,99,4,5296,1,133,0
1272,99,4,5392,1,99,0
1273,99,4,4449,1,375,0
1274,99,4,5532,1,67,0
1275,99,4,4957,1,213,0
1276,99,4,5574,1,57,0
1277,99,4,5488,1,79,0
1278,99,4,5402,1,99,0
1279,99,4,5478,1,79,0
1280,99,4,5333,1,112,0
1281,99,4,5131,1,167,0
1282,99,4,5319,1,124,0
1283,99,4,5561,1,62,0
1284,99,4,5318,1,122,0
1285,99,4,5223,1,141,0
1286,99,4,5483,1,82,0
1287,99,4,5428,1,92,0
1288,99,4,5355,1,109,0
1289,99,4,5322,1,122,0
1290,99,4,5247,1,135,0
1291,100,2,2348,0,1001,0
1292,100,4,5330,1,116,0
1293,100,4,5402,1,95,0
1294,100,4,5408,1,94,0
1295,100,4,5338,1,114,0
1296,100,4,5374,1,109,0
1297,100,4,5323,1,119,0
1298,100,4,5451,1,83,0
1299,100,4,5339,1,114,0
1300,100,1,1284,0,1001,1
1301,100,4,4773,1,281,0
1302,100,4,5371,1,120,0
1303,100,4,5420,1,93,0
1304,100,4,5343,1,107,0
1305,100,4,5463,1,80,0
1306,100,4,4920,1,194,0
1307,101,4,5338,1,116,0
1308,101,4,5492,1,78,0
1309,101,4,5539,1,61,0
1310,101,4,5131,1,189,0
1311,101,4,5306,1,136,0
1312,101,4,4803,1,209,0
1313,101,4,5450,1,87,0
1314,101,4,5556,1,59,0
1315,101,4,5386,1,100,0
1316,101,4,5189,1,154,0
1317,101,4,5457,1,85,0
1318,101,4,4976,1,205,0
1319,101,4,5244,1,134,0
1320,101,4,4842,1,246,0
1321,101,4,5448,1,83,0
1322,101,4,5189,1,149,0
1323,101,4,5552,1,63,0
1324,101,4,5166,1,152,0
1325,101,4,5057,1,183,0
1326,101,4,5382,1,104,0
1327,101,4,5345,1,111,0
1328,101,4,5067,1,184,0
1329,101,4,5436,1,89,0
1330,101,4,5302,1,122,0
1331,102,4,5331,1,113,0
1332,102,4,5167,1,178,0
1333,102,4,5346,1,107,0
1334,102,4,5225,1,167,0
1335,102,4,5272,1,125,0
1336,102,4,5298,1,121,0
1337,102,4,5368,1,105,0
1338,102,4,4878,1,233,0
1339,102,4,5146,1,144,0
1340,102,4,5489,1,76,0
1341,102,4,5515,1,76,0
1342,102,4,5186,1,150,0
1343,102,4,5202,1,146,0
1344,102,4,5469,1,79,0
1345,102,4,4974,1,208,0
1346,102,4,5416,1,93,0
1347,102,4,5552,1,59,0
1348,102,4,5558,1,60,0
1349,102,4,5012,1,198,0
1350,102,4,5466,1,85,0
1351,102,4,5526,1,65,0
1352,102,4,5276,1,127,0
1353,103,3,3383,0,1001,0
1354,103,4,5446,1,88,0
1355,103,4,5190,1,167,0
1356,103,4,5202,1,153,0
1357,103,4,5461,1,92,0
1358,103,4,5456,1,81,0
1359,103,4,5401,1,96,0
1360,103,4,5034,1,186,0
1361,103,4,5468,1,82,0
1362,103,4,5408,1,100,0
1363,103,4,5506,1,74,0
1364,103,4,5031,1,196,0
1365,103,2,2185,0,1001,0
1366,103,4,5375,1,103,0
1367,103,4,5504,1,73,0
1368,104,4,4980,1,210,0
1369,104,4,4839,1,239,0
1370,104,4,5431,1,92,0
1371,104,4,5411,1,110,0
1372,104,4,5609,1,48,0
1373,104,4,5578,1,54,0
1374,104,4,5085,1,195,0
1375,104,4,5327,1,122,0
1376,104,4,5289,1,127,0
1377,104,4,5181,1,153,0
1378,104,4,5095,1,190,0
1379,104,4,4955,1,243,0
1380,104,4,5565,1,65,0
1381,104,4,5512,1,71,0
1382,104,4,5479,1,81,0
1383,104,4,5513,1,73,0
1384,104,4,5209,1,151,0
1385,104,2,2155,0,1001,0
1386,105,4,4750,1,248,0
1387,105,4,5040,1,186,0
1388,105,4,5329,1,115,0
1389,105,4,5055,1,183,0
1390,105,4,5560,1,60,0
1391,105,4,5188,1,167,0
1392,105,4,5203,1,160,0
1393,105,4,5508,1,72,0
1394,105,4,5369,1,134,0
1395,105,4,5457,1,87,0
1396,105,4,5550,1,62,0
1397,105,4,5432,1,95,0
1398,105,4,5486,1,99,0
1399,105,4,5452,1,86,0
1400,105,1,1284,0,1001,1
1401,105,4,5237,1,140,0
1402,105,4,5349,1,114,0
1403,105,4,5491,1,79,0
1404,105,4,5550,1,64,0
1405,106,4,4927,1,218,0
1406,106,4,5587,1,53,0
1407,106,4,5503,1,72,0
1408,106,4,5535,1,66,0
1409,106,4,5605,1,48,0
1410,106,4,5312,1,117,0
1411,106,4,5126,1,166,0
1412,106,2,2213,0,1001,0
1413,106,4,5315,1,119,0
1414,106,4,5191,1,148,0
1415,106,2,2298,0,1001,0
1416,106,4,5541,1,65,0
1417,106,4,5283,1,128,0
1418,107,2,2278,0,1001,0
1419,107,4,5412,1,94,0
1420,107,4,5377,1,110,0
1421,107,2,2327,0,1001,0
1422,107,4,5546,1,62,0
1423,107,4,5492,1,84,0
1424,107,4,5413,1,93,0
1425,107,4,5214,1,144,0
1426,107,4,5483,1,77,0
1427,107,4,5451,1,85,0
1428,107,4,5424,1,97,0
1429,107,4,5525,1,69,0
1430,107,4,5019,1,196,0
1431,108,4,5302,1,122,0
1432,108,4,5506,1,74,0
1433,108,4,5294,1,119,0
1434,108,2,2351,0,1001,0
1435,108,4,5340,1,111,0
1436,108,4,5185,1,155,0
1437,108,4,4884,1,250,0
1438,108,2,2256,0,1001,0
1439,108,4,5492,1,103,0
1440,109,4,4873,1,286,0
1441,109,4,4695,1,283,0
1442,109,4,5214,1,187,0
1443,109,4,5171,1,151,0
1444,109,4,5147,1,161,0
1445,109,4,4982,1,216,0
1446,109,4,5034,1,201,0
1447,109,4,5498,1,92,0
1448,109,4,5327,1,116,0
1449,109,4,5036,1,195,0
1450,109,2,2344,0,1001,0
1451,109,4,5331,1,130,0
1452,109,4,5460,1,79,0
1453,109,4,5320,1,117,0
1454,110,4,4818,1,248,0
1455,110,4,5450,1,84,0
1456,110,3,3425,0,1001,0
1457,110,4,4648,1,315,0
1458,110,4,4910,1,272,0
1459,110,4,5416,1,92,0
1460,110,4,5408,1,98,0
1461,110,4,5365,1,109,0
1462,110,4,5270,1,140,0
1463,110,4,5408,1,96,0
1464,110,4,5267,1,142,0
1465,110,4,5227,1,177,0
1466,110,4,5546,1,75,0
1467,110,4,5338,1,153,0
1468,110,4,5243,1,137,0
1469,110,4,5464,1,83,0
1470,110,4,5465,1,83,0
1471,111,4,5359,1,110,0
1472,111,2,2296,0,1001,0
1473,111,4,5444,1,85,0
1474,111,4,5461,1,100,0
1475,111,4,4723,1,369,0
1476,111,4,5470,1,80,0
1477,111,4,5553,1,62,0
1478,111,2,2303,0,1001,0
1479,111,4,5160,1,157,0
1480,111,4,5473,1,81,0
1481,111,4,5492,1,77,0
1482,112,4,5346,1,126,0
1483,112,4,5122,1,162,0
1484,112,4,5580,1,58,0
1485,112,4,5512,1,70,0
1486,112,4,5293,1,124,0
1487,112,4,5439,1,120,0
1488,112,4,5407,1,98,0
1489,112,4,5428,1,93,0
1490,112,4,5545,1,64,0
1491,112,4,5559,1,59,0
1492,112,4,5600,1,49,0
1493,112,4,5388,1,99,0
1494,112,4,5585,1,52,0
1495,112,4,5530,1,79,0
1496,112,4,4461,1,465,0
1497,112,4,5414,1,94,0
1498,112,4,5548,1,64,0
1499,112,4,5308,1,118,0
1500,112,1,1284,0,1001,1
1501,113,4,4932,1,215,0
1502,113,2,2329,0,1001,0
1503,113,4,5367,1,122,0
1504,113,4,5512,1,73,0
1505,113,3,3539,0,1001,0
1506,113,4,5115,1,210,0
1507,113,4,5308,1,118,0
1508,113,4,5535,1,71,0
1509,113,4,5442,1,91,0
1510,113,4,5205,1,164,0
1511,113,4,5508,1,76,0
1512,114,4,4872,1,262,0
1513,114,4,5487,1,82,0
1514,114,3,3553,0,1001,0
1515,114,4,4984,1,251,0
1516,114,4,5163,1,215,0
1517,114,4,5412,1,97,0
1518,114,4,5499,1,76,0
1519,114,2,2299,0,1001,0
1520,114,4,5447,1,92,0
1521,115,2,2385,0,1001,0
1522,115,4,5352,1,124,0
1523,115,4,5444,1,93,0
1524,115,2,2336,0,1001,0
1525,115,2,2329,0,1001,0
1526,115,4,5299,1,125,0
1527,116,4,5125,1,203,0
1528,116,4,5459,1,94,0
1529,116,4,5537,1,69,0
1530,116,3,3306,0,1001,0
1531,116,4,5390,1,105,0
1532,116,4,5496,1,77,0
1533,116,4,5250,1,164,0
1534,116,4,5489,1,78,0
1535,116,4,5416,1,100,0
1536,116,4,5480,1,81,0
1537,116,4,5545,1,67,0
1538,116,4,5358,1,160,0
1539,116,4,5567,1,64,0
1540,116,4,5440,1,92,0
1541,117,3,3554,0,1001,0
1542,117,4,5473,1,84,0
1543,117,4,5549,1,63,0
1544,117,4,5353,1,105,0
1545,117,4,5443,1,85,0
1546,117,4,5471,1,77,0
1547,117,4,5502,1,73,0
1548,117,4,5339,1,117,0
1549,117,4,5333,1,131,0
1550,117,4,5419,1,96,0
1551,117,4,5458,1,95,0
1552,117,4,5521,1,71,0
1553,117,4,5532,1,66,0
1554,117,4,5336,1,130,0
1555,117,4,5438,1,96,0
1556,117,4,5549,1,62,0
1557,117,4,5480,1,79,0
1558,117,4,5404,1,98,0
1559,117,4,5231,1,175,0
1560,117,4,5278,1,133,0
1561,117,4,5479,1,80,0
1562,118,3,3371,0,1001,0
1563,118,4,5428,1,105,0
1564,118,4,5387,1,111,0
1565,118,4,5287,1,126,0
1566,118,4,5498,1,81,0
1567,118,4,5257,1,145,0
1568,118,4,5441,1,111,0
1569,118,4,5442,1,98,0
1570,118,4,5423,1,95,0
1571,118,4,5311,1,124,0
1572,118,4,5244,1,169,0
1573,118,4,5365,1,131,0
1574,118,4,5296,1,138,0
1575,118,4,5198,1,147,0
1576,118,4,5493,1,75,0
1577,118,4,5325,1,118,0
1578,118,4,5502,1,73,0
1579,118,3,3479,0,1001,0
1580,118,4,5414,1,107,0
1581,119,2,2257,0,1001,0
1582,119,3,3158,0,1001,0
1583,119,4,5183,1,163,0
1584,119,4,5260,1,172,0
1585,119,4,5443,1,102,0
1586,119,4,5178,1,224,0
1587,119,4,5266,1,157,0
1588,119,4,5192,1,192,0
1589,119,4,5156,1,197,0
1590,120,4,4851,1,375,0
1591,120,4,4870,1,295,0
1592,120,4,5221,1,184,0
1593,120,4,5042,1,267,0
1594,120,4,5372,1,122,0
1595,120,4,5089,1,221,0
1596,120,2,2278,0,1001,0
1597,120,4,5065,1,222,0
1598,120,4,5353,1,132,0
1599,120,4,5144,1,199,0
1600,121,1,1284,0,1001,1
1601,121,4,5164,1,274,0
1602,121,4,5443,1,117,0
1603,121,4,5496,1,77,0
1604,121,4,5483,1,84,0
1605,121,4,5345,1,136,0
1606,121,4,5529,1,63,0
1607,121,4,5338,1,115,0
1608,121,4,5154,1,161,0
1609,121,4,5523,1,67,0
1610,121,4,5155,1,167,0
1611,121,4,5555,1,68,0
1612,122,3,3584,0,1001,0
1613,122,4,5069,1,211,0
1614,122,4,5234,1,172,0
1615,122,4,5517,1,81,0
1616,122,4,5472,1,81,0
1617,122,4,5493,1,77,0
1618,122,4,5537,1,69,0
1619,122,4,5405,1,93,0
1620,122,4,5200,1,156,0
1621,122,4,5502,1,83,0
1622,122,4,5504,1,72,0
1623,122,4,5500,1,77,0
1624,122,4,5582,1,55,0
1625,122,4,5580,1,59,0
1626,122,4,5511,1,74,0
1627,122,4,5379,1,110,0
1628,122,4,5429,1,133,0
1629,122,4,5408,1,99,0
1630,122,4,5515,1,78,0
1631,122,4,5532,1,69,0
1632,122,4,5345,1,111,0
1633,122,4,5372,1,115,0
1634,122,4,5287,1,129,0
1635,122,4,5570,1,61,0
1636,122,4,5478,1,87,0
1637,123,3,3392,0,1001,0
1638,123,4,5494,1,76,0
1639,123,4,5323,1,119,0
1640,123,4,5225,1,170,0
1641,123,4,4973,1,221,0
1642,123,4,5248,1,131,0
1643,123,4,5528,1,70,0
1644,123,4,5164,1,228,0
1645,123,4,5331,1,135,0
1646,123,4,5579,1,55,0
1647,123,4,5462,1,83,0
1648,123,4,5487,1,80,0
1649,123,4,5491,1,75,0
1650,123,4,5453,1,92,0
1651,123,4,5263,1,131,0
1652,123,4,5491,1,80,0
1653,123,4,5447,1,90,0
1654,123,4,5219,1,144,0
1655,123,4,5591,1,59,0
1656,123,4,5486,1,76,0
1657,123,4,5559,1,60,0
1658,123,4,5362,1,111,0
1659,123,4,5080,1,327,0
1660,123,4,5554,1,64,0
1661,123,4,5560,1,58,0
1662,123,4,5508,1,77,0
1663,124,4,5336,1,120,0
1664,124,4,5456,1,94,0
1665,124,4,5429,1,95,0
1666,124,2,2317,0,1001,0
1667,124,4,5393,1,103,0
1668,124,4,5299,1,126,0
1669,124,4,5402,1,113,0
1670,124,4,5367,1,113,0
1671,124,4,5567,1,61,0
1672,124,4,5146,1,164,0
1673,124,4,5363,1,119,0
1674,124,4,5332,1,122,0
1675,124,4,4646,1,319,0
1676,125,3,3372,0,1001,0
1677,125,4,5494,1,76,0
1678,125,3,3595,0,1001,0
1679,125,4,5502,1,73,0
1680,125,4,5384,1,105,0
1681,125,2,2314,0,1001,0
1682,125,4,5246,1,139,0
1683,125,4,5529,1,74,0
1684,125,4,5501,1,77,0
1685,125,4,5425,1,102,0
1686,125,4,5455,1,88,0
1687,126,3,3465,0,1001,0
1688,126,3,3517,0,1001,0
1689,126,4,5518,1,70,0
1690,126,4,5484,1,86,0
1691,126,4,5357,1,123,0
1692,126,4,5533,1,78,0
1693,126,4,5483,1,92,0
1694,127,3,3624,0,1001,0
1695,127,4,5324,1,121,0
1696,127,3,3519,0,1001,0
1697,127,4,5467,1,100,0
1698,127,4,5343,1,114,0
1699,127,4,5459,1,81,0
1700,127,1,1284,0,1001,1
1701,127,4,5073,1,197,0
1702,127,4,5567,1,62,0
1703,127,4,5391,1,106,0
1704,128,4,5348,1,109,0
1705,128,4,5493,1,92,0
1706,128,4,5456,1,87,0
1707,128,4,5166,1,159,0
1708,128,4,5454,1,87,0
1709,128,4,5494,1,81,0
1710,128,4,5568,1,61,0
1711,128,4,5498,1,80,0
1712,128,2,2312,0,1001,0
1713,128,4,5433,1,99,0
1714,128,4,5071,1,194,0
1715,128,4,5310,1,172,0
1716,129,3,3449,0,1001,0
1717,129,4,5291,1,127,0
1718,129,4,5426,1,98,0
1719,129,3,3533,0,1001,0
1720,129,4,5241,1,143,0
1721,129,4,5141,1,165,0
1722,129,4,5585,1,53,0
1723,129,2,2342,0,1001,0
1724,129,4,5527,1,70,0
1725,129,4,5545,1,73,0
1726,129,4,5391,1,138,0
1727,130,4,5113,1,199,0
1728,130,4,5223,1,149,0
1729,130,4,5153,1,161,0
1730,130,4,5165,1,166,0
1731,130,4,5506,1,86,0
1732,130,3,3405,0,1001,0
1733,130,4,4950,1,215,0
1734,130,4,5518,1,72,0
1735,130,4,5535,1,70,0
1736,130,3,3354,0,1001,0
1737,130,4,5247,1,135,0
1738,131,4,5436,1,92,0
1739,131,4,5566,1,61,0
1740,131,4,5291,1,127,0
1741,131,4,5343,1,115,0
1742,131,3,3263,0,1001,0
1743,131,4,5132,1,234,0
1744,131,2,2233,0,1001,0
1745,132,3,3597,0,1001,0
1746,132,4,4402,1,412,0
1747,132,4,5548,1,70,0
1748,132,4,5427,1,123,0
1749,132,4,5489,1,77,0
1750,132,4,5204,1,179,0
1751,132,4,5505,1,94,0
1752,132,4,5270,1,163,0
1753,132,4,4933,1,266,0
1754,132,4,4871,1,241,0
1755,132,4,5358,1,109,0
1756,132,4,4763,1,284,0
1757,132,4,5095,1,208,0
1758,132,4,5166,1,164,0
1759,132,4,5045,1,191,0
1760,133,4,4723,1,287,0
1761,133,4,5190,1,208,0
1762,133,4,4845,1,289,0
1763,133,4,4823,1,227,0
1764,133,4,5130,1,182,0
1765,133,4,5398,1,112,0
1766,133,4,5406,1,103,0
1767,133,4,5180,1,158,0
1768,133,4,5122,1,216,0
1769,133,4,5189,1,185,0
1770,133,4,5582,1,58,0
1771,133,2,2318,0,1001,0
1772,133,4,5327,1,133,0
1773,134,4,5392,1,137,0
1774,134,4,5285,1,135,0
1775,134,4,5163,1,164,0
1776,134,4,5508,1,81,0
1777,134,4,5331,1,129,0
1778,134,4,5241,1,138,0
1779,134,4,5511,1,86,0
1780,134,4,5456,1,104,0
1781,134,4,5539,1,75,0
1782,134,4,5183,1,138,0
1783,134,4,5542,1,65,0
1784,134,4,5508,1,82,0
1785,134,4,5381,1,114,0
1786,134,4,5119,1,175,0
1787,134,4,5339,1,133,0
1788,134,4,5466,1,96,0
1789,134,4,5451,1,99,0
1790,134,4,5417,1,95,0
1791,134,4,5395,1,107,0
1792,134,4,5371,1,114,0
1793,134,4,5244,1,138,0
1794,134,4,5427,1,106,0
1795,134,4,5452,1,91,0
1796,134,4,5464,1,96,0
1797,134,4,5281,1,130,0
1798,134,4,5173,1,184,0
1799,135,4,4509,1,502,0
1800,135,0,0,0,1001,1
1801,135,4,5614,1,52,0
1802,135,4,5544,1,66,0
1803,135,4,5197,1,135,0
1804,135,4,5239,1,131,0
1805,135,4,5290,1,135,0
1806,135,4,5508,1,108,0
1807,135,4,5329,1,115,0
1808,135,4,5533,1,77,0
1809,135,4,5419,1,102,0
1810,136,2,2320,0,1001,0
1811,136,4,5280,1,132,0
1812,136,4,5112,1,168,0
1813,136,4,5230,1,144,0
1814,136,4,4858,1,260,0
1815,136,4,5396,1,107,0
1816,136,4,4314,1,459,0
1817,136,4,4172,1,784,0
1818,136,4,5233,1,124,0
1819,136,4,4333,1,421,0
1820,136,4,5352,1,116,0
1821,136,4,5415,1,112,0
1822,137,4,4999,1,213,0
1823,137,3,3449,0,1001,0
1824,137,4,5331,1,119,0
1825,137,4,5189,1,191,0
1826,137,4,5375,1,111,0
1827,137,3,3412,0,1001,0
1828,137,4,4934,1,204,0
1829,137,4,5395,1,105,0
1830,137,4,4821,1,347,0
1831,138,4,5289,1,129,0
1832,138,4,5354,1,113,0
1833,138,4,5181,1,195,0
1834,138,4,5291,1,139,0
1835,138,4,5546,1,64,0
1836,138,4,5234,1,148,0
1837,138,4,5206,1,139,0
1838,138,4,5184,1,180,0
1839,138,4,5078,1,174,0
1840,138,4,5408,1,109,0
1841,138,4,4926,1,276,0
1842,138,4,5340,1,119,0
1843,138,4,4808,1,302,0
1844,138,4,5095,1,203,0
1845,138,4,5115,1,249,0
1846,138,4,5428,1,91,0
1847,138,4,5489,1,82,0
1848,138,4,5207,1,176,0
1849,138,4,5339,1,125,0
1850,139,4,4895,1,267,0
1851,139,4,5205,1,152,0
1852,139,4,4861,1,246,0
1853,139,2,2305,0,1001,0
1854,139,4,5418,1,88,0
1855,139,4,5073,1,219,0
1856,139,4,5161,1,209,0
1857,139,4,5278,1,135,0
1858,139,4,5147,1,152,0
1859,139,4,4634,1,316,0
1860,139,4,4807,1,261,0
1861,139,4,5246,1,212,0
1862,140,4,5108,1,174,0
1863,140,4,4980,1,179,0
1864,140,4,5252,1,118,0
1865,140,4,5185,1,171,0
1866,140,4,5320,1,120,0
1867,140,4,5301,1,130,0
1868,140,4,4883,1,316,0
1869,140,4,5162,1,188,0
1870,140,4,5410,1,102,0
1871,140,4,4908,1,271,0
1872,140,4,5074,1,214,0
1873,140,4,5533,1,83,0
1874,140,4,5347,1,114,0
1875,141,3,3361,0,1001,0
1876,141,4,4192,1,439,0
1877,141,4,5131,1,172,0
1878,141,4,5015,1,199,0
1879,141,4,5084,1,204,0
1880,141,4,5210,1,167,0
1881,141,4,5282,1,165,0
1882,141,4,5422,1,89,0
1883,141,4,5210,1,149,0
1884,141,4,5339,1,140,0
1885,141,2,2315,0,1001,0
1886,141,4,5084,1,173,0
1887,141,4,5321,1,135,0
1888,142,2,2118,0,1001,0
1889,142,4,4746,1,251,0
1890,142,4,4450,1,367,0
1891,142,4,5334,1,114,0
1892,142,4,5299,1,140,0
1893,142,4,4976,1,207,0
1894,142,4,5392,1,120,0
1895,142,4,5053,1,185,0
1896,142,4,5420,1,112,0
1897,142,4,5130,1,164,0
1898,142,4,5284,1,130,0
1899,142,4,5264,1,134,0
1900,143,0,0,0,1001,1
1901,143,4,4641,1,284,0
1902,143,4,4582,1,321,0
1903,143,4,4941,1,219,0
1904,143,4,5121,1,192,0
1905,143,4,5410,1,93,0
1906,143,4,5514,1,70,0
1907,143,4,5252,1,163,0
1908,143,4,5460,1,99,0
1909,143,4,4674,1,311,0
1910,143,4,4696,1,310,0
1911,143,4,4596,1,334,0
1912,144,4,5187,1,195,0
1913,144,1,1128,0,1001,0
1914,144,4,5028,1,224,0
1915,144,4,4406,1,338,0
1916,144,4,4151,1,437,0
1917,144,4,5468,1,81,0
1918,144,4,5176,1,148,0
1919,145,3,2947,0,1001,0
1920,145,4,4905,1,194,0
1921,145,4,4586,1,307,0
1922,145,4,5318,1,121,0
1923,145,4,5300,1,118,0
1924,145,4,5529,1,87,0
1925,145,4,4642,1,349,0
1926,145,4,5224,1,142,0
1927,145,4,5376,1,100,0
1928,145,4,5141,1,181,0
1929,145,4,4287,1,355,0
1930,145,4,5112,1,169,0
1931,145,4,5455,1,86,0
1932,145,4,5109,1,183,0
1933,145,4,5120,1,195,0
1934,145,4,5222,1,141,0
1935,146,4,4743,1,265,0
1936,146,4,5348,1,100,0
1937,146,4,5300,1,116,0
1938,146,4,5458,1,88,0
1939,146,4,5287,1,122,0
1940,146,4,5129,1,181,0
1941,146,4,4810,1,439,0
1942,146,4,4897,1,211,0
1943,146,4,4805,1,251,0
1944,146,4,4675,1,280,0
1945,146,4,4947,1,238,0
1946,146,4,5452,1,84,0
1947,146,4,5334,1,124,0
1948,146,4,4792,1,255,0
1949,146,4,5248,1,133,0
1950,146,4,4945,1,206,0
1951,147,4,5036,1,182,0
1952,147,4,5295,1,123,0
1953,147,4,5410,1,90,0
1954,147,4,5414,1,96,0
1955,147,4,5365,1,104,0
1956,147,4,5366,1,110,0
1957,147,4,5549,1,63,0
1958,147,4,5338,1,117,0
1959,147,4,5338,1,117,0
1960,147,4,5035,1,163,0
1961,147,4,5016,1,185,0
1962,147,4,5329,1,124,0
1963,147,4,5379,1,104,0
1964,147,4,5073,1,179,0
1965,147,4,5532,1,65,0
1966,147,4,5202,1,150,0
1967,147,4,5272,1,134,0
1968,147,3,3371,0,1001,0
1969,148,4,4756,1,283,0
1970,148,4,4308,1,551,0
1971,148,4,5095,1,194,0
1972,148,4,5409,1,94,0
1973,148,4,5396,1,105,0
1974,148,4,5351,1,142,0
1975,148,4,5201,1,138,0
1976,148,4,5436,1,89,0
1977,148,4,5162,1,138,0
1978,148,4,5552,1,63,0
1979,148,4,5304,1,124,0
1980,148,4,5561,1,62,0
1981,148,4,5143,1,156,0
1982,148,4,5461,1,84,0
1983,148,4,5336,1,116,0
1984,148,4,5237,1,178,0
1985,148,4,5341,1,109,0
1986,148,4,5323,1,121,0
1987,148,4,5122,1,157,0
1988,148,4,5463,1,84,0
1989,148,4,4999,1,214,0
1990,148,4,5340,1,102,0
1991,149,4,5267,1,125,0
1992,149,4,5311,1,115,0
1993,149,4,5404,1,101,0
1994,149,4,5213,1,129,0
1995,149,4,5045,1,220,0
1996,149,4,4926,1,225,0
1997,149,4,5154,1,140,0
1998,149,4,5406,1,103,0
1999,149,4,5460,1,87,0
2000,149,0,0,0,1001,1
2001,149,4,5268,1,122,0
2002,149,4,5138,1,156,0
2003,149,4,5505,1,74,0
2004,149,4,5332,1,119,0
2005,149,4,5264,1,120,0
2006,149,4,5503,1,78,0
2007,150,4,4604,1,300,0
2008,150,4,5003,1,216,0
2009,150,4,5393,1,103,0
2010,150,4,5400,1,113,0
2011,150,4,5525,1,72,0
2012,150,4,5518,1,79,0
2013,150,4,5098,1,155,0
2014,150,4,5425,1,84,0
2015,150,4,5376,1,107,0
2016,150,4,5370,1,101,0
2017,150,4,5539,1,71,0
2018,150,4,5173,1,150,0
2019,150,4,5334,1,115,0
2020,150,4,5197,1,162,0
2021,150,4,5082,1,179,0
2022,150,4,5476,1,76,0
2023,150,4,5103,1,153,0
2024,150,2,2224,0,1001,0
2025,150,4,5180,1,134,0
2026,151,1,1165,0,1001,0
2027,151,4,4515,1,499,0
2028,151,4,5137,1,167,0
2029,151,4,5396,1,93,0
2030,151,4,5446,1,97,0
2031,151,4,5106,1,166,0
2032,151,4,4987,1,179,0
2033,151,4,5260,1,141,0
2034,151,4,5515,1,75,0
2035,151,4,5372,1,102,0
2036,151,4,4736,1,363,0
2037,151,4,5559,1,62,0
2038,152,4,4797,1,397,0
2039,152,4,5125,1,147,0
2040,152,4,5172,1,161,0
2041,152,4,5025,1,179,0
2042,152,4,5308,1,111,0
2043,152,4,5314,1,107,0
2044,152,4,5171,1,141,0
2045,152,4,5262,1,148,0
2046,152,4,5135,1,143,0
2047,152,4,5244,1,135,0
2048,152,4,5069,1,174,0
2049,152,4,5276,1,118,0
2050,152,4,5508,1,69,0
2051,152,2,2265,0,1001,0
2052,152,4,5114,1,154,0
2053,152,4,5292,1,131,0
2054,153,4,5050,1,160,0
2055,153,4,5168,1,205,0
2056,153,4,5170,1,150,0
2057,153,4,5283,1,123,0
2058,153,4,5328,1,111,0
2059,153,2,2295,0,1001,0
2060,153,4,5423,1,91,0
2061,153,4,5307,1,132,0
2062,153,4,5310,1,110,0
2063,153,4,5276,1,133,0
2064,153,4,5416,1,92,0
2065,153,4,5337,1,116,0
2066,153,4,5384,1,97,0
2067,153,4,5030,1,215,0
2068,153,4,5433,1,86,0
2069,153,4,5195,1,138,0
2070,153,4,5201,1,136,0
2071,154,2,2245,0,1001,0
2072,154,4,5202,1,145,0
2073,154,4,5414,1,90,0
2074,154,4,5465,1,79,0
2075,154,4,5486,1,81,0
2076,154,4,5356,1,103,0
2077,154,4,5167,1,151,0
2078,154,4,5056,1,199,0
2079,154,4,5335,1,120,0
2080,154,4,4838,1,208,0
2081,154,4,5162,1,169,0
2082,154,4,5336,1,111,0
2083,154,4,5166,1,137,0
2084,154,4,5262,1,182,0
2085,154,4,5291,1,114,0
2086,154,4,5327,1,111,0
2087,155,4,4948,1,303,0
2088,155,4,5346,1,105,0
2089,155,4,5117,1,194,0
2090,155,4,5177,1,137,0
2091,155,4,5408,1,127,0
2092,155,4,5463,1,84,0
2093,155,4,5205,1,139,0
2094,155,4,5308,1,117,0
2095,155,4,4810,1,224,0
2096,155,4,5410,1,94,0
2097,155,4,5451,1,87,0
2098,155,4,5153,1,149,0
2099,155,4,5279,1,118,0
2100,155,0,0,0,1001,1
2101,155,4,5141,1,148,0
2102,155,4,5353,1,105,0
2103,155,4,5229,1,126,0
2104,155,4,5445,1,95,0
2105,156,4,4488,1,309,0
2106,156,4,5277,1,134,0
2107,156,4,5072,1,165,0
2108,156,4,5091,1,150,0
2109,156,4,4836,1,248,0
2110,156,4,4717,1,267,0
2111,156,4,5252,1,126,0
2112,156,4,4739,1,295,0
2113,156,4,4969,1,187,0
2114,156,4,5184,1,149,0
2115,156,4,4082,1,450,0
2116,156,4,4983,1,214,0
2117,156,4,4963,1,207,0
2118,156,4,5428,1,87,0
2119,157,2,2129,0,1001,0
2120,157,4,5566,1,61,0
2121,157,4,5340,1,113,0
2122,157,4,5005,1,180,0
2123,157,4,5427,1,98,0
2124,157,4,5291,1,127,0
2125,157,4,4808,1,288,0
2126,157,4,4691,1,316,0
2127,157,4,5533,1,81,0
2128,157,4,5396,1,96,0
2129,157,4,5534,1,78,0
2130,157,4,5367,1,101,0
2131,157,4,5598,1,51,0
2132,157,4,5481,1,76,0
2133,158,2,2092,0,1001,0
2134,158,4,5501,1,77,0
2135,158,4,5408,1,95,0
2136,158,4,5385,1,98,0
2137,158,4,5277,1,125,0
2138,158,4,5438,1,85,0
2139,158,4,5354,1,105,0
2140,158,4,4285,1,395,0
2141,158,4,5488,1,73,0
2142,158,4,5207,1,132,0
2143,158,4,5580,1,61,0
2144,158,4,5137,1,150,0
2145,158,2,2210,0,1001,0
2146,158,4,5218,1,135,0
2147,158,4,5479,1,81,0
2148,159,3,3394,0,1001,0
2149,159,4,5388,1,96,0
2150,159,4,5226,1,135,0
2151,159,4,5071,1,155,0
2152,159,4,5406,1,91,0
2153,159,4,5276,1,126,0
2154,159,4,5539,1,82,0
2155,159,4,5426,1,84,0
2156,159,4,5349,1,102,0
2157,159,4,5314,1,116,0
2158,159,4,5476,1,78,0
2159,159,4,5395,1,103,0
2160,159,4,5495,1,75,0
2161,159,4,5291,1,116,0
2162,159,4,5196,1,133,0
2163,159,4,5287,1,117,0
2164,159,4,5151,1,153,0
2165,159,4,5478,1,79,0
2166,159,4,5350,1,109,0
2167,159,4,5004,1,172,0
2168,159,4,5352,1,105,0
2169,160,4,5067,1,166,0
2170,160,4,5558,1,65,0
2171,160,4,5291,1,111,0
2172,160,4,5356,1,101,0
2173,160,4,5283,1,119,0
2174,160,4,5589,1,57,0
2175,160,4,5358,1,124,0
2176,160,4,5085,1,176,0
2177,160,4,5063,1,180,0
2178,160,3,3203,0,1001,0
2179,160,4,5395,1,99,0
2180,160,4,5379,1,115,0
2181,160,4,5536,1,69,0
2182,160,4,4994,1,198,0
2183,160,4,5088,1,198,0
2184,160,4,5383,1,110,0
2185,160,4,5535,1,72,0
2186,160,4,5110,1,167,0
2187,161,4,5153,1,173,0
2188,161,4,5467,1,80,0
2189,161,4,4721,1,308,0
2190,161,2,2072,0,1001,0
2191,161,4,5248,1,145,0
2192,161,4,4919,1,195,0
2193,161,4,5355,1,115,0
2194,161,4,5451,1,90,0
2195,161,4,5337,1,115,0
2196,161,4,5332,1,124,0
2197,161,4,5218,1,160,0
2198,161,4,5488,1,83,0
2199,161,4,5182,1,142,0
2200,162,0,0,0,1001,1
2201,162,4,5558,1,65,0
2202,162,4,5385,1,100,0
2203,162,4,5436,1,86,0
2204,162,4,5212,1,128,0
2205,162,2,2231,0,1001,0
2206,162,4,5227,1,147,0
2207,162,4,5309,1,116,0
2208,163,2,2322,0,1001,0
2209,163,4,5560,1,66,0
2210,163,4,5261,1,121,0
2211,163,4,5133,1,169,0
2212,163,4,5171,1,135,0
2213,163,4,5215,1,186,0
2214,163,4,5500,1,77,0
2215,163,4,5314,1,113,0
2216,163,4,5406,1,100,0
2217,163,4,5245,1,130,0
2218,163,4,5413,1,128,0
2219,163,4,5370,1,120,0
2220,163,4,5463,1,91,0
2221,163,4,5302,1,119,0
2222,163,4,5397,1,121,0
2223,163,4,4897,1,193,0
2224,163,4,4688,1,284,0
2225,163,4,5401,1,94,0
2226,163,4,4750,1,252,0
2227,163,4,5471,1,98,0
2228,163,4,5283,1,161,0
2229,163,4,5436,1,85,0
2230,163,4,5344,1,109,0
2231,163,4,5148,1,162,0
2232,164,4,5299,1,121,0
2233,164,4,5490,1,78,0
2234,164,4,5418,1,100,0
2235,164,4,5338,1,109,0
2236,164,2,2271,0,1001,0
2237,164,4,5070,1,169,0
2238,164,4,5414,1,121,0
2239,164,4,5077,1,166,0
2240,164,4,5327,1,120,0
2241,164,4,5073,1,168,0
2242,164,4,5281,1,147,0
2243,165,2,2307,0,1001,0
2244,165,4,5333,1,112,0
2245,165,4,5240,1,133,0
2246,165,4,5114,1,179,0
2247,165,4,5423,1,125,0
2248,165,4,5446,1,84,0
2249,165,4,5553,1,67,0
2250,165,4,5381,1,103,0
2251,165,4,5372,1,108,0
2252,165,4,5335,1,123,0
2253,165,4,4681,1,240,0
2254,165,4,5076,1,215,0
2255,165,4,5188,1,150,0
2256,165,4,5485,1,87,0
2257,165,4,5281,1,128,0
2258,165,4,5191,1,222,0
2259,165,4,5396,1,98,0
2260,165,4,5415,1,95,0
2261,165,4,5309,1,120,0
2262,165,4,5548,1,68,0
2263,165,4,5470,1,87,0
2264,165,4,5322,1,108,0
2265,165,4,5231,1,137,0
2266,166,4,4843,1,210,0
2267,166,2,2282,0,1001,0
2268,166,4,4983,1,184,0
2269,166,4,5378,1,112,0
2270,166,4,5460,1,91,0
2271,166,4,5448,1,90,0
2272,166,4,5532,1,77,0
2273,166,4,5452,1,84,0
2274,166,4,5495,1,92,0
2275,166,4,5484,1,85,0
2276,166,4,5076,1,168,0
2277,166,4,5118,1,159,0
2278,166,4,5515,1,76,0
2279,166,4,5288,1,121,0
2280,166,4,5385,1,116,0
2281,166,4,5134,1,161,0
2282,166,4,5159,1,155,0
2283,166,4,5387,1,105,0
2284,166,4,5559,1,68,0
2285,166,4,5411,1,102,0
2286,167,4,5089,1,167,0
2287,167,4,5354,1,113,0
2288,167,4,5423,1,111,0
2289,167,4,5314,1,136,0
2290,167,4,5082,1,179,0
2291,167,4,5576,1,60,0
2292,167,4,5140,1,174,0
2293,167,4,5466,1,85,0
2294,167,4,5285,1,125,0
2295,167,4,5551,1,66,0
2296,167,4,5127,1,174,0
2297,167,4,5226,1,143,0
2298,167,4,5227,1,168,0
2299,167,4,5519,1,72,0
2300,167,0,0,0,1001,1
2301,167,4,5253,1,128,0
2302,167,4,5249,1,130,0
2303,167,4,5544,1,71,0
2304,167,4,5216,1,135,0
2305,168,4,5166,1,164,0
2306,168,4,5126,1,208,0
2307,168,4,5106,1,160,0
2308,168,4,5331,1,120,0
2309,168,4,5583,1,58,0
2310,168,4,5477,1,92,0
2311,168,4,4847,1,227,0
2312,168,4,5085,1,168,0
2313,168,4,4968,1,210,0
2314,168,4,5063,1,183,0
2315,168,4,5168,1,142,0
2316,168,2,2285,0,1001,0
2317,168,4,5314,1,125,0
2318,168,4,5155,1,184,0
2319,169,4,5179,1,160,0
2320,169,4,5469,1,124,0
2321,169,4,5315,1,125,0
2322,169,4,5226,1,152,0
2323,169,4,5081,1,178,0
2324,169,4,5260,1,151,0
2325,169,4,5119,1,171,0
2326,169,4,4842,1,234,0
2327,169,3,3318,0,1001,0
2328,169,4,4765,1,348,0
2329,169,4,5225,1,166,0
2330,169,4,5545,1,72,0
2331,169,4,5329,1,108,0
2332,169,4,4955,1,198,0
2333,170,4,5251,1,149,0
2334,170,4,4994,1,208,0
2335,170,4,3951,1,575,0
2336,170,4,5514,1,70,0
2337,170,4,5209,1,134,0
2338,170,4,4885,1,240,0
2339,170,4,4936,1,196,0
2340,170,4,5409,1,96,0
2341,170,4,5381,1,103,0
2342,170,4,5257,1,135,0
2343,170,4,5061,1,174,0
2344,170,4,5270,1,120,0
2345,171,3,3497,0,1001,0
2346,171,4,5463,1,84,0
2347,171,4,5291,1,130,0
2348,171,2,2152,0,1001,0
2349,171,4,5174,1,160,0
2350,171,4,5359,1,114,0
2351,171,4,5457,1,83,0
2352,171,4,5381,1,112,0
2353,171,4,5364,1,102,0
2354,171,4,5202,1,138,0
2355,171,4,5424,1,110,0
2356,171,4,5333,1,102,0
2357,171,4,5399,1,97,0
2358,171,4,5384,1,95,0
2359,171,4,5397,1,93,0
2360,171,4,5198,1,143,0
2361,171,4,5457,1,84,0
2362,171,4,5468,1,83,0
2363,172,3,3530,0,1001,0
2364,172,4,5478,1,112,0
2365,172,4,5345,1,103,0
2366,172,3,3386,0,1001,0
2367,172,4,5479,1,85,0
2368,172,4,5438,1,86,0
2369,172,4,5272,1,109,0
2370,172,4,5373,1,98,0
2371,172,4,5532,1,65,0
2372,172,4,5281,1,123,0
2373,172,4,5297,1,117,0
2374,172,4,5465,1,80,0
2375,172,4,5604,1,55,0
2376,172,4,5503,1,71,0
2377,172,4,5421,1,86,0
2378,172,4,5432,1,89,0
2379,172,4,5602,1,51,0
2380,172,4,5608,1,51,0
2381,172,4,5354,1,104,0
2382,173,4,5437,1,85,0
2383,173,3,3452,0,1001,0
2384,173,4,5412,1,90,0
2385,173,4,5395,1,106,0
2386,173,4,5526,1,75,0
2387,173,4,5153,1,146,0
2388,173,4,5077,1,155,0
2389,173,4,5057,1,199,0
2390,173,4,5365,1,140,0
2391,173,4,5326,1,127,0
2392,173,4,5118,1,147,0
2393,173,4,5416,1,96,0
2394,173,4,5001,1,197,0
2395,173,4,5286,1,121,0
2396,173,4,5343,1,107,0
2397,173,4,5571,1,64,0
2398,173,4,5073,1,162,0
2399,174,4,5135,1,175,0
2400,174,0,0,0,1001,1
2401,174,4,5359,1,104,0
2402,174,2,2291,0,1001,0
2403,174,4,5354,1,134,0
2404,174,4,5317,1,103,0
2405,174,4,5174,1,167,0
2406,174,4,5247,1,135,0
2407,174,4,5245,1,132,0
2408,174,4,5253,1,133,0
2409,174,4,5527,1,72,0
2410,174,4,5536,1,72,0
2411,175,4,5253,1,143,0
2412,175,4,5567,1,66,0
2413,175,4,4947,1,277,0
2414,175,4,5397,1,123,0
2415,175,4,5476,1,74,0
2416,175,4,4493,1,410,0
2417,175,4,4857,1,252,0
2418,175,4,5042,1,175,0
2419,175,4,5143,1,153,0
2420,175,4,5338,1,105,0
2421,175,4,4877,1,207,0
2422,175,4,5320,1,116,0
2423,175,4,5560,1,63,0
2424,175,4,5501,1,83,0
2425,175,4,5320,1,117,0
2426,175,4,5385,1,97,0
2427,175,4,4795,1,246,0
2428,175,4,5346,1,107,0
2429,176,4,4570,1,571,0
2430,176,4,4636,1,331,0
2431,176,4,5217,1,143,0
2432,176,4,5214,1,137,0
2433,176,4,5483,1,75,0
2434,176,4,5539,1,68,0
2435,176,4,5362,1,100,0
2436,176,3,3408,0,1001,0
2437,176,4,4877,1,284,0
2438,176,4,5285,1,126,0
2439,176,4,5497,1,72,0
2440,176,4,5377,1,121,0
2441,176,4,5375,1,101,0
2442,176,4,5466,1,80,0
2443,176,4,5418,1,104,0
2444,176,4,5527,1,71,0
2445,176,4,5305,1,116,0
2446,176,4,5600,1,53,0
2447,177,4,5471,1,97,0
2448,177,4,5142,1,155,0
2449,177,4,5494,1,73,0
2450,177,4,5546,1,63,0
2451,177,4,5587,1,56,0
2452,177,4,5402,1,91,0
2453,177,4,5468,1,86,0
2454,177,4,5452,1,82,0
2455,177,4,5483,1,75,0
2456,177,4,5145,1,140,0
2457,177,4,5499,1,71,0
2458,177,4,5241,1,146,0
2459,177,4,5497,1,73,0
2460,177,2,2323,0,1001,0
2461,178,3,3081,0,1001,0
2462,178,4,5241,1,121,0
2463,178,4,5548,1,65,0
2464,178,4,4451,1,303,0
2465,178,4,5156,1,138,0
2466,178,3,3474,0,1001,0
2467,178,4,5463,1,81,0
2468,178,4,5550,1,66,0
2469,178,4,5522,1,71,0
2470,178,4,5451,1,82,0
2471,178,4,5260,1,115,0
2472,178,4,5459,1,79,0
2473,178,4,5434,1,85,0
2474,178,4,5507,1,76,0
2475,178,4,5459,1,84,0
2476,178,4,5519,1,74,0
2477,178,4,5418,1,91,0
2478,178,4,5373,1,99,0
2479,178,4,5478,1,78,0
2480,179,2,2325,0,1001,0
2481,179,4,5402,1,95,0
2482,179,4,5495,1,87,0
2483,179,4,5389,1,89,0
2484,179,4,5471,1,77,0
2485,179,4,5411,1,91,0
2486,179,4,5504,1,69,0
2487,179,4,5325,1,130,0
2488,179,4,5504,1,69,0
2489,179,4,5415,1,87,0
2490,179,4,5378,1,103,0
2491,179,4,5341,1,131,0
2492,179,4,5276,1,192,0
2493,179,4,5540,1,66,0
2494,179,4,5477,1,76,0
2495,179,4,5430,1,88,0
2496,179,4,5065,1,332,0
2497,179,4,5300,1,115,0
2498,179,4,5075,1,155,0
2499,179,4,5086,1,146,0
2500,180,0,0,0,1001,1
2501,180,2,2120,0,1001,0
2502,180,4,5460,1,80,0
2503,180,4,4677,1,263,0
2504,180,4,5502,1,81,0
2505,180,4,5445,1,85,0
2506,180,4,5109,1,149,0
2507,181,3,3348,0,1001,0
2508,181,4,4856,1,199,0
2509,181,4,5488,1,91,0
2510,181,4,5095,1,170,0
2511,181,4,5548,1,62,0
2512,181,4,4912,1,255,0
2513,181,4,5298,1,113,0
2514,181,4,5364,1,102,0
2515,181,4,5340,1,104,0
2516,181,4,4884,1,226,0
2517,181,4,5342,1,116,0
2518,181,4,4883,1,231,0
2519,181,4,5566,1,64,0
2520,181,4,5118,1,154,0
2521,181,4,4557,1,309,0
2522,181,4,5548,1,68,0
2523,181,4,4170,1,349,0
2524,181,4,5467,1,79,0
2525,181,4,5396,1,110,0
2526,182,4,5510,1,80,0
2527,182,4,4949,1,179,0
2528,182,4,5286,1,125,0
2529,182,3,2965,0,1001,0
2530,182,4,4852,1,213,0
2531,182,4,5219,1,130,0
2532,182,4,4930,1,226,0
2533,182,4,5470,1,81,0
2534,182,4,5333,1,105,0
2535,182,4,5447,1,83,0
2536,182,4,5028,1,166,0
2537,182,4,5513,1,76,0
2538,183,4,5295,1,122,0
2539,183,4,5514,1,65,0
2540,183,4,5537,1,65,0
2541,183,4,5510,1,72,0
2542,183,4,5528,1,77,0
2543,183,4,5158,1,204,0
2544,183,4,5486,1,76,0
2545,183,4,5410,1,92,0
2546,183,4,5290,1,117,0
2547,183,4,5396,1,93,0
2548,183,4,5354,1,104,0
2549,183,4,5230,1,158,0
2550,183,4,5177,1,223,0
2551,183,4,5353,1,169,0
2552,183,4,5486,1,76,0
2553,183,4,5267,1,112,0
2554,183,4,5334,1,185,0
2555,183,4,5547,1,65,0
2556,183,4,5295,1,150,0
2557,183,4,5389,1,111,0
2558,183,4,5301,1,119,0
2559,183,4,5439,1,100,0
2560,183,4,5234,1,179,0
2561,183,4,5229,1,123,0
2562,184,4,5006,1,189,0
2563,184,4,4969,1,184,0
2564,184,4,5589,1,57,0
2565,184,4,5249,1,144,0
2566,184,4,5100,1,251,0
2567,184,4,5467,1,86,0
2568,184,4,4935,1,194,0
2569,184,4,5500,1,76,0
2570,184,4,5479,1,80,0
2571,184,4,5349,1,101,0
2572,184,4,5241,1,131,0
2573,184,3,3420,0,1001,0
2574,184,4,5246,1,142,0
2575,184,4,5386,1,96,0
2576,184,4,4587,1,251,0
2577,185,4,4427,1,386,0
2578,185,4,5207,1,129,0
2579,185,4,5448,1,107,0
2580,185,4,5223,1,138,0
2581,185,4,5274,1,120,0
2582,185,4,5438,1,88,0
2583,185,4,5414,1,102,0
2584,185,4,5511,1,77,0
2585,185,4,5167,1,152,0
2586,185,4,5543,1,63,0
2587,185,3,3457,0,1001,0
2588,185,4,4809,1,240,0
2589,185,4,5423,1,112,0
2590,185,4,5325,1,104,0
2591,185,4,4368,1,319,0
2592,186,4,5560,1,63,0
2593,186,4,5364,1,105,0
2594,186,4,5223,1,142,0
2595,186,4,4954,1,209,0
2596,186,4,5475,1,78,0
2597,186,4,5510,1,95,0
2598,186,4,5297,1,124,0
2599,186,4,4435,1,336,0
2600,186,0,0,0,1001,1
2601,186,4,5299,1,111,0
2602,186,4,5114,1,250,0
2603,186,4,5432,1,103,0
2604,186,4,5058,1,231,0
2605,186,4,4908,1,246,0
2606,187,4,4864,1,260,0
2607,187,4,4578,1,281,0
2608,187,4,4367,1,320,0
2609,187,4,5475,1,78,0
2610,187,4,5088,1,172,0
2611,187,4,4994,1,263,0
2612,187,4,5299,1,124,0
2613,187,4,5235,1,162,0
2614,187,4,4858,1,193,0
2615,187,4,4891,1,216,0
2616,187,4,5191,1,199,0
2617,187,4,4442,1,331,0
2618,187,4,5146,1,145,0
2619,187,4,5298,1,117,0
2620,187,4,5213,1,156,0
2621,187,4,5411,1,83,0
2622,188,4,4512,1,365,0
2623,188,4,5185,1,146,0
2624,188,4,5104,1,164,0
2625,188,4,5407,1,90,0
2626,188,4,4982,1,192,0
2627,188,4,3615,1,573,0
2628,188,4,5172,1,152,0
2629,188,4,5404,1,87,0
2630,188,4,5425,1,89,0
2631,188,4,5424,1,110,0
2632,188,4,5298,1,118,0
2633,188,4,5428,1,94,0
2634,188,4,5374,1,111,0
2635,188,4,5417,1,91,0
2636,188,4,5263,1,132,0
2637,188,4,5164,1,178,0
2638,188,4,5480,1,79,0
2639,188,4,5247,1,142,0
2640,189,4,4960,1,231,0
2641,189,4,5349,1,107,0
2642,189,4,5488,1,88,0
2643,189,4,5377,1,111,0
2644,189,4,5220,1,138,0
2645,189,4,5447,1,89,0
2646,189,4,5304,1,116,0
2647,189,4,5283,1,124,0
2648,189,4,5572,1,63,0
2649,189,4,5283,1,132,0
2650,189,4,5575,1,59,0
2651,189,4,5395,1,100,0
2652,189,4,4889,1,210,0
2653,189,4,5413,1,108,0
2654,189,4,5195,1,195,0
2655,189,4,4988,1,200,0
2656,189,4,4659,1,354,0
2657,189,4,4579,1,418,0
2658,189,4,5436,1,82,0
2659,189,4,4988,1,234,0
2660,190,4,5379,1,109,0
2661,190,4,5171,1,179,0
2662,190,4,5381,1,98,0
2663,190,4,5177,1,189,0
2664,190,4,5267,1,133,0
2665,190,4,5312,1,128,0
2666,190,4,5434,1,91,0
2667,190,4,5307,1,129,0
2668,190,4,5083,1,166,0
2669,190,4,5233,1,161,0
2670,190,4,5430,1,122,0
2671,190,4,5424,1,97,0
2672,190,4,4856,1,248,0
2673,190,4,5141,1,143,0
2674,190,4,4932,1,219,0
2675,190,4,5548,1,66,0
2676,190,4,5232,1,133,0
2677,190,4,5188,1,152,0
2678,190,4,5447,1,97,0
2679,190,4,5351,1,110,0
2680,190,4,5542,1,64,0
2681,190,4,5245,1,146,0
2682,190,4,5472,1,78,0
2683,191,4,5274,1,161,0
2684,191,4,5331,1,114,0
2685,191,4,5188,1,144,0
2686,191,4,5362,1,113,0
2687,191,4,5381,1,100,0
2688,191,4,4969,1,222,0
2689,191,4,5354,1,108,0
2690,191,4,5040,1,203,0
2691,191,4,5109,1,161,0
2692,191,4,5297,1,139,0
2693,191,4,5454,1,88,0
2694,191,4,5303,1,124,0
2695,191,4,5110,1,194,0
2696,191,4,5294,1,135,0
2697,191,4,5082,1,243,0
2698,191,4,5394,1,106,0
2699,191,4,4947,1,266,0
2700,192,0,99,0,1001,1
2701,192,4,5218,1,193,0
2702,192,4,4872,1,204,0
2703,192,4,5013,1,214,0
2704,192,4,5256,1,154,0
2705,192,4,5127,1,197,0
2706,192,4,4848,1,245,0
2707,192,4,4986,1,198,0
2708,192,4,4851,1,256,0
2709,192,4,5309,1,147,0
2710,192,4,5202,1,177,0
2711,192,4,5541,1,76,0
2712,192,4,5277,1,147,0
2713,192,4,5612,1,51,0
2714,192,4,5312,1,139,0
2715,192,4,5265,1,139,0
2716,193,4,4509,1,289,0
2717,193,4,5160,1,163,0
2718,193,4,5264,1,129,0
2719,193,4,5091,1,184,0
2720,193,4,5003,1,182,0
2721,193,4,5507,1,78,0
2722,193,4,5113,1,165,0
2723,193,4,5223,1,158,0
2724,193,4,4953,1,225,0
2725,193,3,3405,0,1001,0
2726,193,4,5126,1,216,0
2727,193,4,4823,1,256,0
2728,193,4,5135,1,174,0
2729,194,4,5331,1,121,0
2730,194,4,5209,1,181,0
2731,194,4,5030,1,229,0
2732,194,4,4541,1,361,0
2733,194,4,5358,1,106,0
2734,194,4,5265,1,199,0
2735,194,4,4951,1,208,0
2736,194,4,5431,1,120,0
2737,194,4,5260,1,138,0
2738,194,4,4593,1,343,0
2739,194,4,5349,1,124,0
2740,194,4,5001,1,202,0
2741,194,4,5157,1,143,0
2742,194,4,5459,1,98,0
2743,194,4,4634,1,270,0
2744,194,4,5461,1,93,0
2745,195,4,4948,1,246,0
2746,195,4,5072,1,182,0
2747,195,4,5187,1,140,0
2748,195,4,5406,1,104,0
2749,195,4,5539,1,71,0
2750,195,4,5332,1,117,0
2751,195,4,5184,1,164,0
2752,195,1,1148,0,1001,0
2753,195,4,5252,1,146,0
2754,195,4,5234,1,153,0
2755,195,4,4814,1,222,0
2756,195,4,5390,1,118,0
2757,195,4,5035,1,200,0
2758,195,4,5175,1,169,0
2759,195,4,5088,1,190,0
2760,196,4,5417,1,106,0
2761,196,4,5551,1,78,0
2762,196,4,5242,1,125,0
2763,196,4,5562,1,62,0
2764,196,4,4774,1,227,0
2765,196,4,5112,1,161,0
2766,196,4,4804,1,224,0
2767,196,4,5261,1,128,0
2768,196,4,5508,1,78,0
2769,196,4,5025,1,194,0
2770,196,4,5359,1,143,0
2771,196,4,4933,1,220,0
2772,196,4,4857,1,220,0
2773,196,1,1076,0,1001,0
2774,196,4,5341,1,125,0
2775,197,4,5191,1,177,0
2776,197,4,5329,1,135,0
2777,197,4,5251,1,142,0
2778,197,3,3479,0,1001,0
2779,197,4,5287,1,145,0
2780,197,4,5231,1,149,0
2781,197,4,5469,1,85,0
2782,197,4,5484,1,87,0
2783,197,2,2345,0,1001,0
2784,198,4,5219,1,201,0
2785,198,4,5369,1,124,0
2786,198,4,5313,1,139,0
2787,198,4,5369,1,114,0
2788,198,4,5550,1,66,0
2789,198,4,5439,1,100,0
2790,198,4,5093,1,199,0
2791,198,4,5477,1,87,0
2792,198,4,5272,1,162,0
2793,198,4,5526,1,86,0
2794,198,4,5495,1,95,0
2795,198,4,5346,1,133,0
2796,198,4,5436,1,93,0
2797,198,4,5414,1,131,0
2798,198,4,5489,1,90,0
2799,198,4,5214,1,151,0
2800,198,2,2354,0,1001,1
2801,199,1,1176,0,1001,0
2802,199,4,5462,1,98,0
2803,199,4,5114,1,198,0
2804,199,4,5475,1,105,0
2805,199,4,5434,1,112,0
2806,199,3,3380,0,1001,0
2807,199,4,5419,1,126,0
2808,199,4,5211,1,140,0
2809,199,4,5389,1,132,0
2810,199,4,5014,1,191,0
2811,200,4,4414,1,334,0
2812,200,4,5482,1,84,0
2813,200,4,5487,1,116,0
2814,200,4,5185,1,186,0
2815,200,4,5312,1,166,0
2816,200,4,5463,1,88,0
2817,200,4,5356,1,142,0
2818,200,4,5075,1,184,0
2819,200,4,5374,1,146,0
2820,200,4,5288,1,113,0
2821,200,4,5348,1,111,0
2822,200,4,5412,1,96,0
2823,200,4,5298,1,135,0
2824,200,3,3509,0,1001,0
2825,200,4,5483,1,85,0
2826,200,4,5507,1,72,0
2827,201,1,1182,0,1001,0
2828,201,4,4704,1,255,0
2829,201,4,5026,1,207,0
2830,201,3,3269,0,1001,0
2831,202,1,1188,0,1001,0
2832,202,4,4823,1,278,0
2833,202,4,4970,1,217,0
2834,202,1,1116,0,1001,0
2835,202,1,1273,0,1001,0
2836,202,4,5303,1,118,0
2837,203,1,1138,0,1001,0
2838,203,4,5366,1,106,0
2839,203,1,1133,0,1001,0
2840,203,1,1181,0,1001,0
2841,203,4,5030,1,174,0
2842,204,4,5087,1,185,0
2843,204,4,4855,1,220,0
2844,204,4,4121,1,395,0
2845,204,1,1162,0,1001,0
2846,204,1,1164,0,1001,0
2847,205,4,4669,1,300,0
2848,205,1,1136,0,1001,0
2849,205,4,4741,1,321,0
2850,205,1,1060,0,1001,0
2851,206,1,985,0,1001,0
2852,206,4,5239,1,136,0
2853,206,4,5335,1,122,0
2854,206,1,1100,0,1001,0
2855,206,4,5220,1,133,0
2856,206,1,1074,0,1001,0
2857,206,4,5092,1,155,0
2858,207,1,1117,0,1001,0
2859,207,4,4980,1,176,0
2860,207,1,1086,0,1001,0
2861,207,1,1186,0,1001,0
2862,208,4,5152,1,147,0
2863,208,4,5003,1,208,0
2864,208,1,1129,0,1001,0
2865,208,4,5162,1,178,0
2866,208,2,2243,0,1001,0
2867,208,4,5317,1,128,0
2868,208,4,5369,1,113,0
2869,209,1,1077,0,1001,0
2870,209,4,4641,1,337,0
2871,209,4,5268,1,146,0
2872,209,4,5087,1,261,0
2873,209,4,5540,1,85,0
2874,209,4,5210,1,150,0
2875,209,4,5492,1,99,0
2876,209,4,5089,1,187,0
2877,209,4,5340,1,131,0
2878,209,4,5373,1,118,0
2879,210,1,1184,0,1001,0
2880,210,4,5351,1,127,0
2881,210,4,5292,1,147,0
2882,210,1,1188,0,1001,0
2883,210,4,5361,1,148,0
2884,210,4,5540,1,82,0
2885,210,1,1187,0,1001,0
2886,210,4,5323,1,182,0
2887,210,4,5407,1,131,0
2888,210,4,5201,1,169,0
2889,211,4,5486,1,99,0
2890,211,4,5239,1,179,0
2891,211,2,2288,0,1001,0
2892,211,1,1188,0,1001,0
2893,211,4,5097,1,229,0
2894,212,1,1153,0,1001,0
2895,212,4,5381,1,136,0
2896,212,4,4720,1,292,0
2897,212,4,5327,1,145,0
2898,212,4,4893,1,290,0
2899,212,4,5106,1,192,0
2900,212,1,1188,0,1001,1
2901,212,4,4615,1,502,0
2902,213,4,5116,1,198,0
2903,213,4,5362,1,148,0
2904,213,1,1186,0,1001,0
2905,213,4,5389,1,119,0
2906,213,4,4722,1,456,0
2907,213,4,5346,1,128,0
2908,213,4,5378,1,114,0
2909,213,1,1177,0,1001,0
2910,214,1,1253,0,1001,0
2911,214,4,5392,1,118,0
2912,214,4,5284,1,145,0
2913,214,4,4928,1,285,0
2914,214,4,5098,1,183,0
2915,214,4,5238,1,197,0
2916,214,4,5009,1,201,0
2917,214,4,5293,1,154,0
2918,215,1,1188,0,1001,0
2919,215,4,5452,1,92,0
2920,215,1,1188,0,1001,0
2921,215,4,4668,1,318,0
2922,215,4,5415,1,113,0
2923,215,1,1184,0,1001,0
2924,216,1,1188,0,1001,0
2925,216,4,5101,1,213,0
2926,216,4,4358,1,737,0
2927,216,4,5165,1,170,0
2928,216,4,5239,1,147,0
2929,216,1,1172,0,1001,0
2930,217,1,1177,0,1001,0
2931,217,2,2352,0,1001,0
2932,217,4,5437,1,99,0
2933,217,4,5382,1,147,0
2934,218,1,1139,0,1001,0
2935,218,4,4993,1,263,0
2936,218,1,1186,0,1001,0
2937,218,4,5140,1,187,0
2938,218,4,5383,1,117,0
2939,218,4,4759,1,267,0
2940,218,4,4949,1,191,0
2941,218,4,5300,1,133,0
2942,218,4,4856,1,366,0
2943,218,4,4341,1,343,0
2944,219,4,4717,1,492,0
2945,219,4,5479,1,84,0
2946,219,2,2299,0,1001,0
2947,219,3,3452,0,1001,0
2948,219,4,5257,1,181,0
2949,219,4,4972,1,307,0
2950,220,1,1188,0,1001,0
2951,220,4,5228,1,177,0
2952,220,1,1184,0,1001,0
2953,220,4,5369,1,133,0
2954,220,4,5412,1,112,0
2955,221,1,1280,0,1001,0
2956,221,2,2343,0,1001,0
2957,221,4,4894,1,339,0
2958,221,1,1186,0,1001,0
2959,221,4,4925,1,275,0
2960,221,4,5364,1,134,0
2961,222,4,5490,1,96,0
2962,222,4,5279,1,151,0
2963,222,4,4879,1,267,0
2964,222,1,1188,0,1001,0
2965,222,4,5328,1,143,0
2966,222,4,5371,1,125,0
2967,222,1,1284,0,1001,0
2968,222,4,5225,1,153,0
2969,223,1,1187,0,1001,0
2970,223,4,5071,1,232,0
2971,223,1,1188,0,1001,0
2972,223,1,1184,0,1001,0
2973,224,4,5596,1,57,0
2974,224,1,1188,0,1001,0
2975,224,1,1279,0,1001,0
2976,224,2,2292,0,1001,0
2977,225,4,5361,1,115,0
2978,225,4,5404,1,126,0
2979,225,4,5455,1,101,0
2980,225,1,1190,0,1001,0
2981,225,4,4932,1,225,0
2982,225,4,4897,1,242,0
2983,225,1,1102,0,1001,0
2984,226,1,1186,0,1001,0
2985,226,4,4841,1,239,0
2986,226,2,2311,0,1001,0
2987,226,4,5459,1,89,0
2988,226,4,5212,1,246,0
2989,226,4,5332,1,137,0
2990,226,4,5510,1,86,0
2991,226,4,5510,1,81,0
2992,226,4,5425,1,93,0
2993,226,4,5368,1,160,0
2994,226,4,5442,1,106,0
2995,226,4,5394,1,112,0
2996,227,4,5027,1,275,0
2997,227,4,5354,1,135,0
2998,227,1,1181,0,1001,0
2999,227,4,5171,1,219,0
3000,227,2,2364,0,1001,1
3001,227,4,5551,1,70,0
3002,227,4,4963,1,284,0
3003,227,4,5299,1,139,0
3004,228,4,5297,1,116,0
3005,228,4,5220,1,188,0
3006,228,4,5347,1,126,0
3007,228,2,2354,0,1001,0
3008,228,2,2349,0,1001,0
3009,228,4,5212,1,197,0
3010,229,2,2354,0,1001,0
3011,229,1,1184,0,1001,0
3012,229,4,5273,1,132,0
3013,229,4,5362,1,106,0
3014,229,4,5499,1,76,0
3015,229,4,5148,1,181,0
3016,230,2,2362,0,1001,0
3017,230,4,5559,1,66,0
3018,230,3,3495,0,1001,0
3019,230,4,5505,1,81,0
3020,230,2,2345,0,1001,0
3021,230,4,5061,1,249,0
3022,230,4,5482,1,84,0
3023,230,4,5517,1,70,0
3024,230,4,5175,1,162,0
3025,230,4,5432,1,100,0
3026,230,4,5360,1,129,0
3027,230,4,5535,1,69,0
3028,231,4,5506,1,84,0
3029,231,4,5377,1,133,0
3030,231,4,5310,1,124,0
3031,231,4,5211,1,184,0
3032,231,4,5322,1,127,0
3033,231,4,5489,1,98,0
3034,231,4,5319,1,137,0
3035,231,2,2334,0,1001,0
3036,231,4,5374,1,112,0
3037,231,2,2328,0,1001,0
3038,232,4,5320,1,149,0
3039,232,4,5293,1,173,0
3040,232,4,5032,1,233,0
3041,232,4,5390,1,129,0
3042,232,4,5514,1,100,0
3043,232,4,5259,1,142,0
3044,232,4,5127,1,221,0
3045,232,4,5470,1,88,0
3046,232,4,5473,1,94,0
3047,232,4,5484,1,86,0
3048,232,4,5431,1,119,0
3049,232,4,5301,1,163,0
3050,232,4,5434,1,106,0
3051,232,4,5191,1,228,0
3052,232,4,5187,1,213,0
3053,232,4,5269,1,142,0
3054,233,2,2351,0,1001,0
3055,233,4,5005,1,273,0
3056,233,4,5013,1,238,0
3057,233,4,5331,1,167,0
3058,233,4,5471,1,104,0
3059,233,4,5340,1,126,0
3060,233,4,5295,1,163,0
3061,233,4,5159,1,228,0
3062,233,4,5485,1,80,0
3063,233,4,5293,1,154,0
3064,233,4,5450,1,101,0
3065,233,4,5330,1,141,0
3066,233,4,5481,1,88,0
3067,233,4,5491,1,116,0
3068,233,4,5306,1,167,0
3069,233,4,4939,1,285,0
3070,233,4,5221,1,172,0
3071,233,4,4805,1,221,0
3072,234,4,5238,1,166,0
3073,234,4,5166,1,181,0
3074,234,4,5210,1,164,0
3075,234,4,5278,1,160,0
3076,234,4,4753,1,247,0
3077,234,4,5378,1,107,0
3078,234,4,5116,1,167,0
3079,234,4,5374,1,137,0
3080,234,4,5332,1,147,0
3081,234,4,5171,1,190,0
3082,234,4,5252,1,170,0
3083,234,4,5055,1,251,0
3084,234,4,4930,1,264,0
3085,234,4,5418,1,113,0
3086,234,4,5355,1,141,0
3087,234,4,5317,1,176,0
3088,234,4,4833,1,330,0
3089,235,4,5468,1,106,0
3090,235,4,5447,1,102,0
3091,235,4,5152,1,189,0
3092,235,4,5118,1,224,0
3093,235,4,5080,1,223,0
3094,235,4,5129,1,196,0
3095,235,4,5381,1,118,0
3096,235,4,5341,1,133,0
3097,235,4,5267,1,167,0
3098,235,2,2348,0,1001,0
3099,235,4,5452,1,117,0
3100,236,2,2361,0,1001,1
3101,236,4,5411,1,140,0
3102,236,4,5211,1,163,0
3103,236,4,5318,1,129,0
3104,236,4,5167,1,174,0
3105,236,4,5201,1,171,0
3106,236,4,5444,1,108,0
3107,236,4,5175,1,163,0
3108,236,4,5200,1,143,0
3109,236,4,4113,1,387,0
3110,236,4,4886,1,216,0
3111,236,4,5018,1,186,0
3112,236,4,4510,1,297,0
3113,237,4,4444,1,376,0
3114,237,4,5343,1,174,0
3115,237,4,5422,1,105,0
3116,237,4,4962,1,273,0
3117,237,4,5210,1,179,0
3118,237,4,5234,1,176,0
3119,237,4,5439,1,125,0
3120,237,4,5074,1,244,0
3121,237,4,5283,1,155,0
3122,237,2,2294,0,1001,0
3123,238,2,2292,0,1001,0
3124,238,4,5449,1,110,0
3125,238,4,4931,1,259,0
3126,238,2,2288,0,1001,0
3127,238,4,5330,1,144,0
3128,238,2,2275,0,1001,0
3129,238,4,5482,1,89,0
3130,239,4,5353,1,136,0
3131,239,4,5306,1,141,0
3132,239,4,5169,1,182,0
3133,239,3,3394,0,1001,0
3134,239,4,5038,1,276,0
3135,239,4,5384,1,142,0
3136,239,4,5202,1,194,0
3137,239,2,2235,0,1001,0
3138,240,4,5387,1,134,0
3139,240,4,5333,1,158,0
3140,240,4,5523,1,82,0
3141,240,4,5436,1,113,0
3142,240,4,5311,1,145,0
3143,240,4,5315,1,136,0
3144,240,4,5259,1,166,0
3145,240,4,5248,1,148,0
3146,240,4,5484,1,105,0
3147,240,4,5250,1,171,0
3148,240,4,5435,1,98,0
3149,240,2,2321,0,1001,0
3150,240,4,5291,1,140,0
3151,240,4,5092,1,193,0
3152,240,4,4831,1,266,0
3153,241,4,5434,1,106,0
3154,241,2,2269,0,1001,0
3155,241,4,5485,1,89,0
3156,241,4,5492,1,94,0
3157,241,4,5552,1,70,0
3158,241,4,5065,1,191,0
3159,241,4,5364,1,117,0
3160,241,4,5390,1,110,0
3161,241,4,5490,1,90,0
3162,241,4,5346,1,172,0
3163,241,4,5129,1,183,0
3164,241,4,4635,1,343,0
3165,241,4,5110,1,223,0
3166,241,4,5460,1,95,0
3167,241,4,5304,1,147,0
3168,242,4,5180,1,168,0
3169,242,4,5311,1,162,0
3170,242,4,4595,1,329,0
3171,242,4,5415,1,102,0
3172,242,4,5222,1,173,0
3173,242,4,5442,1,98,0
3174,242,4,5373,1,113,0
3175,242,4,5108,1,190,0
3176,242,4,5249,1,156,0
3177,242,4,5429,1,105,0
3178,242,4,4965,1,214,0
3179,242,1,1188,0,1001,0
3180,242,4,4566,1,337,0
3181,243,4,4771,1,308,0
3182,243,4,5352,1,123,0
3183,243,1,1179,0,1001,0
3184,243,4,5057,1,189,0
3185,243,4,5308,1,131,0
3186,243,1,1186,0,1001,0
3187,244,1,1177,0,1001,0
3188,244,1,1174,0,1001,0
3189,244,4,4476,1,403,0
3190,244,4,5203,1,156,0
3191,245,1,1175,0,1001,0
3192,245,4,4923,1,208,0
3193,245,1,1182,0,1001,0
3194,245,4,4947,1,222,0
3195,245,1,1184,0,1001,0
3196,246,1,1184,0,1001,0
3197,246,4,4644,1,296,0
3198,246,4,5327,1,180,0
3199,246,4,4874,1,259,0
3200,246,1,1188,0,1001,1
3201,246,4,5258,1,165,0
3202,246,4,5010,1,234,0
3203,246,4,4961,1,217,0
3204,246,4,5197,1,181,0
3205,247,1,1174,0,1001,0
3206,247,4,5367,1,133,0
3207,247,4,5382,1,126,0
3208,247,4,5330,1,122,0
3209,247,2,2282,0,1001,0
3210,248,2,2237,0,1001,0
3211,248,4,5330,1,166,0
3212,248,1,1185,0,1001,0
3213,248,4,5326,1,123,0
3214,248,4,5489,1,86,0
3215,248,4,5441,1,111,0
3216,248,4,5339,1,124,0
3217,248,4,5411,1,109,0
3218,248,4,5122,1,172,0
3219,248,4,5421,1,105,0
3220,248,4,5191,1,194,0
3221,248,4,5460,1,100,0
3222,248,4,5403,1,132,0
3223,248,4,5131,1,158,0
3224,248,4,4922,1,228,0
3225,249,4,5184,1,203,0
3226,249,4,5382,1,130,0
3227,249,4,5387,1,109,0
3228,249,4,5539,1,70,0
3229,249,4,5423,1,107,0
3230,249,4,5500,1,83,0
3231,249,4,5132,1,167,0
3232,249,4,5055,1,232,0
3233,249,4,5463,1,85,0
3234,249,4,5302,1,138,0
3235,249,4,5018,1,246,0
3236,249,4,5284,1,151,0
3237,249,4,5236,1,173,0
3238,249,4,5311,1,152,0
3239,249,4,4959,1,277,0
3240,250,2,2272,0,1001,0
3241,250,4,4415,1,467,0
3242,250,4,5187,1,207,0
3243,250,2,2312,0,1001,0
3244,250,4,5049,1,230,0
3245,250,4,5113,1,203,0
3246,250,4,4839,1,299,0
3247,251,3,3463,0,1001,0
3248,251,4,5429,1,106,0
3249,251,4,5235,1,135,0
3250,251,4,5193,1,173,0
3251,251,4,5313,1,130,0
3252,251,4,5317,1,145,0
3253,251,1,1184,0,1001,0
3254,252,1,1188,0,1001,0
3255,252,4,5482,1,83,0
3256,252,4,5449,1,95,0
3257,252,4,5503,1,78,0
3258,252,4,5316,1,157,0
3259,252,4,5469,1,99,0
3260,252,4,5353,1,127,0
3261,252,4,5322,1,139,0
3262,252,4,5443,1,105,0
3263,252,4,5192,1,229,0
3264,252,4,5134,1,179,0
3265,252,4,5333,1,130,0
3266,252,4,5356,1,119,0
3267,252,4,5457,1,85,0
3268,252,4,5388,1,119,0
3269,252,4,5539,1,64,0
3270,252,4,5150,1,199,0
3271,252,4,5387,1,110,0
3272,252,4,5184,1,156,0
3273,252,4,5098,1,243,0
3274,252,4,5217,1,162,0
3275,252,4,5396,1,127,0
3276,253,1,1187,0,1001,0
3277,253,4,5437,1,96,0
3278,253,4,5165,1,173,0
3279,253,4,5201,1,161,0
3280,253,4,5528,1,90,0
3281,253,4,5366,1,121,0
3282,253,4,5347,1,133,0
3283,253,4,4896,1,241,0
3284,253,4,5288,1,124,0
3285,253,4,5294,1,173,0
3286,253,4,5181,1,183,0
3287,253,4,5461,1,96,0
3288,253,4,5566,1,66,0
3289,254,1,1186,0,1001,0
3290,254,4,5482,1,100,0
3291,254,4,5182,1,169,0
3292,254,4,5311,1,140,0
3293,254,4,5111,1,193,0
3294,254,4,5357,1,120,0
3295,254,4,5119,1,224,0
3296,254,4,5486,1,87,0
3297,254,4,5305,1,152,0
3298,254,4,4971,1,258,0
3299,254,4,5058,1,254,0
3300,255,1,1286,0,1001,1
3301,255,4,5021,1,228,0
3302,255,4,5119,1,211,0
3303,255,4,5551,1,72,0
3304,255,4,4579,1,408,0
3305,255,4,5146,1,186,0
3306,255,4,5376,1,105,0
3307,255,4,4941,1,258,0
3308,255,4,5138,1,174,0
3309,255,4,5457,1,99,0
3310,255,4,4357,1,402,0
3311,255,4,5527,1,79,0
3312,255,4,5289,1,172,0
3313,255,4,5482,1,88,0
3314,255,4,5089,1,226,0
3315,255,4,5081,1,231,0
3316,256,4,5125,1,196,0
3317,256,1,1186,0,1001,0
3318,256,4,5116,1,216,0
3319,256,4,5327,1,144,0
3320,256,4,5212,1,192,0
3321,256,4,4964,1,275,0
3322,256,4,5261,1,154,0
3323,256,4,5584,1,58,0
3324,256,4,4795,1,263,0
3325,256,4,5103,1,214,0
3326,256,4,5348,1,112,0
3327,256,4,5414,1,120,0
3328,256,4,5318,1,124,0
3329,257,4,5048,1,247,0
3330,257,4,5313,1,152,0
3331,257,4,5217,1,175,0
3332,257,4,5296,1,159,0
3333,257,1,1177,0,1001,0
3334,257,4,4985,1,208,0
3335,257,4,5317,1,123,0
3336,257,4,5509,1,83,0
3337,257,4,5278,1,155,0
3338,257,4,5281,1,147,0
3339,257,4,5414,1,109,0
3340,257,4,5136,1,193,0
3341,257,4,5343,1,123,0
3342,257,4,5201,1,157,0
3343,258,4,4739,1,287,0
3344,258,4,5284,1,137,0
3345,258,4,5047,1,232,0
3346,258,4,5235,1,156,0
3347,258,4,4732,1,327,0
3348,258,4,5104,1,221,0
3349,258,2,2259,0,1001,0
3350,258,4,5321,1,159,0
3351,258,4,5281,1,162,0
3352,258,4,5407,1,102,0
3353,258,4,5376,1,116,0
3354,258,4,5308,1,132,0
3355,259,4,5003,1,260,0
3356,259,4,4856,1,300,0
3357,259,1,1184,0,1001,0
3358,259,1,1179,0,1001,0
3359,259,4,5252,1,157,0
3360,259,4,5273,1,158,0
3361,259,4,5464,1,99,0
3362,259,4,5165,1,174,0
3363,260,4,5229,1,197,0
3364,260,4,5421,1,111,0
3365,260,4,5504,1,101,0
3366,260,4,5133,1,222,0
3367,260,4,5396,1,133,0
3368,260,4,5440,1,111,0
3369,260,4,5003,1,249,0
3370,260,1,1188,0,1001,0
3371,260,4,5461,1,91,0
3372,260,4,4897,1,272,0
3373,261,1,1188,0,1001,0
3374,261,4,5380,1,110,0
3375,261,4,4783,1,309,0
3376,261,2,2303,0,1001,0
3377,261,4,4911,1,278,0
3378,261,4,5369,1,175,0
3379,261,4,5051,1,199,0
3380,261,4,5546,1,78,0
3381,261,4,5580,1,63,0
3382,261,4,4869,1,318,0
3383,262,4,4597,1,430,0
3384,262,2,2328,0,1001,0
3385,262,4,5332,1,115,0
3386,262,4,5473,1,94,0
3387,262,2,2283,0,1001,0
3388,262,4,5604,1,51,0
3389,262,4,5415,1,115,0
3390,262,4,5523,1,74,0
3391,262,4,5008,1,212,0
3392,263,4,5409,1,121,0
3393,263,4,5464,1,94,0
3394,263,4,5035,1,208,0
3395,263,4,4860,1,309,0
3396,263,4,5131,1,194,0
3397,263,4,5005,1,287,0
3398,263,4,4805,1,317,0
3399,263,4,5013,1,245,0
3400,263,2,2457,0,1001,1
3401,264,1,1181,0,1001,0
3402,264,4,5351,1,117,0
3403,264,4,5291,1,173,0
3404,264,4,5107,1,225,0
3405,264,4,5479,1,92,0
3406,264,4,5412,1,98,0
3407,264,4,5445,1,101,0
3408,264,4,5117,1,205,0
3409,264,4,5477,1,90,0
3410,264,4,5331,1,136,0
3411,264,4,5538,1,72,0
3412,264,4,5540,1,68,0
3413,264,4,5146,1,179,0
3414,264,4,5419,1,105,0
3415,264,4,5234,1,156,0
3416,264,4,5002,1,253,0
3417,264,4,5541,1,72,0
3418,264,4,5506,1,83,0
3419,264,4,5394,1,108,0
3420,264,4,5389,1,119,0
3421,265,4,5435,1,104,0
3422,265,4,5196,1,182,0
3423,265,4,5264,1,156,0
3424,265,4,5154,1,198,0
3425,265,4,5533,1,68,0
3426,265,4,5232,1,162,0
3427,265,4,5113,1,181,0
3428,265,4,5383,1,114,0
3429,265,4,5531,1,67,0
3430,265,4,5503,1,76,0
3431,265,4,5445,1,87,0
3432,265,4,5552,1,68,0
3433,265,4,5471,1,91,0
3434,265,4,5568,1,59,0
3435,265,4,5353,1,116,0
3436,265,4,5374,1,101,0
3437,265,4,5201,1,145,0
3438,265,4,5401,1,93,0
3439,265,4,5598,1,51,0
3440,265,4,5528,1,71,0
3441,265,4,5292,1,155,0
3442,265,4,5561,1,61,0
3443,265,4,5467,1,91,0
3444,266,1,1175,0,1001,0
3445,266,4,5297,1,145,0
3446,266,4,5299,1,156,0
3447,266,4,5431,1,96,0
3448,266,4,5336,1,113,0
3449,266,4,5598,1,54,0
3450,266,4,5280,1,119,0
3451,266,4,5498,1,84,0
3452,266,4,5281,1,150,0
3453,266,4,5410,1,93,0
3454,266,4,5400,1,101,0
3455,266,4,4974,1,180,0
3456,266,4,5262,1,123,0
3457,266,4,5484,1,72,0
3458,266,4,5426,1,96,0
3459,266,4,5429,1,103,0
3460,266,4,5429,1,86,0
3461,266,4,5401,1,105,0
3462,266,4,5589,1,53,0
3463,266,4,5200,1,132,0
3464,266,4,5291,1,124,0
3465,266,4,5415,1,94,0
3466,266,4,5462,1,83,0
3467,266,4,5005,1,232,0
3468,267,3,3362,0,1001,0
3469,267,4,5529,1,76,0
3470,267,4,5450,1,97,0
3471,267,4,5163,1,147,0
3472,267,4,5320,1,121,0
3473,267,4,5456,1,83,0
3474,267,4,5316,1,117,0
3475,267,4,4849,1,235,0
3476,267,4,5470,1,87,0
3477,267,4,5387,1,105,0
3478,267,4,5437,1,90,0
3479,267,4,5493,1,85,0
3480,267,4,5534,1,78,0
3481,267,4,5580,1,59,0
3482,267,4,5594,1,53,0
3483,267,4,5381,1,96,0
3484,267,4,5527,1,77,0
3485,267,4,5090,1,213,0
3486,267,4,5422,1,108,0
3487,267,4,4973,1,179,0
3488,268,4,5264,1,119,0
3489,268,4,3753,1,457,0
3490,268,4,5517,1,93,0
3491,268,4,5219,1,136,0
3492,268,4,4746,1,226,0
3493,268,4,5140,1,158,0
3494,268,4,4653,1,268,0
3495,268,4,5186,1,143,0
3496,268,4,4563,1,268,0
3497,268,4,5543,1,60,0
3498,268,4,5203,1,152,0
3499,268,4,4806,1,210,0
3500,269,0,99,0,1001,1
3501,269,4,4475,1,285,0
3502,269,4,5579,1,60,0
3503,269,4,5555,1,65,0
3504,269,4,4991,1,186,0
3505,269,4,4842,1,206,0
3506,269,4,4999,1,240,0
3507,269,4,5602,1,52,0
3508,269,4,5578,1,62,0
3509,269,4,5432,1,94,0
3510,269,4,5585,1,59,0
3511,269,4,5504,1,75,0
3512,269,4,5583,1,56,0
3513,269,4,5512,1,77,0
3514,269,4,5445,1,91,0
3515,269,4,5432,1,98,0
3516,269,4,5249,1,119,0
3517,269,4,5510,1,75,0
3518,269,4,5434,1,104,0
3519,269,4,5520,1,77,0
3520,269,4,5500,1,92,0
3521,269,4,5602,1,53,0
3522,269,4,5444,1,119,0
3523,269,4,5567,1,61,0
3524,270,1,1151,0,1001,0
3525,270,4,5075,1,233,0
3526,270,4,5574,1,64,0
3527,270,4,5479,1,104,0
3528,270,4,5455,1,92,0
3529,270,1,1186,0,1001,0
3530,270,4,5496,1,78,0
3531,270,4,5291,1,137,0
3532,270,4,5480,1,85,0
3533,270,4,5347,1,136,0
3534,270,4,5131,1,192,0
3535,270,4,4769,1,262,0
3536,270,4,5443,1,91,0
3537,270,4,5383,1,140,0
3538,271,4,4964,1,252,0
3539,271,4,5018,1,178,0
3540,271,4,4551,1,396,0
3541,271,4,5353,1,148,0
3542,271,4,5068,1,165,0
3543,271,4,5170,1,149,0
3544,271,4,4954,1,212,0
3545,271,4,5291,1,186,0
3546,271,4,5279,1,122,0
3547,271,4,5211,1,154,0
3548,271,4,5438,1,89,0
3549,271,4,5542,1,69,0
3550,271,4,5304,1,119,0
3551,271,4,5457,1,94,0
3552,271,4,5587,1,56,0
3553,271,4,5551,1,65,0
3554,271,4,5438,1,95,0
3555,272,1,1175,0,1001,0
3556,272,4,5314,1,121,0
3557,272,4,5182,1,131,0
3558,272,4,5261,1,119,0
3559,272,4,5203,1,139,0
3560,272,4,5412,1,99,0
3561,272,4,5135,1,151,0
3562,272,4,4975,1,187,0
3563,272,4,4972,1,174,0
3564,272,4,5556,1,63,0
3565,272,4,5497,1,76,0
3566,272,4,5460,1,82,0
3567,272,4,5454,1,97,0
3568,272,4,5231,1,157,0
3569,272,4,5496,1,88,0
3570,272,4,5263,1,135,0
3571,272,4,5533,1,68,0
3572,272,4,5486,1,80,0
3573,273,3,3345,0,1001,0
3574,273,4,5539,1,73,0
3575,273,4,5543,1,75,0
3576,273,1,1179,0,1001,0
3577,273,4,5343,1,98,0
3578,273,4,5417,1,94,0
3579,273,4,5570,1,69,0
3580,273,4,5305,1,112,0
3581,273,4,5177,1,162,0
3582,273,4,5486,1,85,0
3583,273,4,5486,1,91,0
3584,273,4,5522,1,75,0
3585,273,4,5541,1,71,0
3586,273,4,5454,1,91,0
3587,273,4,5561,1,70,0
3588,273,4,5477,1,95,0
3589,273,4,5584,1,52,0
3590,273,4,5524,1,74,0
3591,273,4,5449,1,89,0
3592,273,4,5276,1,140,0
3593,273,4,5104,1,151,0
3594,274,4,5453,1,83,0
3595,274,4,4950,1,196,0
3596,274,4,4681,1,240,0
3597,274,4,5000,1,175,0
3598,274,4,4413,1,307,0
3599,274,4,4651,1,248,0
3600,274,3,3513,0,1001,1
3601,274,4,5407,1,103,0
3602,274,4,4754,1,294,0
3603,274,4,5251,1,122,0
3604,274,4,5167,1,143,0
3605,274,4,5528,1,67,0
3606,274,4,5465,1,85,0
3607,275,4,5190,1,151,0
3608,275,3,3456,0,1001,0
3609,275,4,5289,1,136,0
3610,275,4,5353,1,129,0
3611,275,4,5470,1,105,0
3612,275,1,1181,0,1001,0
3613,275,4,5503,1,88,0
3614,275,4,5526,1,78,0
3615,275,4,5393,1,105,0
3616,275,4,4920,1,206,0
3617,275,4,5481,1,89,0
3618,276,4,5372,1,106,0
3619,276,4,5535,1,77,0
3620,276,4,5172,1,145,0
3621,276,4,5384,1,95,0
3622,276,4,4625,1,328,0
3623,276,4,5142,1,226,0
3624,276,4,5207,1,132,0
3625,276,4,5115,1,149,0
3626,276,4,4814,1,223,0
3627,276,4,4775,1,235,0
3628,276,3,3368,0,1001,0
3629,276,4,5451,1,98,0
3630,276,4,5575,1,63,0
3631,276,4,5477,1,84,0
3632,277,4,5122,1,145,0
3633,277,4,5585,1,52,0
3634,277,3,3415,0,1001,0
3635,277,4,5199,1,155,0
3636,277,4,5426,1,84,0
3637,277,4,5482,1,94,0
3638,277,1,1186,0,1001,0
3639,277,4,5576,1,58,0
3640,278,3,3479,0,1001,0
3641,278,4,5546,1,65,0
3642,278,4,5258,1,136,0
3643,278,2,2309,0,1001,0
3644,278,4,5468,1,86,0
3645,278,4,5233,1,147,0
3646,278,4,5518,1,84,0
3647,278,4,4944,1,185,0
3648,278,4,5539,1,75,0
3649,278,4,5008,1,182,0
3650,278,4,5474,1,93,0
3651,278,4,5289,1,126,0
3652,278,4,4969,1,188,0
3653,278,4,5150,1,154,0
3654,278,4,5526,1,75,0
3655,278,4,5575,1,58,0
3656,279,4,4498,1,326,0
3657,279,4,5498,1,96,0
3658,279,4,5109,1,158,0
3659,279,4,5511,1,91,0
3660,279,4,5487,1,92,0
3661,279,4,4567,1,270,0
3662,279,4,5399,1,118,0
3663,279,4,5331,1,124,0
3664,279,4,5565,1,62,0
3665,279,4,4861,1,203,0
3666,279,4,5531,1,72,0
3667,279,4,5501,1,88,0
3668,279,4,5406,1,110,0
3669,279,4,5383,1,122,0
3670,279,4,5494,1,95,0
3671,279,4,5232,1,152,0
3672,279,4,5426,1,91,0
3673,279,4,5447,1,96,0
3674,279,4,5350,1,118,0
3675,279,4,5499,1,87,0
3676,279,4,5406,1,107,0
3677,280,1,1179,0,1001,0
3678,280,1,1160,0,1001,0
3679,280,4,5523,1,76,0
3680,280,4,5450,1,111,0
3681,280,4,4871,1,266,0
3682,280,4,5162,1,200,0
3683,280,4,5446,1,105,0
3684,280,4,5217,1,184,0
3685,280,4,5480,1,96,0
3686,280,4,5393,1,129,0
3687,281,4,4574,1,404,0
3688,281,4,5412,1,103,0
3689,281,4,5520,1,70,0
3690,281,4,4517,1,399,0
3691,281,4,5393,1,120,0
3692,281,4,5425,1,99,0
3693,281,4,5524,1,75,0
3694,281,4,5284,1,135,0
3695,281,4,5489,1,82,0
3696,281,4,5548,1,65,0
3697,281,4,5254,1,145,0
3698,281,3,3413,0,1001,0
3699,281,4,5442,1,115,0
3700,282,3,3513,0,1001,1
3701,282,4,5460,1,87,0
3702,282,4,5487,1,85,0
3703,282,4,5500,1,86,0
3704,282,4,5229,1,204,0
3705,282,4,5510,1,80,0
3706,282,4,5551,1,69,0
3707,282,4,5413,1,125,0
3708,282,4,5547,1,70,0
3709,282,4,5568,1,60,0
3710,282,4,5446,1,85,0
3711,282,4,5442,1,93,0
3712,282,4,5283,1,119,0
3713,282,4,5546,1,68,0
3714,282,4,5310,1,136,0
3715,282,4,5444,1,102,0
3716,282,4,5531,1,76,0
3717,282,4,5531,1,76,0
3718,282,4,5584,1,54,0
3719,282,4,5524,1,87,0
3720,283,3,3193,0,1001,0
3721,283,4,5251,1,145,0
3722,283,4,4927,1,209,0
3723,283,4,4962,1,233,0
3724,283,4,5279,1,126,0
3725,283,4,5450,1,95,0
3726,283,4,5210,1,133,0
3727,283,4,5256,1,164,0
3728,283,2,2330,0,1001,0
3729,283,4,5268,1,184,0
3730,283,4,5521,1,76,0
3731,283,4,4537,1,303,0
3732,283,4,5095,1,203,0
3733,283,4,5477,1,91,0
3734,284,3,3446,0,1001,0
3735,284,3,2930,0,1001,0
3736,284,3,3125,0,1001,0
3737,285,4,4949,1,194,0
3738,285,4,4089,1,525,0
3739,285,4,4951,1,183,0
3740,285,4,4964,1,207,0
3741,285,4,4990,1,216,0
3742,285,4,5514,1,69,0
3743,285,4,5487,1,75,0
3744,285,4,5248,1,148,0
3745,285,4,5501,1,90,0
3746,285,4,5457,1,85,0
3747,285,4,5275,1,139,0
3748,285,4,4932,1,212,0
3749,285,4,4995,1,184,0
3750,285,4,5517,1,76,0
3751,285,4,4990,1,219,0
3752,285,4,5502,1,81,0
3753,285,4,5267,1,130,0
3754,286,4,4649,1,270,0
3755,286,4,5429,1,93,0
3756,286,4,5321,1,110,0
3757,286,4,5230,1,142,0
3758,286,4,5274,1,152,0
3759,286,4,5360,1,100,0
3760,286,4,5025,1,195,0
3761,286,4,5295,1,122,0
3762,286,4,5153,1,150,0
3763,286,4,5388,1,97,0
3764,286,4,5320,1,128,0
3765,286,4,5079,1,154,0
3766,286,4,5303,1,172,0
3767,286,4,5462,1,112,0
3768,286,4,4579,1,281,0
3769,286,4,5449,1,99,0
3770,286,4,5359,1,113,0
3771,286,4,5281,1,132,0
3772,286,4,5097,1,274,0
3773,286,4,5078,1,155,0
3774,286,4,5164,1,155,0
3775,287,4,5024,1,186,0
3776,287,4,4107,1,591,0
3777,287,4,5120,1,202,0
3778,287,4,5221,1,149,0
3779,287,4,5065,1,210,0
3780,287,4,4848,1,260,0
3781,287,4,4981,1,239,0
3782,287,4,5113,1,162,0
3783,287,4,5550,1,75,0
3784,287,4,4062,1,485,0
3785,287,4,5352,1,129,0
3786,287,4,4748,1,314,0
3787,288,4,5002,1,233,0
3788,288,4,5408,1,102,0
3789,288,4,5554,1,72,0
3790,288,4,5286,1,124,0
3791,288,4,5234,1,150,0
3792,288,4,5165,1,202,0
3793,288,4,5467,1,100,0
3794,288,4,5086,1,244,0
3795,288,4,5360,1,113,0
3796,288,4,5517,1,82,0
3797,288,4,5355,1,119,0
3798,288,4,4954,1,220,0
3799,288,4,5383,1,123,0
3800,288,0,99,0,1001,1
3801,288,4,5461,1,92,0
3802,288,4,5073,1,219,0
3803,289,4,5218,1,156,0
3804,289,4,5549,1,66,0
3805,289,4,5471,1,92,0
3806,289,4,5276,1,132,0
3807,289,4,4416,1,394,0
3808,289,4,5501,1,73,0
3809,289,4,5449,1,118,0
3810,289,4,5160,1,202,0
3811,289,4,5500,1,81,0
3812,289,4,5172,1,201,0
3813,289,4,5524,1,73,0
3814,289,4,5425,1,97,0
3815,289,4,5156,1,187,0
3816,289,4,5449,1,89,0
3817,289,4,5467,1,87,0
3818,289,4,5364,1,108,0
3819,289,4,5312,1,149,0
3820,289,4,5241,1,140,0
3821,290,2,2293,0,1001,0
3822,290,4,5145,1,182,0
3823,290,4,5475,1,95,0
3824,290,4,5363,1,102,0
3825,290,2,2397,0,1001,0
3826,290,4,5407,1,131,0
3827,290,4,5605,1,53,0
3828,290,4,5524,1,97,0
3829,290,4,5258,1,170,0
3830,290,4,5488,1,79,0
3831,290,4,5340,1,131,0
3832,290,4,4589,1,269,0
3833,290,4,5410,1,141,0
3834,290,4,5445,1,106,0
3835,290,4,5289,1,140,0
3836,290,4,5313,1,141,0
3837,291,4,5216,1,183,0
3838,291,4,5489,1,80,0
3839,291,4,5423,1,120,0
3840,291,4,5371,1,136,0
3841,291,4,5125,1,240,0
3842,291,4,5210,1,202,0
3843,291,4,5349,1,107,0
3844,291,4,4824,1,299,0
3845,291,4,5478,1,106,0
3846,291,4,5420,1,120,0
3847,291,4,4272,1,584,0
3848,291,4,5439,1,93,0
3849,291,4,5551,1,66,0
3850,291,4,5375,1,115,0
3851,291,4,5551,1,66,0
3852,291,4,5287,1,125,0
3853,291,4,5439,1,98,0
3854,291,4,5468,1,89,0
3855,291,4,5480,1,91,0
3856,291,4,5356,1,119,0
3857,292,4,5543,1,74,0
3858,292,4,5427,1,107,0
3859,292,4,5471,1,103,0
3860,292,4,5521,1,78,0
3861,292,4,5510,1,75,0
3862,292,4,5345,1,132,0
3863,292,4,5312,1,136,0
3864,292,4,5496,1,81,0
3865,292,4,5409,1,95,0
3866,292,4,5403,1,150,0
3867,292,4,5516,1,73,0
3868,292,4,5441,1,89,0
3869,292,4,5307,1,136,0
3870,292,4,4273,1,524,0
3871,292,4,5330,1,150,0
3872,292,4,4854,1,298,0
3873,292,4,5506,1,79,0
3874,292,4,5499,1,80,0
3875,292,4,5247,1,171,0
3876,292,4,5313,1,120,0
3877,292,4,5390,1,102,0
3878,292,4,5346,1,123,0
3879,292,4,5503,1,76,0
3880,292,4,5424,1,109,0
3881,293,4,5472,1,95,0
3882,293,4,5331,1,144,0
3883,293,4,5357,1,122,0
3884,293,4,5357,1,142,0
3885,293,4,5520,1,76,0
3886,293,4,5387,1,131,0
3887,293,4,5487,1,105,0
3888,293,4,5257,1,142,0
3889,293,4,4846,1,227,0
3890,293,4,4127,1,498,0
3891,293,4,5359,1,141,0
3892,293,4,5552,1,63,0
3893,293,4,5516,1,72,0
3894,293,3,3451,0,1001,0
3895,294,2,2288,0,1001,0
3896,294,4,5570,1,81,0
3897,294,4,5525,1,74,0
3898,294,4,5454,1,88,0
3899,294,4,5522,1,71,0
3900,294,3,3499,0,1001,1
3901,294,4,5355,1,125,0
3902,294,4,5526,1,82,0
3903,294,4,5386,1,102,0
3904,294,4,5247,1,152,0
3905,294,4,5098,1,164,0
3906,294,4,4897,1,201,0
3907,295,4,5135,1,165,0
3908,295,4,4584,1,261,0
3909,295,4,5120,1,183,0
3910,295,4,4992,1,176,0
3911,295,4,5435,1,105,0
3912,295,4,5437,1,104,0
3913,295,4,5027,1,192,0
3914,295,4,4976,1,201,0
3915,295,4,5190,1,144,0
3916,295,4,4875,1,207,0
3917,295,4,5475,1,114,0
3918,295,4,5168,1,141,0
3919,295,4,5180,1,183,0
3920,295,4,4951,1,241,0
3921,295,4,5264,1,127,0
3922,295,4,5379,1,97,0
3923,295,4,5379,1,120,0
3924,295,4,4905,1,221,0
3925,295,4,4987,1,182,0
3926,296,4,5409,1,123,0
3927,296,4,4959,1,187,0
3928,296,4,5206,1,135,0
3929,296,4,4665,1,277,0
3930,296,4,5502,1,84,0
3931,296,4,5358,1,128,0
3932,296,4,5431,1,110,0
3933,296,4,5279,1,144,0
3934,296,4,5181,1,141,0
3935,296,4,5413,1,88,0
3936,296,4,5405,1,102,0
3937,296,4,5254,1,151,0
3938,296,4,4812,1,221,0
3939,296,4,5196,1,146,0
3940,296,4,5263,1,118,0
3941,296,4,5204,1,149,0
3942,297,1,1162,0,1001,0
3943,297,4,5344,1,101,0
3944,297,4,5511,1,66,0
3945,297,4,5511,1,72,0
3946,297,4,5492,1,86,0
3947,297,4,5258,1,164,0
3948,297,4,5535,1,108,0
3949,297,4,5545,1,63,0
3950,297,4,5546,1,67,0
3951,297,4,5449,1,82,0
3952,297,4,5429,1,92,0
3953,297,4,5430,1,100,0
3954,297,4,5077,1,199,0
3955,297,4,5498,1,69,0
3956,297,4,5431,1,92,0
3957,297,4,5478,1,77,0
3958,297,4,4293,1,545,0
3959,297,4,5477,1,76,0
3960,297,4,5373,1,98,0
3961,297,4,5430,1,88,0
3962,297,4,5442,1,121,0
3963,297,4,5514,1,69,0
3964,297,4,5515,1,73,0
3965,298,3,3376,0,1001,0
3966,298,4,5552,1,65,0
3967,298,4,5472,1,75,0
3968,298,4,5453,1,86,0
3969,298,4,5331,1,103,0
3970,298,4,5476,1,88,0
3971,298,4,5549,1,62,0
3972,298,4,5472,1,95,0
3973,298,4,5487,1,91,0
3974,298,4,5352,1,109,0
3975,298,4,5517,1,65,0
3976,298,4,5487,1,76,0
3977,298,4,5294,1,120,0
3978,298,4,5524,1,69,0
3979,298,4,5273,1,132,0
3980,298,4,5336,1,105,0
3981,298,4,5320,1,101,0
3982,298,4,5423,1,96,0
3983,298,4,5252,1,137,0
3984,298,4,5489,1,74,0
3985,298,4,5557,1,66,0
3986,298,4,5498,1,71,0
3987,298,4,5505,1,68,0
3988,298,4,5449,1,83,0
3989,298,4,5465,1,77,0
3990,298,4,5494,1,75,0
3991,298,4,5196,1,155,0
3992,298,4,5370,1,101,0
3993,299,4,5327,1,101,0
3994,299,4,5277,1,117,0
3995,299,4,5451,1,94,0
3996,299,4,5140,1,144,0
3997,299,4,5422,1,109,0
3998,299,4,5407,1,94,0
3999,299,4,5597,1,55,0
4000,299,0,0,0,1001,1
4001,299,4,5514,1,72,0
