1,0,3,2516,0,1001,0
2,1,2,2188,0,1001,0
3,1,3,2958,0,1001,0
4,1,3,3179,0,1001,0
5,2,2,2005,0,1001,0
6,2,3,2625,0,1001,0
7,2,3,2471,0,1001,0
8,3,3,3173,0,1001,0
9,3,2,2043,0,1001,0
10,3,3,2772,0,1001,0
11,4,2,2260,0,1001,0
12,4,3,2199,0,1001,0
13,4,2,2057,0,1001,0
14,5,3,2222,0,1001,0
15,5,3,2887,0,1001,0
16,5,3,2837,0,1001,0
17,6,3,2581,0,1001,0
18,6,3,2540,0,1001,0
19,6,2,1540,0,1001,0
20,7,3,2428,0,1001,0
21,7,3,2304,0,1001,0
22,7,3,2541,0,1001,0
23,7,3,2314,0,1001,0
24,8,3,2338,0,1001,0
25,8,3,2873,0,1001,0
26,8,2,2097,0,1001,0
27,9,3,2584,0,1001,0
28,9,3,2840,0,1001,0
29,9,3,3038,0,1001,0
30,10,2,1520,0,1001,0
31,10,2,1756,0,1001,0
32,10,2,2266,0,1001,0
33,10,3,2657,0,1001,0
34,11,3,2990,0,1001,0
35,11,3,2864,0,1001,0
36,11,3,3106,0,1001,0
37,12,3,3224,0,1001,0
38,12,3,2979,0,1001,0
39,12,3,2803,0,1001,0
40,13,3,3219,0,1001,0
41,13,3,3377,0,1001,0
42,13,3,2823,0,1001,0
43,13,3,3050,0,1001,0
44,14,2,1855,0,1001,0
45,14,3,2522,0,1001,0
46,14,4,4153,1,536,0
47,14,4,5189,1,138,0
48,14,4,4818,1,233,0
49,14,4,4949,1,233,0
50,15,2,1873,0,1001,0
51,15,4,4429,1,339,0
52,15,3,3079,0,1001,0
53,15,4,4815,1,303,0
54,16,3,3066,0,1001,0
55,16,3,3011,0,1001,0
56,16,4,3667,1,894,0
57,16,4,4886,1,216,0
58,16,4,4638,1,343,0
59,17,4,4934,1,269,0
60,17,4,3685,1,672,0
61,17,4,4830,1,285,0
62,17,4,4019,1,595,0
63,17,4,4473,1,427,0
64,17,4,3906,1,631,0
65,18,4,3633,1,748,0
66,18,4,4918,1,237,0
67,18,4,4652,1,363,0
68,18,4,4300,1,398,0
69,18,4,3396,1,881,0
70,18,4,4636,1,255,0
71,18,4,4253,1,418,0
72,18,4,5084,1,215,0
73,19,3,3199,0,1001,0
74,19,4,4836,1,398,0
75,19,4,4788,1,285,0
76,19,4,5173,1,186,0
77,19,4,4993,1,223,0
78,19,4,5313,1,122,0
79,19,4,5073,1,161,0
80,19,4,5148,1,154,0
81,19,4,3716,1,541,0
82,20,4,4619,1,314,0
83,20,4,4982,1,186,0
84,20,4,5219,1,135,0
85,20,4,4850,1,228,0
86,20,4,5187,1,152,0
87,20,3,3481,0,1001,0
88,20,4,5410,1,97,0
89,20,4,5209,1,143,0
90,20,4,5325,1,123,0
91,20,4,5123,1,185,0
92,20,4,4990,1,208,0
93,20,4,5086,1,200,0
94,21,4,4876,1,353,0
95,21,4,4951,1,222,0
96,21,4,5585,1,53,0
97,21,4,4865,1,262,0
98,21,3,3363,0,1001,0
99,21,4,5236,1,138,0
100,21,0,0,0,1001,1
101,21,4,4773,1,243,0
102,22,4,4989,1,213,0
103,22,4,4679,1,272,0
104,22,4,5122,1,168,0
105,22,4,4993,1,199,0
106,22,4,4340,1,379,0
107,22,4,4386,1,352,0
108,22,3,3492,0,1001,0
109,22,4,4397,1,426,0
110,23,4,5032,1,212,0
111,23,4,4648,1,266,0
112,23,4,4930,1,233,0
113,23,4,4899,1,228,0
114,23,4,4676,1,299,0
115,23,4,4435,1,383,0
116,23,4,5124,1,166,0
117,23,4,5417,1,97,0
118,23,4,5234,1,138,0
119,23,2,2033,0,1001,0
120,23,4,5247,1,202,0
121,24,4,4076,1,415,0
122,24,4,5271,1,131,0
123,24,4,5308,1,128,0
124,24,4,5333,1,115,0
125,24,4,4787,1,250,0
126,24,4,5228,1,133,0
127,24,4,4933,1,213,0
128,24,4,5178,1,152,0
129,24,4,4802,1,333,0
130,24,3,3292,0,1001,0
131,25,3,3343,0,1001,0
132,25,4,5458,1,85,0
133,25,4,4939,1,231,0
134,25,4,5014,1,228,0
135,25,4,5504,1,75,0
136,25,4,5173,1,156,0
137,25,4,5448,1,86,0
138,25,4,5301,1,122,0
139,25,4,5360,1,107,0
140,25,4,5427,1,94,0
141,25,4,5120,1,196,0
142,25,4,5500,1,77,0
143,25,4,5162,1,148,0
144,25,4,5229,1,138,0
145,25,4,5351,1,113,0
146,25,4,5014,1,198,0
147,26,3,3289,0,1001,0
148,26,4,5443,1,86,0
149,26,4,4996,1,202,0
150,26,4,5094,1,175,0
151,26,4,5284,1,127,0
152,26,3,3514,0,1001,0
153,26,4,4202,1,450,0
154,26,4,5045,1,174,0
155,26,4,5504,1,76,0
156,26,4,5518,1,71,0
157,26,4,5411,1,97,0
158,26,4,5453,1,90,0
159,27,4,5341,1,116,0
160,27,4,5294,1,131,0
161,27,4,5432,1,83,0
162,27,4,5375,1,104,0
163,27,4,5164,1,171,0
164,27,4,5191,1,138,0
165,27,4,3585,1,693,0
166,27,4,5204,1,149,0
167,27,4,5528,1,68,0
168,27,3,3509,0,1001,0
169,27,4,5096,1,168,0
170,27,4,5392,1,100,0
171,27,4,5428,1,90,0
172,28,4,5248,1,153,0
173,28,4,5422,1,122,0
174,28,4,5289,1,128,0
175,28,4,5147,1,194,0
176,28,4,5350,1,104,0
177,28,4,5504,1,76,0
178,28,4,4632,1,453,0
179,28,4,5047,1,189,0
180,28,4,3555,1,717,0
181,28,4,4522,1,392,0
182,28,4,5423,1,104,0
183,28,4,5600,1,52,0
184,28,4,5534,1,66,0
185,28,4,5406,1,96,0
186,29,2,1988,0,1001,0
187,29,4,5304,1,134,0
188,29,4,5219,1,145,0
189,29,4,5447,1,96,0
190,29,4,5171,1,191,0
191,29,4,5436,1,82,0
192,29,4,5287,1,126,0
193,29,4,5420,1,94,0
194,29,4,4428,1,447,0
195,29,4,5503,1,75,0
196,29,4,5381,1,100,0
197,29,4,5450,1,89,0
198,29,4,5404,1,104,0
199,29,4,5346,1,111,0
200,30,1,1185,0,1001,1
201,30,4,5433,1,91,0
202,30,4,5016,1,186,0
203,30,4,5188,1,151,0
204,30,4,5263,1,134,0
205,30,4,5251,1,138,0
206,30,4,4665,1,349,0
207,30,4,4447,1,415,0
208,30,2,2066,0,1001,0
209,30,4,5180,1,191,0
210,31,3,3094,0,1001,0
211,31,4,5391,1,107,0
212,31,4,5163,1,166,0
213,31,4,5439,1,92,0
214,31,4,5260,1,141,0
215,31,3,3464,0,1001,0
216,31,4,5206,1,167,0
217,32,3,3246,0,1001,0
218,32,4,5415,1,106,0
219,32,4,5187,1,142,0
220,32,4,5401,1,95,0
221,32,4,5108,1,165,0
222,32,4,5465,1,81,0
223,32,3,3260,0,1001,0
224,32,4,5344,1,110,0
225,32,4,5111,1,183,0
226,32,4,4917,1,305,0
227,32,4,5359,1,108,0
228,33,1,1165,0,1001,0
229,33,4,5435,1,123,0
230,33,4,4788,1,260,0
231,33,4,5587,1,54,0
232,33,4,5047,1,190,0
233,33,4,5364,1,108,0
234,33,4,4968,1,236,0
235,33,4,4923,1,223,0
236,33,4,5514,1,74,0
237,33,4,5318,1,131,0
238,33,4,5232,1,137,0
239,33,4,4714,1,570,0
240,33,4,5445,1,86,0
241,33,4,5353,1,111,0
242,34,3,3186,0,1001,0
243,34,4,4558,1,406,0
244,34,4,5445,1,87,0
245,34,4,4558,1,341,0
246,34,4,4991,1,230,0
247,34,4,5029,1,183,0
248,34,4,4708,1,321,0
249,34,4,5228,1,164,0
250,34,4,5207,1,141,0
251,34,4,5243,1,134,0
252,35,3,3409,0,1001,0
253,35,4,5300,1,123,0
254,35,4,5333,1,121,0
255,35,4,4285,1,500,0
256,35,4,5400,1,94,0
257,35,4,5212,1,148,0
258,35,4,5482,1,80,0
259,35,4,5096,1,163,0
260,35,4,5567,1,59,0
261,35,4,5514,1,73,0
262,35,4,5269,1,138,0
263,35,4,5158,1,150,0
264,35,4,4863,1,283,0
265,35,4,5226,1,142,0
266,35,4,5297,1,129,0
267,35,4,5322,1,135,0
268,35,4,5439,1,87,0
269,36,3,3286,0,1001,0
270,36,4,5252,1,147,0
271,36,4,4730,1,276,0
272,36,4,5085,1,198,0
273,36,4,4833,1,247,0
274,36,1,1150,0,1001,0
275,36,4,5329,1,116,0
276,36,4,5246,1,189,0
277,37,4,5434,1,93,0
278,37,4,5121,1,175,0
279,37,4,5564,1,64,0
280,37,4,5376,1,100,0
281,37,4,5454,1,83,0
282,37,4,5395,1,99,0
283,37,4,5055,1,158,0
284,37,4,5441,1,97,0
285,37,4,5516,1,80,0
286,37,4,5376,1,105,0
287,37,4,5142,1,170,0
288,37,4,5328,1,150,0
289,37,4,5007,1,264,0
290,37,4,5485,1,90,0
291,37,4,5459,1,85,0
292,37,4,5391,1,98,0
293,37,4,5280,1,128,0
294,37,4,5331,1,166,0
295,37,4,5243,1,138,0
296,37,4,5475,1,83,0
297,37,4,5494,1,75,0
298,37,4,5326,1,117,0
299,37,4,5331,1,118,0
300,38,1,1185,0,1001,1
301,38,4,5468,1,81,0
302,38,4,5462,1,82,0
303,38,4,5365,1,109,0
304,38,4,5122,1,184,0
305,38,3,2987,0,1001,0
306,38,4,5416,1,94,0
307,38,4,5103,1,180,0
308,38,4,5480,1,80,0
309,39,3,3212,0,1001,0
310,39,4,5564,1,64,0
311,39,4,5362,1,128,0
312,39,4,5455,1,96,0
313,39,4,5385,1,107,0
314,39,3,3291,0,1001,0
315,39,4,4837,1,220,0
316,39,4,4760,1,254,0
317,39,4,5232,1,167,0
318,39,4,5476,1,81,0
319,39,4,5392,1,101,0
320,39,4,5444,1,103,0
321,39,4,5016,1,194,0
322,39,4,5361,1,106,0
323,39,4,5387,1,95,0
324,39,4,5290,1,181,0
325,40,4,5378,1,104,0
326,40,4,5260,1,205,0
327,40,4,5272,1,172,0
328,40,4,5136,1,190,0
329,40,4,5422,1,102,0
330,40,4,5363,1,110,0
331,40,4,4840,1,304,0
332,40,4,5469,1,98,0
333,40,4,4805,1,265,0
334,40,1,1235,0,1001,0
335,40,4,5158,1,175,0
336,40,4,5409,1,100,0
337,40,4,5313,1,136,0
338,41,4,4895,1,354,0
339,41,4,5371,1,110,0
340,41,4,5138,1,169,0
341,41,4,5312,1,125,0
342,41,4,5450,1,87,0
343,41,4,5239,1,159,0
344,41,4,4866,1,270,0
345,41,4,5366,1,110,0
346,41,4,5349,1,125,0
347,41,4,5348,1,171,0
348,41,4,5374,1,111,0
349,41,4,4308,1,484,0
350,41,4,5243,1,145,0
351,41,4,5235,1,151,0
352,42,1,1244,0,1001,0
353,42,4,5439,1,101,0
354,42,4,5386,1,106,0
355,42,3,3327,0,1001,0
356,42,4,5260,1,132,0
357,42,1,1176,0,1001,0
358,42,4,5340,1,111,0
359,43,3,3534,0,1001,0
360,43,4,5500,1,74,0
361,43,4,5260,1,126,0
362,43,4,5307,1,152,0
363,43,4,5420,1,94,0
364,43,4,5256,1,158,0
365,43,4,5234,1,142,0
366,43,4,5494,1,75,0
367,43,4,5385,1,107,0
368,43,4,5373,1,115,0
369,43,4,5157,1,204,0
370,43,4,5234,1,161,0
371,43,4,5402,1,100,0
372,43,4,5502,1,81,0
373,43,4,4965,1,263,0
374,44,3,3164,0,1001,0
375,44,4,5035,1,231,0
376,44,4,5122,1,174,0
377,44,4,5164,1,156,0
378,44,4,5197,1,148,0
379,44,3,3411,0,1001,0
380,44,4,5281,1,130,0
381,44,4,5405,1,116,0
382,44,4,5420,1,115,0
383,44,4,5295,1,147,0
384,44,4,5366,1,105,0
385,44,4,5357,1,109,0
386,44,4,5352,1,116,0
387,44,4,4845,1,266,0
388,45,4,5197,1,173,0
389,45,4,5413,1,103,0
390,45,4,5268,1,130,0
391,45,4,5310,1,135,0
392,45,4,5431,1,103,0
393,45,4,5480,1,78,0
394,45,4,5301,1,127,0
395,45,4,5332,1,140,0
396,45,4,5083,1,180,0
397,45,4,5444,1,87,0
398,45,4,5426,1,89,0
399,45,4,5305,1,141,0
400,45,1,1185,0,1001,1
401,45,4,4968,1,215,0
402,45,4,4737,1,266,0
403,45,4,5016,1,200,0
404,46,3,2820,0,1001,0
405,46,3,3438,0,1001,0
406,46,4,5253,1,142,0
407,46,4,4877,1,233,0
408,46,4,4421,1,321,0
409,46,4,4982,1,210,0
410,46,4,5084,1,265,0
411,47,4,5452,1,86,0
412,47,3,3501,0,1001,0
413,47,4,5174,1,156,0
414,47,4,4747,1,306,0
415,47,4,5380,1,107,0
416,47,4,4662,1,303,0
417,47,4,5568,1,58,0
418,47,4,4469,1,600,0
419,47,4,5236,1,123,0
420,48,3,2917,0,1001,0
421,48,4,5435,1,100,0
422,48,4,5165,1,170,0
423,48,4,4914,1,230,0
424,48,4,5460,1,89,0
425,48,4,5514,1,70,0
426,48,4,5347,1,128,0
427,48,4,5422,1,85,0
428,48,4,4933,1,231,0
429,48,4,4842,1,282,0
430,48,4,5459,1,89,0
431,48,4,4706,1,376,0
432,48,4,5492,1,76,0
433,48,4,4192,1,555,0
434,49,4,5504,1,71,0
435,49,4,5467,1,93,0
436,49,4,5491,1,79,0
437,49,3,3495,0,1001,0
438,49,4,4771,1,259,0
439,49,4,4672,1,300,0
440,49,4,5197,1,157,0
441,49,4,5470,1,93,0
442,49,4,5318,1,130,0
443,49,4,5271,1,139,0
444,49,4,4900,1,232,0
445,50,3,2714,0,1001,0
446,50,3,3332,0,1001,0
447,50,4,4440,1,371,0
448,50,4,5335,1,141,0
449,50,4,4728,1,270,0
450,50,4,4992,1,192,0
451,50,4,5248,1,150,0
452,50,4,4685,1,257,0
453,50,4,4711,1,292,0
454,50,4,5448,1,93,0
455,50,4,5406,1,104,0
456,50,4,5396,1,108,0
457,50,4,5083,1,184,0
458,51,4,5394,1,105,0
459,51,4,4905,1,226,0
460,51,4,5240,1,142,0
461,51,4,5250,1,140,0
462,51,4,5194,1,172,0
463,51,4,5117,1,198,0
464,51,4,4606,1,335,0
465,51,4,5230,1,158,0
466,51,4,5526,1,68,0
467,51,4,5433,1,83,0
468,51,4,5330,1,120,0
469,51,4,3887,1,658,0
470,51,4,5007,1,188,0
471,51,4,4833,1,243,0
472,51,4,5222,1,131,0
473,51,4,4958,1,247,0
474,51,4,5404,1,108,0
475,52,4,4921,1,204,0
476,52,4,5485,1,93,0
477,52,4,5492,1,78,0
478,52,4,5163,1,206,0
479,52,4,5382,1,107,0
480,52,4,4319,1,483,0
481,52,4,5406,1,101,0
482,52,4,4188,1,448,0
483,52,4,4804,1,272,0
484,52,3,2559,0,1001,0
485,52,4,4998,1,235,0
486,53,3,3408,0,1001,0
487,53,4,4294,1,453,0
488,53,4,5504,1,80,0
489,53,4,5546,1,64,0
490,53,4,5323,1,136,0
491,53,4,5219,1,164,0
492,53,4,5443,1,106,0
493,53,4,5169,1,157,0
494,53,4,5146,1,180,0
495,53,4,4909,1,441,0
496,53,4,5368,1,102,0
497,53,4,5288,1,210,0
498,53,4,5004,1,201,0
499,53,4,5299,1,123,0
500,54,1,1283,0,1001,1
501,54,1,1183,0,1001,0
502,54,4,5451,1,84,0
503,54,4,5390,1,122,0
504,54,4,5130,1,172,0
505,54,4,5491,1,78,0
506,54,4,5552,1,63,0
507,54,4,5166,1,157,0
508,54,4,5319,1,134,0
509,54,4,5482,1,79,0
510,54,4,5488,1,105,0
511,54,4,4860,1,299,0
512,55,3,3585,0,1001,0
513,55,4,4517,1,355,0
514,55,3,3524,0,1001,0
515,55,4,5188,1,175,0
516,55,4,5537,1,72,0
517,55,4,5506,1,79,0
518,55,4,4768,1,326,0
519,55,4,5251,1,130,0
520,55,4,5456,1,79,0
521,56,3,3066,0,1001,0
522,56,4,5530,1,69,0
523,56,4,5281,1,146,0
524,56,4,5480,1,79,0
525,56,4,5390,1,132,0
526,56,1,1185,0,1001,0
527,56,3,3396,0,1001,0
528,56,4,5422,1,99,0
529,56,4,4586,1,419,0
530,57,4,5203,1,132,0
531,57,4,5400,1,106,0
532,57,3,3417,0,1001,0
533,57,4,5180,1,131,0
534,57,3,2687,0,1001,0
535,57,4,5581,1,56,0
536,57,4,5342,1,179,0
537,57,4,4633,1,361,0
538,57,4,5359,1,111,0
539,57,4,5405,1,101,0
540,58,4,4186,1,633,0
541,58,4,5180,1,203,0
542,58,4,5309,1,120,0
543,58,4,4947,1,242,0
544,58,4,5236,1,151,0
545,58,4,5499,1,83,0
546,58,4,5162,1,155,0
547,58,4,5452,1,83,0
548,58,4,4307,1,431,0
549,58,4,5485,1,79,0
550,58,4,4554,1,351,0
551,58,4,5403,1,97,0
552,58,4,5406,1,97,0
553,58,4,4964,1,217,0
554,58,4,5445,1,88,0
555,59,4,4557,1,400,0
556,59,4,5431,1,94,0
557,59,3,3396,0,1001,0
558,59,4,5319,1,138,0
559,59,4,5426,1,101,0
560,59,4,5162,1,142,0
561,59,4,5092,1,168,0
562,59,4,5257,1,121,0
563,59,4,4651,1,277,0
564,59,4,4965,1,261,0
565,59,4,5451,1,91,0
566,59,4,4947,1,220,0
567,59,4,5157,1,161,0
568,59,4,5243,1,130,0
569,59,4,5281,1,146,0
570,60,4,5197,1,148,0
571,60,4,5014,1,196,0
572,60,4,4811,1,260,0
573,60,4,5551,1,63,0
574,60,4,5514,1,73,0
575,60,4,5407,1,97,0
576,60,4,5312,1,120,0
577,60,4,5461,1,93,0
578,60,3,3497,0,1001,0
579,60,4,5421,1,99,0
580,60,4,5365,1,107,0
581,60,4,5025,1,204,0
582,60,4,5257,1,138,0
583,60,4,5211,1,149,0
584,60,4,5344,1,117,0
585,60,4,5154,1,197,0
586,61,4,5329,1,114,0
587,61,4,5470,1,84,0
588,61,3,3329,0,1001,0
589,61,4,5205,1,139,0
590,61,4,5391,1,100,0
591,61,4,5472,1,85,0
592,61,4,5443,1,102,0
593,61,4,5198,1,147,0
594,61,4,4213,1,378,0
595,61,4,5568,1,63,0
596,61,4,5188,1,232,0
597,61,4,5279,1,130,0
598,61,4,5529,1,68,0
599,61,4,5094,1,180,0
600,62,1,1283,0,1001,1
601,62,4,5479,1,79,0
602,62,4,5479,1,81,0
603,62,4,5456,1,91,0
604,62,4,5393,1,106,0
605,62,3,3285,0,1001,0
606,62,4,5092,1,183,0
607,62,4,5108,1,185,0
608,62,4,5515,1,73,0
609,62,4,5015,1,205,0
610,62,4,5482,1,79,0
611,62,4,5474,1,81,0
612,62,4,5574,1,61,0
613,62,4,5477,1,86,0
614,62,4,5423,1,101,0
615,63,1,1188,0,1001,0
616,63,4,5323,1,134,0
617,63,4,5276,1,133,0
618,63,4,5408,1,107,0
619,63,4,5312,1,146,0
620,63,2,2090,0,1001,0
621,63,4,5316,1,127,0
622,63,4,5165,1,166,0
623,63,4,5480,1,100,0
624,63,4,5127,1,171,0
625,63,4,5395,1,129,0
626,64,4,5464,1,106,0
627,64,4,4864,1,260,0
628,64,4,5274,1,153,0
629,64,4,5196,1,171,0
630,64,4,5152,1,181,0
631,64,4,4499,1,358,0
632,64,4,4914,1,246,0
633,64,4,4269,1,455,0
634,64,4,5236,1,145,0
635,64,4,5325,1,151,0
636,64,4,5034,1,174,0
637,64,4,5183,1,158,0
638,64,4,5340,1,113,0
639,64,4,5163,1,166,0
640,64,4,5100,1,207,0
641,65,4,5165,1,156,0
642,65,4,5166,1,167,0
643,65,4,4911,1,241,0
644,65,4,5371,1,117,0
645,65,4,5209,1,155,0
646,65,4,4918,1,225,0
647,65,4,4544,1,364,0
648,65,4,5368,1,109,0
649,65,4,5425,1,91,0
650,65,4,5250,1,163,0
651,65,4,5317,1,131,0
652,65,4,4700,1,297,0
653,65,4,4363,1,392,0
654,65,4,4537,1,366,0
655,65,4,5450,1,101,0
656,66,4,4992,1,222,0
657,66,4,5480,1,80,0
658,66,4,5382,1,140,0
659,66,4,5566,1,63,0
660,66,4,5394,1,122,0
661,66,4,5295,1,144,0
662,66,4,5150,1,191,0
663,66,3,3328,0,1001,0
664,66,2,2167,0,1001,0
665,67,3,2376,0,1001,0
666,67,4,5302,1,129,0
667,67,4,5186,1,204,0
668,67,4,5443,1,101,0
669,67,4,5267,1,129,0
670,67,4,4401,1,349,0
671,67,4,5521,1,82,0
672,67,4,5532,1,72,0
673,67,4,5562,1,64,0
674,67,4,5291,1,133,0
675,67,4,5300,1,136,0
676,67,4,5255,1,153,0
677,67,4,4991,1,210,0
678,67,4,4898,1,225,0
679,67,4,5577,1,59,0
680,67,4,5380,1,139,0
681,67,4,5590,1,53,0
682,68,4,4851,1,238,0
683,68,4,5421,1,95,0
684,68,4,5477,1,90,0
685,68,4,5408,1,104,0
686,68,4,5445,1,93,0
687,68,4,5378,1,105,0
688,68,4,5471,1,89,0
689,68,4,5531,1,84,0
690,68,4,5523,1,72,0
691,68,4,4987,1,209,0
692,68,4,5310,1,150,0
693,68,4,5414,1,122,0
694,68,4,5584,1,57,0
695,68,4,5390,1,124,0
696,68,4,4630,1,347,0
697,68,4,5189,1,183,0
698,68,4,5032,1,202,0
699,68,4,5110,1,192,0
700,69,1,1283,0,1001,1
701,69,4,5112,1,148,0
702,69,4,5065,1,200,0
703,69,4,4673,1,287,0
704,69,4,3790,1,595,0
705,69,2,2347,0,1001,0
706,69,4,4165,1,484,0
707,70,4,4680,1,316,0
708,70,3,2396,0,1001,0
709,70,4,5306,1,172,0
710,70,4,5468,1,106,0
711,70,4,5387,1,127,0
712,70,4,5347,1,122,0
713,70,4,5228,1,155,0
714,70,4,5160,1,182,0
715,70,3,2917,0,1001,0
716,71,4,5504,1,80,0
717,71,4,5534,1,68,0
718,71,3,3332,0,1001,0
719,71,4,5421,1,107,0
720,71,3,3242,0,1001,0
721,71,4,5213,1,232,0
722,71,4,5334,1,130,0
723,71,4,5305,1,147,0
724,72,3,3526,0,1001,0
725,72,4,5183,1,226,0
726,72,4,4993,1,290,0
727,72,4,5209,1,202,0
728,72,4,5400,1,107,0
729,72,2,2335,0,1001,0
730,72,4,5316,1,121,0
731,72,4,5176,1,203,0
732,72,4,5322,1,139,0
733,73,4,4887,1,258,0
734,73,4,5487,1,92,0
735,73,4,4615,1,403,0
736,73,3,3501,0,1001,0
737,73,4,5361,1,117,0
738,73,4,5410,1,104,0
739,73,4,5442,1,105,0
740,73,4,5566,1,63,0
741,73,4,5243,1,140,0
742,73,4,5477,1,79,0
743,73,4,5377,1,131,0
744,73,4,5377,1,122,0
745,73,4,5264,1,145,0
746,73,4,5341,1,126,0
747,73,4,4659,1,354,0
748,74,4,5462,1,88,0
749,74,4,5414,1,110,0
750,74,4,4900,1,267,0
751,74,4,5520,1,89,0
752,74,4,4838,1,462,0
753,74,4,5341,1,129,0
754,74,4,5021,1,246,0
755,74,4,5289,1,145,0
756,74,4,5544,1,66,0
757,74,4,5377,1,112,0
758,74,4,5495,1,88,0
759,74,4,5440,1,124,0
760,74,4,4849,1,302,0
761,74,4,5526,1,83,0
762,74,4,5112,1,166,0
763,75,3,3329,0,1001,0
764,75,4,5334,1,108,0
765,75,4,4657,1,356,0
766,75,4,4240,1,503,0
767,75,4,4965,1,232,0
768,75,4,5474,1,82,0
769,75,4,5572,1,60,0
770,75,4,5214,1,152,0
771,75,4,5471,1,92,0
772,75,4,5036,1,206,0
773,75,4,5485,1,81,0
774,75,4,5226,1,144,0
775,75,4,5368,1,111,0
776,76,3,3557,0,1001,0
777,76,4,5543,1,68,0
778,76,4,5398,1,125,0
779,76,4,5284,1,146,0
780,76,4,5161,1,183,0
781,76,4,4955,1,235,0
782,76,4,5473,1,93,0
783,76,4,5518,1,80,0
784,76,4,5186,1,167,0
785,76,4,5149,1,207,0
786,76,4,4504,1,397,0
787,76,4,5222,1,194,0
788,76,4,5541,1,74,0
789,76,4,5266,1,141,0
790,76,4,5455,1,115,0
791,76,4,5535,1,69,0
792,76,4,5444,1,109,0
793,76,4,5187,1,154,0
794,76,4,5542,1,73,0
795,76,4,5344,1,140,0
796,77,4,5491,1,91,0
797,77,4,5580,1,66,0
798,77,4,4493,1,346,0
799,77,4,5487,1,88,0
800,77,1,1286,0,1001,1
801,77,4,5444,1,95,0
802,77,4,5368,1,119,0
803,77,4,5329,1,136,0
804,77,4,4747,1,247,0
805,77,4,5550,1,76,0
806,77,4,5349,1,129,0
807,77,4,5553,1,64,0
808,77,4,5378,1,123,0
809,77,4,5211,1,150,0
810,77,4,5269,1,177,0
811,77,4,5475,1,78,0
812,77,4,5281,1,144,0
813,78,4,5338,1,113,0
814,78,4,5037,1,163,0
815,78,3,3538,0,1001,0
816,78,4,5399,1,138,0
817,78,4,5130,1,224,0
818,78,4,5419,1,143,0
819,78,4,5195,1,213,0
820,78,4,5068,1,212,0
821,78,4,5201,1,162,0
822,78,4,5216,1,148,0
823,78,4,5510,1,82,0
824,78,4,5245,1,189,0
825,78,4,5148,1,219,0
826,79,4,4966,1,278,0
827,79,4,5259,1,182,0
828,79,4,4799,1,286,0
829,79,4,5051,1,194,0
830,79,4,5110,1,231,0
831,79,4,5427,1,124,0
832,79,4,5452,1,118,0
833,79,4,5344,1,154,0
834,79,4,5552,1,68,0
835,79,4,5271,1,199,0
836,79,4,5494,1,86,0
837,79,4,4955,1,231,0
838,79,4,5173,1,238,0
839,79,4,4848,1,251,0
840,79,4,5166,1,170,0
841,79,4,5181,1,202,0
842,79,4,5170,1,189,0
843,80,4,4947,1,221,0
844,80,4,4753,1,341,0
845,80,4,4682,1,367,0
846,80,4,5371,1,117,0
847,80,4,4568,1,284,0
848,80,4,5254,1,161,0
849,80,4,4716,1,325,0
850,80,4,5405,1,136,0
851,80,4,4958,1,273,0
852,80,4,5219,1,175,0
853,81,3,3164,0,1001,0
854,81,4,4804,1,244,0
855,81,4,5406,1,109,0
856,81,4,4930,1,247,0
857,81,4,5003,1,233,0
858,81,4,5351,1,114,0
859,81,4,5418,1,97,0
860,81,4,5279,1,134,0
861,81,4,5021,1,254,0
862,81,4,4998,1,205,0
863,81,4,4846,1,241,0
864,81,4,5410,1,101,0
865,81,4,5429,1,90,0
866,81,4,5440,1,102,0
867,81,4,5459,1,89,0
868,81,4,5208,1,171,0
869,81,4,4462,1,378,0
870,82,2,2313,0,1001,0
871,82,4,5555,1,70,0
872,82,4,5605,1,55,0
873,82,4,4219,1,479,0
874,82,4,5573,1,61,0
875,82,4,5439,1,136,0
876,82,4,5537,1,77,0
877,82,2,2339,0,1001,0
878,82,4,5577,1,54,0
879,82,4,5444,1,116,0
880,82,4,5575,1,67,0
881,83,4,5586,1,61,0
882,83,4,4864,1,306,0
883,83,4,5509,1,87,0
884,83,4,5462,1,99,0
885,83,4,5503,1,85,0
886,83,3,3639,0,1001,0
887,83,4,5563,1,62,0
888,83,4,5451,1,96,0
889,83,4,5562,1,65,0
890,83,4,5501,1,82,0
891,83,4,5589,1,56,0
892,83,4,5491,1,101,0
893,83,4,5513,1,90,0
894,83,4,5508,1,79,0
895,83,4,5517,1,80,0
896,83,4,4956,1,201,0
897,83,4,5409,1,149,0
898,83,4,5360,1,148,0
899,83,4,5545,1,81,0
900,84,0,0,0,1001,1
901,84,4,5119,1,161,0
902,84,4,5362,1,105,0
903,84,3,3526,0,1001,0
904,84,4,5040,1,245,0
905,84,4,5290,1,148,0
906,84,4,5457,1,121,0
907,84,4,4961,1,171,0
908,85,3,3582,0,1001,0
909,85,3,3545,0,1001,0
910,85,3,3397,0,1001,0
911,86,3,3637,0,1001,0
912,86,4,4820,1,279,0
913,86,4,4462,1,408,0
914,86,3,3186,0,1001,0
915,87,3,3523,0,1001,0
916,87,3,3493,0,1001,0
917,87,4,5408,1,87,0
918,87,3,3296,0,1001,0
919,88,3,3551,0,1001,0
920,88,4,5181,1,173,0
921,88,4,5302,1,153,0
922,88,4,4901,1,211,0
923,88,3,3480,0,1001,0
924,88,3,3463,0,1001,0
925,88,4,5228,1,125,0
926,88,4,4602,1,272,0
927,89,2,1941,0,1001,0
928,89,3,3498,0,1001,0
929,89,3,3192,0,1001,0
930,90,3,3247,0,1001,0
931,90,4,5482,1,77,0
932,90,4,5453,1,97,0
933,90,4,3986,1,427,0
934,90,4,4803,1,239,0
935,90,4,5532,1,77,0
936,90,4,5441,1,103,0
937,90,4,5387,1,105,0
938,90,4,5056,1,168,0
939,90,4,5013,1,176,0
940,90,4,5197,1,154,0
941,90,4,5537,1,72,0
942,90,4,5265,1,122,0
943,90,4,5509,1,73,0
944,90,4,4864,1,212,0
945,90,4,5338,1,116,0
946,91,4,5388,1,115,0
947,91,4,5270,1,128,0
948,91,3,3599,0,1001,0
949,91,4,5434,1,91,0
950,91,4,5112,1,176,0
951,91,4,4960,1,219,0
952,91,4,5094,1,169,0
953,91,4,4777,1,272,0
954,91,4,5406,1,87,0
955,91,4,5084,1,163,0
956,91,4,5541,1,65,0
957,91,4,5431,1,89,0
958,91,4,5147,1,156,0
959,91,4,5247,1,159,0
960,91,4,5513,1,65,0
961,91,4,5102,1,173,0
962,91,4,5533,1,65,0
963,92,4,5409,1,93,0
964,92,4,5436,1,94,0
965,92,4,5163,1,134,0
966,92,4,5480,1,70,0
967,92,4,5564,1,63,0
968,92,4,5575,1,54,0
969,92,4,5427,1,88,0
970,92,4,5485,1,72,0
971,92,4,5536,1,64,0
972,92,4,5450,1,88,0
973,92,4,5255,1,118,0
974,92,4,5016,1,192,0
975,92,4,4115,1,556,0
976,92,4,5570,1,60,0
977,92,4,4635,1,258,0
978,92,4,5457,1,79,0
979,92,4,5432,1,84,0
980,92,4,4587,1,270,0
981,92,4,5491,1,92,0
982,92,4,5252,1,135,0
983,92,4,5254,1,164,0
984,92,4,5217,1,146,0
985,93,4,4899,1,190,0
986,93,4,5176,1,159,0
987,93,4,5427,1,90,0
988,93,4,5141,1,244,0
989,93,4,5470,1,99,0
990,93,4,5494,1,77,0
991,93,4,5525,1,91,0
992,93,4,5483,1,75,0
993,93,4,5111,1,155,0
994,93,3,3489,0,1001,0
995,93,4,5066,1,195,0
996,93,4,5430,1,106,0
997,93,4,5501,1,72,0
998,93,4,5538,1,69,0
999,93,4,5141,1,156,0
1000,94,0,99,0,1001,1
1001,94,4,5086,1,170,0
1002,94,4,5501,1,96,0
1003,94,3,3398,0,1001,0
1004,94,4,5244,1,231,0
1005,94,4,5409,1,110,0
1006,94,4,5242,1,126,0
1007,94,4,5315,1,169,0
1008,94,4,5484,1,99,0
1009,94,4,4993,1,220,0
1010,94,4,5381,1,116,0
1011,95,3,3427,0,1001,0
1012,95,3,3483,0,1001,0
1013,95,4,5382,1,97,0
1014,95,4,5230,1,129,0
1015,95,4,5154,1,155,0
1016,95,4,4127,1,581,0
1017,95,4,5012,1,203,0
1018,95,4,5504,1,86,0
1019,95,4,5336,1,115,0
1020,96,4,5068,1,194,0
1021,96,4,5443,1,90,0
1022,96,4,5138,1,246,0
1023,96,4,4629,1,321,0
1024,96,4,5384,1,112,0
1025,96,4,4973,1,208,0
1026,96,4,5007,1,194,0
1027,96,3,3445,0,1001,0
1028,97,3,3512,0,1001,0
1029,97,4,5259,1,164,0
1030,97,3,3393,0,1001,0
1031,97,4,4716,1,368,0
1032,97,4,4961,1,327,0
1033,97,4,5157,1,175,0
1034,97,4,5324,1,144,0
1035,98,3,2912,0,1001,0
1036,98,4,5355,1,117,0
1037,98,4,4910,1,221,0
1038,98,4,5056,1,161,0
1039,98,4,5376,1,137,0
1040,98,4,5155,1,142,0
1041,98,4,5121,1,166,0
1042,98,4,5051,1,224,0
1043,98,3,3134,0,1001,0
1044,98,4,5272,1,150,0
1045,98,4,4797,1,291,0
1046,98,4,5509,1,81,0
1047,99,3,3300,0,1001,0
1048,99,4,5404,1,102,0
1049,99,4,5371,1,93,0
1050,99,4,5531,1,66,0
1051,99,4,5252,1,140,0
1052,99,4,5436,1,93,0
1053,99,4,5242,1,158,0
1054,99,4,4802,1,279,0
1055,99,3,3398,0,1001,0
1056,99,4,5262,1,168,0
1057,99,4,5283,1,129,0
1058,100,4,5012,1,243,0
1059,100,4,5159,1,145,0
1060,100,4,5445,1,81,0
1061,100,4,5350,1,96,0
1062,100,4,4860,1,216,0
1063,100,4,5278,1,142,0
1064,100,4,5564,1,68,0
1065,100,4,5514,1,85,0
1066,100,4,5000,1,198,0
1067,100,4,5568,1,65,0
1068,100,4,5524,1,76,0
1069,100,4,5460,1,88,0
1070,100,4,4996,1,349,0
1071,100,4,5481,1,82,0
1072,100,3,3378,0,1001,0
1073,100,4,5504,1,89,0
1074,101,4,4887,1,212,0
1075,101,4,5076,1,182,0
1076,101,4,5538,1,73,0
1077,101,4,5578,1,56,0
1078,101,4,5183,1,151,0
1079,101,4,5222,1,176,0
1080,101,4,5239,1,172,0
1081,101,4,5351,1,166,0
1082,101,3,3387,0,1001,0
1083,101,3,3360,0,1001,0
1084,102,4,5405,1,142,0
1085,102,4,5577,1,57,0
1086,102,4,5463,1,113,0
1087,102,4,5354,1,111,0
1088,102,4,5198,1,167,0
1089,102,4,5291,1,167,0
1090,102,4,5190,1,204,0
1091,102,4,5072,1,346,0
1092,102,4,5221,1,149,0
1093,102,4,5107,1,177,0
1094,102,4,5290,1,152,0
1095,102,4,5001,1,211,0
1096,102,4,5535,1,83,0
1097,102,4,5259,1,164,0
1098,102,4,5206,1,203,0
1099,102,4,5462,1,101,0
1100,103,0,99,0,1001,1
1101,103,4,5272,1,139,0
1102,103,4,5085,1,169,0
1103,103,4,5358,1,111,0
1104,103,4,5200,1,150,0
1105,103,4,5378,1,106,0
1106,103,4,5565,1,59,0
1107,103,4,5506,1,100,0
1108,103,4,5359,1,116,0
1109,103,4,5396,1,104,0
1110,103,3,3292,0,1001,0
1111,103,4,5529,1,81,0
1112,103,4,4934,1,196,0
1113,104,3,3085,0,1001,0
1114,104,4,5512,1,86,0
1115,104,4,5380,1,100,0
1116,104,4,5323,1,117,0
1117,104,4,5506,1,82,0
1118,104,4,5393,1,131,0
1119,104,4,5154,1,149,0
1120,104,4,5376,1,114,0
1121,104,4,5207,1,174,0
1122,104,4,5134,1,259,0
1123,104,4,5094,1,248,0
1124,104,2,2230,0,1001,0
1125,105,4,5311,1,174,0
1126,105,4,5420,1,105,0
1127,105,4,5367,1,148,0
1128,105,4,5331,1,136,0
1129,105,4,5274,1,184,0
1130,105,4,4966,1,243,0
1131,105,4,5402,1,124,0
1132,105,4,5522,1,80,0
1133,105,4,5252,1,196,0
1134,105,4,5406,1,101,0
1135,105,4,5528,1,77,0
1136,105,4,5389,1,107,0
1137,105,4,5276,1,220,0
1138,105,4,5509,1,79,0
1139,105,4,5472,1,90,0
1140,105,4,5449,1,89,0
1141,105,4,5460,1,98,0
1142,105,4,5435,1,98,0
1143,105,4,5454,1,88,0
1144,105,4,5204,1,128,0
1145,105,4,5440,1,106,0
1146,105,4,4847,1,261,0
1147,105,4,5237,1,151,0
1148,105,4,5492,1,77,0
1149,106,4,5276,1,127,0
1150,106,4,5554,1,64,0
1151,106,4,5411,1,99,0
1152,106,4,5438,1,84,0
1153,106,4,5381,1,119,0
1154,106,4,5539,1,67,0
1155,106,4,5419,1,89,0
1156,106,4,5232,1,153,0
1157,106,4,5507,1,79,0
1158,106,4,4946,1,221,0
1159,106,4,5393,1,121,0
1160,106,4,5527,1,74,0
1161,106,4,5465,1,88,0
1162,106,4,5341,1,152,0
1163,106,4,5531,1,75,0
1164,106,4,5611,1,52,0
1165,106,4,5429,1,91,0
1166,106,4,5430,1,100,0
1167,106,4,5192,1,183,0
1168,106,4,5490,1,109,0
1169,106,4,5273,1,155,0
1170,106,4,5496,1,81,0
1171,106,4,5507,1,98,0
1172,106,4,4950,1,179,0
1173,106,4,5574,1,59,0
1174,107,2,2266,0,1001,0
1175,107,4,5464,1,89,0
1176,107,4,5375,1,106,0
1177,107,4,5347,1,119,0
1178,107,4,5540,1,65,0
1179,107,4,4955,1,221,0
1180,107,3,3493,0,1001,0
1181,107,4,5470,1,78,0
1182,108,3,3602,0,1001,0
1183,108,3,3369,0,1001,0
1184,108,4,4644,1,370,0
1185,108,4,5429,1,117,0
1186,108,4,4874,1,224,0
1187,108,4,5289,1,122,0
1188,108,4,5260,1,154,0
1189,108,4,5401,1,144,0
1190,108,4,5093,1,244,0
1191,108,4,4693,1,355,0
1192,108,4,5301,1,125,0
1193,109,3,3034,0,1001,0
1194,109,4,5393,1,107,0
1195,109,4,5585,1,56,0
1196,109,4,5120,1,172,0
1197,109,4,5199,1,203,0
1198,109,4,5223,1,198,0
1199,109,4,5057,1,276,0
1200,109,0,99,0,1001,1
1201,109,4,5379,1,121,0
1202,109,4,5280,1,218,0
1203,110,3,3495,0,1001,0
1204,110,4,5085,1,235,0
1205,110,4,5482,1,101,0
1206,110,4,5309,1,133,0
1207,110,4,5564,1,63,0
1208,110,4,5544,1,77,0
1209,110,4,5466,1,127,0
1210,110,4,5375,1,113,0
1211,110,4,5310,1,150,0
1212,110,4,5352,1,159,0
1213,111,3,3624,0,1001,0
1214,111,4,5497,1,88,0
1215,111,3,3614,0,1001,0
1216,111,4,5542,1,68,0
1217,111,4,5261,1,128,0
1218,111,4,5414,1,104,0
1219,111,4,5574,1,70,0
1220,111,4,5181,1,179,0
1221,111,4,5253,1,197,0
1222,111,2,2275,0,1001,0
1223,111,4,5396,1,149,0
1224,111,4,5470,1,108,0
1225,112,4,5450,1,126,0
1226,112,4,4922,1,287,0
1227,112,3,3360,0,1001,0
1228,112,3,3375,0,1001,0
1229,113,3,3381,0,1001,0
1230,113,4,5483,1,74,0
1231,113,3,3421,0,1001,0
1232,113,4,5116,1,272,0
1233,113,3,3565,0,1001,0
1234,113,4,5346,1,175,0
1235,113,4,5337,1,103,0
1236,113,4,5489,1,92,0
1237,113,4,5555,1,65,0
1238,114,4,5414,1,90,0
1239,114,4,5304,1,130,0
1240,114,4,5542,1,74,0
1241,114,4,5567,1,64,0
1242,114,4,5525,1,76,0
1243,114,3,3430,0,1001,0
1244,114,4,5524,1,93,0
1245,114,4,5402,1,128,0
1246,114,4,5404,1,90,0
1247,114,4,5384,1,103,0
1248,114,4,5420,1,109,0
1249,114,4,5485,1,86,0
1250,114,4,5558,1,60,0
1251,114,4,5372,1,108,0
1252,114,4,5230,1,150,0
1253,114,4,4632,1,384,0
1254,115,3,3329,0,1001,0
1255,115,4,5547,1,79,0
1256,115,4,5028,1,181,0
1257,115,2,2282,0,1001,0
1258,115,4,5472,1,82,0
1259,115,4,5390,1,96,0
1260,115,4,5544,1,88,0
1261,115,4,5508,1,78,0
1262,115,4,5526,1,78,0
1263,115,4,5406,1,114,0
1264,115,4,5494,1,78,0
1265,115,4,5111,1,205,0
1266,115,4,5405,1,105,0
1267,115,4,5210,1,180,0
1268,115,4,5373,1,110,0
1269,116,4,5051,1,186,0
1270,116,4,5447,1,90,0
1271,116,4,5432,1,97,0
1272,116,4,5116,1,238,0
1273,116,3,3488,0,1001,0
1274,116,4,5447,1,98,0
1275,116,4,5485,1,88,0
1276,116,3,3469,0,1001,0
1277,116,4,5504,1,71,0
1278,117,3,3467,0,1001,0
1279,117,4,5570,1,57,0
1280,117,4,5493,1,69,0
1281,117,4,5413,1,104,0
1282,117,4,5479,1,96,0
1283,117,4,5565,1,63,0
1284,117,4,5579,1,66,0
1285,117,4,5523,1,72,0
1286,117,4,5407,1,91,0
1287,117,4,5513,1,92,0
1288,117,4,5398,1,123,0
1289,117,4,5472,1,117,0
1290,117,4,5394,1,134,0
1291,117,4,5425,1,136,0
1292,117,3,3467,0,1001,0
1293,117,4,5491,1,84,0
1294,117,4,5397,1,92,0
1295,118,4,5423,1,101,0
1296,118,4,5498,1,75,0
1297,118,4,5442,1,86,0
1298,118,4,5474,1,97,0
1299,118,3,3325,0,1001,0
1300,118,0,99,0,1001,1
1301,118,4,5535,1,82,0
1302,118,4,5496,1,82,0
1303,118,4,5411,1,139,0
1304,118,4,5413,1,97,0
1305,118,4,5575,1,66,0
1306,118,4,5453,1,87,0
1307,118,4,5522,1,72,0
1308,118,4,5493,1,93,0
1309,119,4,5208,1,158,0
1310,119,4,5204,1,189,0
1311,119,4,5509,1,81,0
1312,119,4,5545,1,70,0
1313,119,4,5468,1,98,0
1314,119,4,5224,1,133,0
1315,119,4,5120,1,150,0
1316,119,4,5330,1,129,0
1317,119,4,5377,1,109,0
1318,119,3,3433,0,1001,0
1319,119,3,3512,0,1001,0
1320,120,4,5449,1,118,0
1321,120,4,5443,1,115,0
1322,120,4,5540,1,67,0
1323,120,4,5413,1,97,0
1324,120,4,5416,1,89,0
1325,120,4,5439,1,84,0
1326,120,4,5427,1,108,0
1327,120,4,5246,1,149,0
1328,120,4,5339,1,103,0
1329,120,4,5520,1,101,0
1330,120,4,5540,1,71,0
1331,120,4,5466,1,101,0
1332,120,4,5471,1,94,0
1333,120,4,5424,1,104,0
1334,120,3,3505,0,1001,0
1335,120,4,5438,1,120,0
1336,120,4,5342,1,159,0
1337,120,4,5436,1,121,0
1338,120,4,5280,1,166,0
1339,120,4,5213,1,159,0
1340,121,3,3501,0,1001,0
1341,121,4,5028,1,229,0
1342,121,3,3467,0,1001,0
1343,122,2,2346,0,1001,0
1344,122,4,5138,1,207,0
1345,122,4,5510,1,79,0
1346,122,3,3375,0,1001,0
1347,122,4,5378,1,134,0
1348,122,4,5450,1,89,0
1349,122,4,5457,1,83,0
1350,122,4,5532,1,88,0
1351,122,4,5574,1,61,0
1352,122,4,5485,1,74,0
1353,122,4,5509,1,70,0
1354,122,4,5512,1,75,0
1355,122,4,5309,1,111,0
1356,122,4,5174,1,177,0
1357,123,3,3459,0,1001,0
1358,123,4,5440,1,96,0
1359,123,4,5517,1,79,0
1360,123,4,5417,1,111,0
1361,123,4,5246,1,176,0
1362,123,3,3393,0,1001,0
1363,123,4,5197,1,175,0
1364,123,3,3611,0,1001,0
1365,123,4,5253,1,160,0
1366,124,3,3427,0,1001,0
1367,124,4,5448,1,89,0
1368,124,4,5433,1,97,0
1369,124,3,3419,0,1001,0
1370,124,4,5497,1,72,0
1371,124,4,5368,1,141,0
1372,124,4,5121,1,179,0
1373,124,4,5330,1,115,0
1374,124,4,5399,1,109,0
1375,124,4,5269,1,154,0
1376,124,4,5419,1,124,0
1377,125,4,5234,1,171,0
1378,125,4,5418,1,121,0
1379,125,3,3432,0,1001,0
1380,125,4,5044,1,215,0
1381,125,4,5309,1,153,0
1382,125,4,5221,1,147,0
1383,125,4,5210,1,151,0
1384,125,3,3277,0,1001,0
1385,125,4,5392,1,100,0
1386,125,4,5403,1,104,0
1387,126,4,5185,1,172,0
1388,126,4,5365,1,114,0
1389,126,4,5357,1,110,0
1390,126,4,5515,1,84,0
1391,126,4,5030,1,265,0
1392,126,4,5269,1,144,0
1393,126,4,4997,1,216,0
1394,126,3,3495,0,1001,0
1395,126,4,5424,1,99,0
1396,126,4,5313,1,139,0
1397,126,4,5403,1,90,0
1398,126,4,5569,1,60,0
1399,126,4,5264,1,129,0
1400,127,0,99,0,1001,1
1401,127,4,4512,1,445,0
1402,127,4,5571,1,65,0
1403,127,4,5467,1,82,0
1404,127,4,5408,1,91,0
1405,127,4,5487,1,70,0
1406,127,4,5384,1,106,0
1407,127,4,5455,1,82,0
1408,127,4,5464,1,100,0
1409,127,4,5349,1,102,0
1410,127,4,5484,1,79,0
1411,127,4,5606,1,50,0
1412,127,4,5510,1,81,0
1413,127,4,5126,1,184,0
1414,127,4,5503,1,68,0
1415,127,4,5547,1,80,0
1416,127,4,5574,1,60,0
1417,127,4,5434,1,82,0
1418,127,4,4893,1,277,0
1419,127,4,5311,1,117,0
1420,127,4,5414,1,93,0
1421,127,4,5567,1,57,0
1422,127,4,5483,1,77,0
1423,127,4,5221,1,161,0
1424,128,4,5273,1,124,0
1425,128,3,3642,0,1001,0
1426,128,4,5381,1,107,0
1427,128,4,5491,1,87,0
1428,128,4,5564,1,58,0
1429,128,4,5325,1,120,0
1430,128,4,5560,1,66,0
1431,128,4,5529,1,68,0
1432,128,4,5416,1,90,0
1433,128,4,5307,1,150,0
1434,128,3,3608,0,1001,0
1435,128,4,5450,1,86,0
1436,128,4,5431,1,90,0
1437,128,4,5511,1,80,0
1438,129,4,5542,1,70,0
1439,129,4,5400,1,119,0
1440,129,4,5252,1,135,0
1441,129,4,5514,1,70,0
1442,129,4,5449,1,84,0
1443,129,4,5531,1,69,0
1444,129,4,5490,1,85,0
1445,129,4,5171,1,191,0
1446,129,4,5261,1,155,0
1447,129,4,5550,1,67,0
1448,129,4,5324,1,169,0
1449,129,4,5516,1,84,0
1450,129,4,5477,1,88,0
1451,129,4,5427,1,91,0
1452,129,4,5338,1,112,0
1453,129,4,5442,1,108,0
1454,129,4,5544,1,67,0
1455,129,2,2328,0,1001,0
1456,129,4,5584,1,54,0
1457,129,4,5384,1,103,0
1458,130,3,3343,0,1001,0
1459,130,4,5508,1,79,0
1460,130,4,5378,1,128,0
1461,130,4,5357,1,113,0
1462,130,4,5345,1,138,0
1463,130,4,5209,1,174,0
1464,130,4,5443,1,96,0
1465,130,4,5256,1,156,0
1466,130,4,5450,1,94,0
1467,130,4,5191,1,189,0
1468,130,4,5440,1,90,0
1469,130,4,5592,1,57,0
1470,130,4,5500,1,83,0
1471,130,4,5416,1,94,0
1472,130,4,5568,1,61,0
1473,130,4,5242,1,136,0
1474,130,4,5518,1,72,0
1475,130,4,5344,1,125,0
1476,130,4,5417,1,106,0
1477,130,4,5541,1,74,0
1478,130,4,5318,1,120,0
1479,131,4,4940,1,263,0
1480,131,4,5590,1,58,0
1481,131,4,5504,1,74,0
1482,131,4,5524,1,73,0
1483,131,4,5206,1,135,0
1484,131,3,3452,0,1001,0
1485,131,4,5546,1,70,0
1486,131,4,5545,1,64,0
1487,131,4,5360,1,119,0
1488,131,4,5528,1,76,0
1489,131,4,5549,1,64,0
1490,131,4,5578,1,57,0
1491,131,4,5481,1,80,0
1492,131,4,5465,1,100,0
1493,131,3,3470,0,1001,0
1494,132,4,5229,1,207,0
1495,132,4,5572,1,62,0
1496,132,4,5454,1,101,0
1497,132,4,5393,1,140,0
1498,132,4,5389,1,116,0
1499,132,4,5472,1,99,0
1500,132,1,1281,0,1001,1
1501,132,4,5428,1,108,0
1502,132,4,5190,1,257,0
1503,132,4,5340,1,161,0
1504,132,4,5284,1,199,0
1505,132,4,5319,1,162,0
1506,132,4,5361,1,111,0
1507,132,4,5437,1,102,0
1508,132,4,4906,1,272,0
1509,133,4,5472,1,117,0
1510,133,4,5161,1,259,0
1511,133,4,5466,1,120,0
1512,133,4,5247,1,156,0
1513,133,4,5165,1,163,0
1514,133,4,5577,1,55,0
1515,133,4,5547,1,65,0
1516,133,4,5420,1,118,0
1517,133,4,5365,1,149,0
1518,133,4,5134,1,207,0
1519,133,3,3314,0,1001,0
1520,133,4,5325,1,142,0
1521,133,4,4994,1,286,0
1522,133,4,5517,1,75,0
1523,133,4,5447,1,105,0
1524,133,4,5498,1,82,0
1525,134,4,5309,1,123,0
1526,134,4,5315,1,120,0
1527,134,2,2349,0,1001,0
1528,134,4,5429,1,130,0
1529,134,3,3273,0,1001,0
1530,134,4,5374,1,115,0
1531,134,4,5454,1,98,0
1532,135,3,3387,0,1001,0
1533,135,3,3620,0,1001,0
1534,135,4,5107,1,198,0
1535,135,4,5162,1,221,0
1536,135,4,5458,1,93,0
1537,135,4,5115,1,240,0
1538,135,4,4981,1,287,0
1539,136,3,3283,0,1001,0
1540,136,4,5462,1,86,0
1541,136,3,3305,0,1001,0
1542,136,4,5192,1,160,0
1543,136,4,5467,1,90,0
1544,136,4,5560,1,65,0
1545,136,2,2316,0,1001,0
1546,136,4,5405,1,119,0
1547,136,4,5323,1,124,0
1548,136,4,5405,1,103,0
1549,137,4,5432,1,126,0
1550,137,4,4951,1,217,0
1551,137,4,4913,1,253,0
1552,137,4,4836,1,263,0
1553,137,4,5509,1,78,0
1554,137,3,3454,0,1001,0
1555,137,4,4775,1,376,0
1556,138,3,3468,0,1001,0
1557,138,4,5401,1,108,0
1558,138,3,3311,0,1001,0
1559,138,4,5381,1,113,0
1560,138,4,4788,1,265,0
1561,138,4,5336,1,119,0
1562,138,4,5370,1,105,0
1563,138,4,5568,1,61,0
1564,138,4,5439,1,108,0
1565,138,4,5331,1,132,0
1566,138,4,5313,1,172,0
1567,138,4,5224,1,179,0
1568,138,4,5191,1,166,0
1569,139,3,3460,0,1001,0
1570,139,2,2341,0,1001,0
1571,139,4,5212,1,140,0
1572,139,4,4885,1,227,0
1573,139,4,5372,1,128,0
1574,139,4,5061,1,325,0
1575,139,4,5261,1,196,0
1576,139,4,5279,1,127,0
1577,139,4,5110,1,231,0
1578,140,4,4963,1,242,0
1579,140,3,3496,0,1001,0
1580,140,3,3474,0,1001,0
1581,140,4,5110,1,181,0
1582,140,4,5228,1,137,0
1583,140,4,5467,1,108,0
1584,140,4,5044,1,246,0
1585,140,4,5073,1,238,0
1586,141,3,3422,0,1001,0
1587,141,4,4980,1,263,0
1588,141,4,5391,1,126,0
1589,141,4,5252,1,204,0
1590,141,4,5409,1,97,0
1591,141,4,5496,1,79,0
1592,141,4,5238,1,136,0
1593,141,4,4953,1,188,0
1594,141,4,5294,1,121,0
1595,142,2,2358,0,1001,0
1596,142,4,5406,1,97,0
1597,142,4,5066,1,208,0
1598,142,3,3351,0,1001,0
1599,142,4,4935,1,346,0
1600,142,0,99,0,1001,1
1601,142,4,5574,1,61,0
1602,142,4,5392,1,141,0
1603,142,4,5339,1,119,0
1604,143,2,2271,0,1001,0
1605,143,3,3130,0,1001,0
1606,143,4,5557,1,65,0
1607,143,4,5092,1,170,0
1608,143,4,5437,1,94,0
1609,143,4,5284,1,118,0
1610,143,4,5100,1,159,0
1611,143,4,5216,1,160,0
1612,143,4,5434,1,91,0
1613,143,4,5434,1,96,0
1614,144,3,3335,0,1001,0
1615,144,4,5503,1,77,0
1616,144,4,5298,1,121,0
1617,144,4,5480,1,85,0
1618,144,4,4902,1,222,0
1619,144,3,3213,0,1001,0
1620,144,4,4946,1,207,0
1621,144,4,5076,1,179,0
1622,144,4,4919,1,201,0
1623,144,4,5250,1,146,0
1624,145,3,3549,0,1001,0
1625,145,3,2984,0,1001,0
1626,145,3,3371,0,1001,0
1627,145,4,5399,1,138,0
1628,146,4,5053,1,198,0
1629,146,3,3361,0,1001,0
1630,146,4,5196,1,165,0
1631,146,3,3285,0,1001,0
1632,147,3,3240,0,1001,0
1633,147,4,5397,1,97,0
1634,147,4,4903,1,239,0
1635,147,4,5044,1,226,0
1636,147,4,5444,1,96,0
1637,147,3,3454,0,1001,0
1638,147,4,4959,1,212,0
1639,147,4,5094,1,182,0
1640,147,4,5535,1,69,0
1641,147,4,5530,1,86,0
1642,147,4,5219,1,162,0
1643,147,4,5408,1,100,0
1644,148,3,3509,0,1001,0
1645,148,4,5401,1,100,0
1646,148,4,4912,1,212,0
1647,148,3,3505,0,1001,0
1648,148,4,5348,1,103,0
1649,148,4,5369,1,96,0
1650,148,4,5530,1,71,0
1651,148,4,5439,1,139,0
1652,148,4,5224,1,131,0
1653,148,4,5323,1,110,0
1654,148,4,5499,1,92,0
1655,148,4,5289,1,131,0
1656,149,3,3506,0,1001,0
1657,149,4,5368,1,164,0
1658,149,4,5322,1,143,0
1659,149,4,4878,1,275,0
1660,149,3,3379,0,1001,0
1661,149,4,5466,1,91,0
1662,150,3,3553,0,1001,0
1663,150,4,5373,1,96,0
1664,150,4,5428,1,104,0
1665,150,4,5464,1,99,0
1666,150,4,5451,1,82,0
1667,150,4,5494,1,89,0
1668,150,4,5446,1,118,0
1669,150,3,3421,0,1001,0
1670,150,4,5390,1,106,0
1671,150,4,5437,1,87,0
1672,150,4,5388,1,94,0
1673,150,4,5571,1,65,0
1674,150,4,5375,1,129,0
1675,150,4,5652,1,65,0
1676,150,4,5526,1,71,0
1677,150,4,5220,1,144,0
1678,151,3,3395,0,1001,0
1679,151,2,2263,0,1001,0
1680,151,3,3458,0,1001,0
1681,151,4,5576,1,60,0
1682,151,4,5536,1,72,0
1683,151,4,5277,1,124,0
1684,151,4,5546,1,66,0
1685,151,4,5397,1,104,0
1686,151,4,5188,1,133,0
1687,151,4,5552,1,59,0
1688,151,4,5414,1,95,0
1689,152,4,5426,1,91,0
1690,152,3,3493,0,1001,0
1691,152,4,5358,1,102,0
1692,152,4,5548,1,67,0
1693,152,4,5384,1,101,0
1694,152,4,5529,1,70,0
1695,152,4,5383,1,102,0
1696,152,4,5571,1,67,0
1697,152,4,5353,1,104,0
1698,152,4,5443,1,91,0
1699,152,4,5537,1,76,0
1700,152,0,99,0,1001,1
1701,152,4,5495,1,76,0
1702,152,4,5249,1,158,0
1703,153,4,5341,1,126,0
1704,153,4,5277,1,127,0
1705,153,3,3424,0,1001,0
1706,153,4,5189,1,182,0
1707,153,2,2354,0,1001,0
1708,153,4,5200,1,141,0
1709,153,4,5518,1,69,0
1710,154,3,3383,0,1001,0
1711,154,4,5098,1,185,0
1712,154,4,4803,1,298,0
1713,154,4,5486,1,80,0
1714,154,2,2292,0,1001,0
1715,154,4,5611,1,50,0
1716,154,4,5438,1,96,0
1717,154,4,5584,1,61,0
1718,154,4,5317,1,111,0
1719,154,4,5497,1,70,0
1720,154,4,5468,1,84,0
1721,154,4,5530,1,73,0
1722,154,4,5557,1,70,0
1723,154,4,5335,1,170,0
1724,155,4,4807,1,336,0
1725,155,4,5379,1,123,0
1726,155,3,3434,0,1001,0
1727,155,4,5617,1,48,0
1728,155,4,5416,1,115,0
1729,155,4,5362,1,127,0
1730,155,4,5120,1,255,0
1731,155,4,5151,1,233,0
1732,155,4,5338,1,117,0
1733,155,4,5465,1,94,0
1734,155,4,5131,1,230,0
1735,155,4,5398,1,97,0
1736,155,4,5486,1,87,0
1737,155,4,5577,1,59,0
1738,155,4,5477,1,74,0
1739,155,4,5646,1,61,0
1740,155,4,5337,1,113,0
1741,155,4,5529,1,69,0
1742,155,4,5380,1,93,0
1743,156,3,3504,0,1001,0
1744,156,4,5341,1,111,0
1745,156,4,5566,1,60,0
1746,156,4,5430,1,93,0
1747,156,4,5421,1,87,0
1748,156,4,5135,1,160,0
1749,156,4,5420,1,88,0
1750,156,4,5587,1,55,0
1751,156,3,3511,0,1001,0
1752,156,4,5476,1,77,0
1753,156,4,5573,1,70,0
1754,156,4,5181,1,132,0
1755,156,4,5540,1,86,0
1756,157,4,5230,1,132,0
1757,157,4,5496,1,77,0
1758,157,4,5211,1,176,0
1759,157,4,5341,1,102,0
1760,157,4,5139,1,184,0
1761,157,4,5390,1,135,0
1762,157,3,3572,0,1001,0
1763,157,4,5383,1,115,0
1764,157,4,5442,1,100,0
1765,157,4,5405,1,107,0
1766,157,4,5528,1,76,0
1767,157,4,5426,1,112,0
1768,158,3,3212,0,1001,0
1769,158,3,3402,0,1001,0
1770,158,3,3381,0,1001,0
1771,158,4,5488,1,87,0
1772,158,4,5460,1,105,0
1773,158,4,5570,1,77,0
1774,158,4,5255,1,164,0
1775,158,4,4625,1,344,0
1776,158,4,5519,1,77,0
1777,159,4,5211,1,175,0
1778,159,4,5429,1,105,0
1779,159,4,5611,1,49,0
1780,159,4,5473,1,102,0
1781,159,4,5246,1,165,0
1782,159,4,5460,1,88,0
1783,159,4,5137,1,194,0
1784,159,4,5311,1,145,0
1785,159,4,5247,1,158,0
1786,159,4,5506,1,76,0
1787,159,4,4919,1,235,0
1788,159,4,4710,1,387,0
1789,159,4,5500,1,71,0
1790,159,4,5195,1,152,0
1791,159,4,5261,1,128,0
1792,159,3,3386,0,1001,0
1793,160,4,5405,1,122,0
1794,160,3,3202,0,1001,0
1795,160,3,3524,0,1001,0
1796,160,4,5463,1,96,0
1797,160,4,5540,1,82,0
1798,160,4,5490,1,84,0
1799,160,4,5537,1,75,0
1800,161,0,99,0,1001,1
1801,161,4,5207,1,134,0
1802,161,4,5537,1,66,0
1803,161,4,5514,1,72,0
1804,161,4,5378,1,101,0
1805,161,3,3462,0,1001,0
1806,161,4,5482,1,89,0
1807,161,4,5365,1,118,0
1808,161,4,5467,1,82,0
1809,161,3,3534,0,1001,0
1810,161,4,5398,1,113,0
1811,162,4,5380,1,102,0
1812,162,4,5390,1,106,0
1813,162,4,5557,1,74,0
1814,162,3,3490,0,1001,0
1815,162,4,5448,1,87,0
1816,162,3,3544,0,1001,0
1817,163,3,3518,0,1001,0
1818,163,3,3652,0,1001,0
1819,163,3,3449,0,1001,0
1820,164,3,3594,0,1001,0
1821,164,3,3543,0,1001,0
1822,164,3,3526,0,1001,0
1823,165,3,3514,0,1001,0
1824,165,4,5223,1,137,0
1825,165,3,3471,0,1001,0
1826,165,3,3510,0,1001,0
1827,166,3,3514,0,1001,0
1828,166,3,3388,0,1001,0
1829,166,3,3242,0,1001,0
1830,167,3,3429,0,1001,0
1831,167,3,3031,0,1001,0
1832,167,3,3309,0,1001,0
1833,167,2,2348,0,1001,0
1834,168,3,3428,0,1001,0
1835,168,3,3468,0,1001,0
1836,168,3,3486,0,1001,0
1837,168,4,5346,1,125,0
1838,169,3,3502,0,1001,0
1839,169,3,3456,0,1001,0
1840,169,3,3373,0,1001,0
1841,170,3,3569,0,1001,0
1842,170,3,3427,0,1001,0
1843,170,3,3115,0,1001,0
1844,171,3,3490,0,1001,0
1845,171,1,1153,0,1001,0
1846,171,3,3339,0,1001,0
1847,171,4,5591,1,55,0
1848,172,3,3241,0,1001,0
1849,172,3,3505,0,1001,0
1850,172,3,3530,0,1001,0
1851,173,3,3584,0,1001,0
1852,173,3,3498,0,1001,0
1853,173,3,3374,0,1001,0
1854,174,3,3577,0,1001,0
1855,174,3,3462,0,1001,0
1856,174,3,3616,0,1001,0
1857,175,3,3297,0,1001,0
1858,175,3,3521,0,1001,0
1859,175,4,5413,1,95,0
1860,175,3,3481,0,1001,0
1861,176,3,3235,0,1001,0
1862,176,4,5338,1,116,0
1863,176,3,3460,0,1001,0
1864,176,3,3487,0,1001,0
1865,177,3,3347,0,1001,0
1866,177,3,3311,0,1001,0
1867,177,3,3475,0,1001,0
1868,178,3,3454,0,1001,0
1869,178,3,3292,0,1001,0
1870,178,3,3418,0,1001,0
1871,179,3,3502,0,1001,0
1872,179,2,2265,0,1001,0
1873,179,3,3518,0,1001,0
1874,180,3,3497,0,1001,0
1875,180,3,3555,0,1001,0
1876,180,3,3505,0,1001,0
1877,180,4,5530,1,89,0
1878,181,3,3378,0,1001,0
1879,181,3,3525,0,1001,0
1880,181,3,3490,0,1001,0
1881,182,3,3545,0,1001,0
1882,182,3,3435,0,1001,0
1883,182,3,3470,0,1001,0
1884,183,3,3308,0,1001,0
1885,183,3,3552,0,1001,0
1886,183,4,5550,1,92,0
1887,183,3,3440,0,1001,0
1888,184,3,3564,0,1001,0
1889,184,4,5466,1,86,0
1890,184,3,3420,0,1001,0
1891,184,3,3344,0,1001,0
1892,184,4,5200,1,184,0
1893,185,3,3264,0,1001,0
1894,185,3,3605,0,1001,0
1895,185,4,5382,1,142,0
1896,185,3,3471,0,1001,0
1897,186,3,3307,0,1001,0
1898,186,3,3559,0,1001,0
1899,186,4,5400,1,113,0
1900,186,0,198,0,1001,1
1901,187,3,3508,0,1001,0
1902,187,4,5636,1,66,0
1903,187,3,3624,0,1001,0
1904,187,4,5319,1,121,0
1905,187,3,3452,0,1001,0
1906,187,4,5498,1,92,0
1907,188,3,3475,0,1001,0
1908,188,2,2398,0,1001,0
1909,188,2,2427,0,1001,0
1910,188,4,5577,1,100,0
1911,189,2,2383,0,1001,0
1912,189,4,5624,1,68,0
1913,189,3,3469,0,1001,0
1914,189,3,3545,0,1001,0
1915,190,3,3547,0,1001,0
1916,190,3,3515,0,1001,0
1917,190,3,3545,0,1001,0
1918,191,3,3468,0,1001,0
1919,191,3,3531,0,1001,0
1920,191,3,3156,0,1001,0
1921,192,3,3439,0,1001,0
1922,192,3,3397,0,1001,0
1923,192,3,3474,0,1001,0
1924,193,3,3429,0,1001,0
1925,193,3,3404,0,1001,0
1926,193,4,5414,1,109,0
1927,193,4,5432,1,93,0
1928,193,3,3442,0,1001,0
1929,194,3,3635,0,1001,0
1930,194,3,3441,0,1001,0
1931,194,3,3194,0,1001,0
1932,195,3,3593,0,1001,0
1933,195,3,3314,0,1001,0
1934,195,3,3110,0,1001,0
1935,196,3,3270,0,1001,0
1936,196,3,3347,0,1001,0
1937,196,3,3263,0,1001,0
1938,197,3,3406,0,1001,0
1939,197,3,3222,0,1001,0
1940,197,3,3540,0,1001,0
1941,197,3,3660,0,1001,0
1942,198,3,3391,0,1001,0
1943,198,3,3337,0,1001,0
1944,198,3,3200,0,1001,0
1945,199,3,3611,0,1001,0
1946,199,3,3597,0,1001,0
1947,199,3,3446,0,1001,0
1948,200,4,5121,1,177,0
1949,200,3,3585,0,1001,0
1950,200,3,3484,0,1001,0
1951,200,3,3546,0,1001,0
1952,201,3,3399,0,1001,0
1953,201,3,3327,0,1001,0
1954,201,3,3470,0,1001,0
1955,202,3,3493,0,1001,0
1956,202,4,5407,1,137,0
1957,202,3,3324,0,1001,0
1958,202,3,3575,0,1001,0
1959,203,3,3331,0,1001,0
1960,203,3,3496,0,1001,0
1961,203,3,3386,0,1001,0
1962,204,3,3570,0,1001,0
1963,204,3,3195,0,1001,0
1964,204,3,3515,0,1001,0
1965,205,3,3590,0,1001,0
1966,205,3,3158,0,1001,0
1967,205,3,3161,0,1001,0
1968,206,3,3429,0,1001,0
1969,206,3,3388,0,1001,0
1970,206,4,4910,1,336,0
1971,206,3,3465,0,1001,0
1972,207,3,2923,0,1001,0
1973,207,3,3513,0,1001,0
1974,207,4,5441,1,133,0
1975,207,3,3504,0,1001,0
1976,208,3,3471,0,1001,0
1977,208,2,2445,0,1001,0
1978,208,3,3491,0,1001,0
1979,209,3,3440,0,1001,0
1980,209,3,3611,0,1001,0
1981,209,4,4904,1,272,0
1982,209,3,3198,0,1001,0
1983,210,3,3240,0,1001,0
1984,210,3,3578,0,1001,0
1985,210,3,3528,0,1001,0
1986,211,4,5477,1,138,0
1987,211,3,3521,0,1001,0
1988,211,3,3304,0,1001,0
1989,211,3,3508,0,1001,0
1990,212,3,3558,0,1001,0
1991,212,3,3277,0,1001,0
1992,212,3,3300,0,1001,0
1993,213,3,3454,0,1001,0
1994,213,3,3436,0,1001,0
1995,213,3,3568,0,1001,0
1996,214,3,3398,0,1001,0
1997,214,3,3502,0,1001,0
1998,214,3,3494,0,1001,0
1999,215,3,3325,0,1001,0
2000,215,0,198,0,1001,1
2001,215,3,3274,0,1001,0
2002,216,3,3170,0,1001,0
2003,216,3,3276,0,1001,0
2004,216,3,3490,0,1001,0
2005,217,3,3369,0,1001,0
2006,217,3,3396,0,1001,0
2007,217,3,3571,0,1001,0
2008,218,3,3494,0,1001,0
2009,218,3,3115,0,1001,0
2010,218,4,5548,1,64,0
2011,218,3,3493,0,1001,0
2012,218,4,5401,1,116,0
2013,219,3,3438,0,1001,0
2014,219,3,3249,0,1001,0
2015,219,3,3180,0,1001,0
2016,219,4,4685,1,345,0
2017,220,3,3382,0,1001,0
2018,220,3,3515,0,1001,0
2019,220,4,5067,1,249,0
2020,220,3,3360,0,1001,0
2021,221,3,3504,0,1001,0
2022,221,3,3505,0,1001,0
2023,221,3,3461,0,1001,0
2024,221,4,5553,1,82,0
2025,222,4,5461,1,111,0
2026,222,3,3041,0,1001,0
2027,222,3,3290,0,1001,0
2028,223,3,3520,0,1001,0
2029,223,3,3328,0,1001,0
2030,223,4,5573,1,83,0
2031,223,3,3205,0,1001,0
2032,224,3,3566,0,1001,0
2033,224,4,5503,1,95,0
2034,224,3,3143,0,1001,0
2035,224,3,3270,0,1001,0
2036,225,3,3238,0,1001,0
2037,225,4,5535,1,87,0
2038,225,4,5527,1,91,0
2039,225,4,5589,1,81,0
2040,225,4,5337,1,139,0
2041,225,4,5471,1,119,0
2042,225,4,5567,1,87,0
2043,225,3,3581,0,1001,0
2044,225,4,5494,1,114,0
2045,225,4,5534,1,77,0
2046,225,4,5263,1,147,0
2047,225,4,5589,1,76,0
2048,225,4,5162,1,196,0
2049,225,4,5556,1,83,0
2050,225,4,5165,1,180,0
2051,226,3,3630,0,1001,0
2052,226,4,5627,1,68,0
2053,226,4,5651,1,64,0
2054,226,4,5491,1,113,0
2055,226,4,5629,1,68,0
2056,226,4,5067,1,202,0
2057,226,4,5144,1,189,0
2058,226,4,5288,1,131,0
2059,226,4,5296,1,148,0
2060,226,4,5323,1,124,0
2061,226,4,5605,1,73,0
2062,226,4,5601,1,73,0
2063,226,4,5130,1,168,0
2064,226,4,5586,1,75,0
2065,226,4,5656,1,61,0
2066,226,4,5642,1,65,0
2067,226,4,5514,1,69,0
2068,226,4,5578,1,91,0
2069,226,4,5580,1,84,0
2070,226,4,5404,1,185,0
2071,226,4,5428,1,121,0
2072,226,4,5439,1,125,0
2073,226,4,5518,1,103,0
2074,226,4,5207,1,213,0
2075,226,4,5547,1,86,0
2076,227,4,5533,1,97,0
2077,227,4,5236,1,164,0
2078,227,4,5655,1,63,0
2079,227,4,5065,1,197,0
2080,227,4,5541,1,83,0
2081,227,4,5622,1,74,0
2082,227,4,5627,1,47,0
2083,227,4,5609,1,80,0
2084,227,4,5648,1,65,0
2085,227,4,5557,1,101,0
2086,227,4,5310,1,146,0
2087,227,4,5326,1,148,0
2088,227,4,5368,1,131,0
2089,227,4,5139,1,175,0
2090,227,4,5653,1,62,0
2091,227,4,5678,1,76,0
2092,227,4,5666,1,57,0
2093,227,4,5622,1,75,0
2094,227,4,5611,1,69,0
2095,227,4,5404,1,136,0
2096,227,4,5417,1,113,0
2097,227,4,5508,1,99,0
2098,227,4,5409,1,122,0
2099,227,4,5508,1,124,0
2100,227,4,5695,1,51,1
2101,227,4,5591,1,85,0
2102,227,4,5671,1,56,0
2103,227,4,5684,1,56,0
2104,227,4,5483,1,97,0
2105,227,4,5570,1,82,0
2106,227,4,5266,1,165,0
2107,227,4,5676,1,60,0
2108,228,4,5571,1,111,0
2109,228,4,5561,1,84,0
2110,228,4,5530,1,100,0
2111,228,4,5627,1,69,0
2112,228,4,5691,1,53,0
2113,228,4,5609,1,79,0
2114,228,3,3589,0,1001,0
2115,228,4,5597,1,74,0
2116,228,4,5544,1,87,0
2117,228,3,3462,0,1001,0
2118,228,4,5591,1,81,0
2119,228,4,5551,1,92,0
2120,229,3,3253,0,1001,0
2121,229,4,5576,1,60,0
2122,229,4,5436,1,105,0
2123,229,4,5607,1,80,0
2124,229,4,5573,1,83,0
2125,229,4,5628,1,71,0
2126,229,3,3390,0,1001,0
2127,229,4,5633,1,68,0
2128,229,4,5623,1,82,0
2129,229,4,5569,1,107,0
2130,229,4,5644,1,61,0
2131,229,4,5459,1,164,0
2132,229,4,5624,1,69,0
2133,229,4,5538,1,85,0
2134,229,4,5471,1,129,0
2135,229,4,5462,1,116,0
2136,229,4,5654,1,62,0
2137,230,4,5636,1,66,0
2138,230,4,5621,1,49,0
2139,230,4,5603,1,83,0
2140,230,4,5588,1,78,0
2141,230,4,5484,1,112,0
2142,230,4,5524,1,100,0
2143,230,3,3331,0,1001,0
2144,230,4,5250,1,141,0
2145,230,4,5472,1,108,0
2146,230,4,5560,1,83,0
2147,230,4,5109,1,226,0
2148,230,4,5530,1,94,0
2149,230,4,5563,1,83,0
2150,230,4,5678,1,58,0
2151,230,4,5644,1,65,0
2152,230,4,5391,1,134,0
2153,230,4,5653,1,65,0
2154,230,4,5586,1,78,0
2155,231,3,3468,0,1001,0
2156,231,4,5584,1,73,0
2157,231,4,5471,1,107,0
2158,231,4,5691,1,53,0
2159,231,4,5546,1,105,0
2160,231,4,5620,1,72,0
2161,231,4,5596,1,73,0
2162,231,3,3351,0,1001,0
2163,231,4,5655,1,64,0
2164,231,4,5534,1,86,0
2165,231,4,5606,1,74,0
2166,231,4,5628,1,67,0
2167,231,4,5585,1,88,0
2168,231,4,5049,1,199,0
2169,232,3,3355,0,1001,0
2170,232,4,5687,1,54,0
2171,232,4,5647,1,61,0
2172,232,4,5352,1,111,0
2173,232,4,5522,1,86,0
2174,232,4,5650,1,62,0
2175,232,4,5477,1,102,0
2176,232,4,5614,1,70,0
2177,232,4,5569,1,78,0
2178,232,4,4794,1,427,0
2179,232,4,5604,1,77,0
2180,232,4,5378,1,119,0
2181,232,4,5123,1,200,0
2182,232,4,4155,1,376,0
2183,232,4,5345,1,121,0
2184,232,4,4747,1,262,0
2185,232,4,4440,1,429,0
2186,232,4,5596,1,70,0
2187,233,4,5518,1,94,0
2188,233,4,5658,1,59,0
2189,233,4,5609,1,72,0
2190,233,4,5613,1,66,0
2191,233,4,5280,1,132,0
2192,233,4,5602,1,71,0
2193,233,4,5351,1,131,0
2194,233,4,5676,1,58,0
2195,233,3,3341,0,1001,0
2196,233,4,5430,1,95,0
2197,233,4,5677,1,55,0
2198,233,4,5585,1,77,0
2199,233,4,5490,1,114,0
2200,233,4,5695,1,51,1
2201,233,4,5509,1,76,0
2202,233,4,5198,1,169,0
2203,233,4,4755,1,310,0
2204,233,4,5518,1,67,0
2205,233,4,5616,1,70,0
2206,233,4,5647,1,62,0
2207,233,4,5550,1,63,0
2208,234,3,3623,0,1001,0
2209,234,3,3462,0,1001,0
2210,234,4,5540,1,124,0
2211,234,4,5567,1,78,0
2212,234,3,3355,0,1001,0
2213,234,4,5639,1,66,0
2214,235,4,5443,1,114,0
2215,235,4,5648,1,64,0
2216,235,3,3362,0,1001,0
2217,235,4,5640,1,66,0
2218,235,4,5641,1,66,0
2219,235,4,5503,1,96,0
2220,235,4,5677,1,60,0
2221,235,4,5640,1,74,0
2222,235,4,5667,1,58,0
2223,235,4,5611,1,73,0
2224,235,4,5476,1,156,0
2225,235,4,5402,1,147,0
2226,235,4,5615,1,83,0
2227,235,4,5293,1,165,0
2228,235,4,5649,1,61,0
2229,235,4,5594,1,75,0
2230,235,4,5607,1,75,0
2231,235,4,5545,1,89,0
2232,236,3,3194,0,1001,0
2233,236,4,5684,1,54,0
2234,236,4,5500,1,102,0
2235,236,4,5593,1,75,0
2236,236,4,5567,1,84,0
2237,236,4,5371,1,175,0
2238,236,4,5543,1,101,0
2239,236,4,5637,1,67,0
2240,236,4,5555,1,87,0
2241,236,4,5401,1,122,0
2242,236,4,5550,1,102,0
2243,236,4,5221,1,172,0
2244,236,4,5663,1,60,0
2245,236,4,5629,1,69,0
2246,236,4,5654,1,63,0
2247,236,4,5623,1,66,0
2248,236,4,5643,1,68,0
2249,236,4,5582,1,78,0
2250,236,4,5643,1,62,0
2251,236,4,5543,1,86,0
2252,236,3,3344,0,1001,0
2253,237,3,3561,0,1001,0
2254,237,4,5636,1,63,0
2255,237,4,5550,1,94,0
2256,237,4,5653,1,66,0
2257,237,4,5619,1,75,0
2258,237,4,5666,1,58,0
2259,237,4,5555,1,98,0
2260,237,4,5437,1,126,0
2261,237,3,3523,0,1001,0
2262,237,4,5641,1,64,0
2263,237,4,5613,1,73,0
2264,237,4,5572,1,103,0
2265,237,4,5552,1,81,0
2266,237,4,5591,1,82,0
2267,237,4,5587,1,74,0
2268,237,4,5339,1,152,0
2269,238,4,5151,1,191,0
2270,238,4,5586,1,78,0
2271,238,4,5616,1,52,0
2272,238,4,5369,1,98,0
2273,238,4,5695,1,51,0
2274,238,4,5648,1,63,0
2275,238,4,5138,1,252,0
2276,238,4,5558,1,78,0
2277,238,4,5674,1,57,0
2278,238,4,5506,1,79,0
2279,238,4,5688,1,54,0
2280,238,4,5168,1,229,0
2281,238,4,5649,1,61,0
2282,238,2,2506,0,1001,0
2283,238,4,5670,1,59,0
2284,238,4,5610,1,71,0
2285,238,4,5632,1,47,0
2286,238,4,5627,1,71,0
2287,238,4,5628,1,70,0
2288,239,3,3311,0,1001,0
2289,239,4,5559,1,83,0
2290,239,4,5594,1,55,0
2291,239,4,5685,1,55,0
2292,239,4,5393,1,134,0
2293,239,4,5460,1,106,0
2294,239,3,3302,0,1001,0
2295,239,4,5537,1,71,0
2296,239,4,5615,1,69,0
2297,239,4,5459,1,108,0
2298,239,4,5478,1,86,0
2299,239,4,5565,1,81,0
2300,240,1,1379,0,1001,1
2301,240,4,5560,1,83,0
2302,240,2,2430,0,1001,0
2303,240,4,5357,1,136,0
2304,240,4,5565,1,83,0
2305,240,4,5410,1,132,0
2306,240,4,5441,1,112,0
2307,240,4,5475,1,104,0
2308,240,4,5222,1,172,0
2309,240,4,5412,1,131,0
2310,240,4,5254,1,160,0
2311,241,2,2310,0,1001,0
2312,241,4,5584,1,86,0
2313,241,4,5639,1,68,0
2314,241,4,5592,1,88,0
2315,241,4,5663,1,61,0
2316,241,3,3580,0,1001,0
2317,241,4,5359,1,136,0
2318,241,4,5460,1,127,0
2319,241,3,3432,0,1001,0
2320,241,4,5609,1,73,0
2321,241,4,5513,1,91,0
2322,242,3,3263,0,1001,0
2323,242,4,5536,1,100,0
2324,242,4,5604,1,75,0
2325,242,4,5566,1,61,0
2326,242,3,3555,0,1001,0
2327,242,4,5623,1,73,0
2328,242,4,5622,1,68,0
2329,242,4,5057,1,178,0
2330,242,4,5578,1,55,0
2331,242,4,5643,1,68,0
2332,242,4,5656,1,66,0
2333,242,4,5491,1,98,0
2334,242,4,5293,1,110,0
2335,243,4,5035,1,354,0
2336,243,4,5288,1,156,0
2337,243,4,5440,1,101,0
2338,243,4,5603,1,69,0
2339,243,4,5660,1,59,0
2340,243,4,5507,1,98,0
2341,243,4,5478,1,123,0
2342,243,3,3575,0,1001,0
2343,243,4,5615,1,71,0
2344,243,4,5491,1,109,0
2345,243,4,5640,1,62,0
2346,243,4,5630,1,68,0
2347,243,3,3030,0,1001,0
2348,243,4,5634,1,66,0
2349,243,4,5654,1,63,0
2350,244,4,5610,1,69,0
2351,244,4,5328,1,221,0
2352,244,4,5677,1,59,0
2353,244,4,5636,1,67,0
2354,244,4,5659,1,61,0
2355,244,4,5569,1,85,0
2356,244,4,5631,1,66,0
2357,244,4,4830,1,201,0
2358,244,4,5566,1,84,0
2359,244,4,5549,1,90,0
2360,244,4,5602,1,73,0
2361,244,4,5549,1,81,0
2362,244,4,5412,1,113,0
2363,244,4,5652,1,66,0
2364,244,4,5595,1,71,0
2365,244,4,5597,1,55,0
2366,244,4,5351,1,121,0
2367,244,4,5416,1,129,0
2368,244,3,3329,0,1001,0
2369,244,4,5530,1,86,0
2370,244,4,5539,1,68,0
2371,244,4,5607,1,76,0
2372,244,4,5606,1,71,0
2373,245,4,5344,1,221,0
2374,245,4,5651,1,67,0
2375,245,4,5569,1,87,0
2376,245,4,5536,1,91,0
2377,245,4,5420,1,156,0
2378,245,4,5165,1,188,0
2379,245,4,5570,1,60,0
2380,245,4,5294,1,148,0
2381,245,4,5390,1,111,0
2382,245,4,5556,1,87,0
2383,245,4,5157,1,182,0
2384,245,4,5368,1,135,0
2385,245,4,5336,1,154,0
2386,245,3,3522,0,1001,0
2387,245,4,5431,1,121,0
2388,245,4,5438,1,125,0
2389,245,4,5289,1,149,0
2390,246,4,3803,1,824,0
2391,246,4,4972,1,233,0
2392,246,4,5374,1,130,0
2393,246,4,5483,1,93,0
2394,246,4,5103,1,286,0
2395,246,3,3374,0,1001,0
2396,246,4,5305,1,155,0
2397,247,2,2424,0,1001,0
2398,247,4,5459,1,111,0
2399,247,4,5548,1,83,0
2400,247,0,99,0,1001,1
2401,247,4,5496,1,99,0
2402,247,4,5450,1,99,0
2403,247,4,5404,1,121,0
2404,247,4,5583,1,73,0
2405,247,4,5240,1,148,0
2406,247,4,5572,1,81,0
2407,247,4,5563,1,91,0
2408,247,4,5385,1,139,0
2409,247,4,5344,1,134,0
2410,247,4,5037,1,212,0
2411,247,4,5474,1,113,0
2412,247,4,5480,1,97,0
2413,247,4,5532,1,98,0
2414,248,4,5301,1,134,0
2415,248,4,5620,1,73,0
2416,248,4,5157,1,189,0
2417,248,4,5245,1,140,0
2418,248,3,3363,0,1001,0
2419,248,4,5570,1,81,0
2420,248,4,4977,1,196,0
2421,248,3,3580,0,1001,0
2422,248,4,5348,1,142,0
2423,248,4,5243,1,157,0
2424,248,4,5555,1,61,0
2425,249,4,3955,1,449,0
2426,249,3,3480,0,1001,0
2427,249,4,5229,1,146,0
2428,249,3,3382,0,1001,0
2429,249,4,5633,1,65,0
2430,249,4,5135,1,176,0
2431,249,4,4944,1,224,0
2432,250,4,4812,1,239,0
2433,250,4,4826,1,231,0
2434,250,4,4100,1,452,0
2435,250,4,5589,1,79,0
2436,250,4,4592,1,317,0
2437,250,4,4768,1,286,0
2438,250,4,5440,1,92,0
2439,250,4,5439,1,113,0
2440,250,4,5196,1,192,0
2441,250,4,5640,1,63,0
2442,250,4,5506,1,103,0
2443,250,4,5506,1,84,0
2444,250,4,5561,1,85,0
2445,251,3,3373,0,1001,0
2446,251,4,5393,1,123,0
2447,251,4,5155,1,196,0
2448,251,4,5516,1,102,0
2449,251,4,5408,1,135,0
2450,251,4,5472,1,116,0
2451,251,4,4680,1,268,0
2452,251,4,5632,1,77,0
2453,251,4,5639,1,69,0
2454,251,4,5575,1,83,0
2455,251,4,5340,1,184,0
2456,251,4,5060,1,212,0
2457,251,4,5560,1,88,0
2458,251,4,5541,1,88,0
2459,251,4,5581,1,86,0
2460,251,3,3389,0,1001,0
2461,251,4,5658,1,62,0
2462,251,4,5640,1,70,0
2463,252,4,5010,1,196,0
2464,252,3,3358,0,1001,0
2465,252,4,5426,1,126,0
2466,252,4,5600,1,84,0
2467,252,4,5576,1,92,0
2468,252,3,3333,0,1001,0
2469,252,4,5194,1,215,0
2470,253,3,3378,0,1001,0
2471,253,4,5250,1,238,0
2472,253,4,5186,1,166,0
2473,253,4,4934,1,254,0
2474,253,4,5526,1,85,0
2475,253,4,5184,1,187,0
2476,253,4,5409,1,109,0
2477,253,4,5460,1,116,0
2478,253,4,5509,1,105,0
2479,253,4,5612,1,70,0
2480,253,4,5611,1,73,0
2481,253,4,5556,1,85,0
2482,253,4,5438,1,105,0
2483,253,4,5603,1,74,0
2484,253,4,5608,1,79,0
2485,253,4,5481,1,99,0
2486,254,3,3499,0,1001,0
2487,254,4,5663,1,61,0
2488,254,3,3371,0,1001,0
2489,254,4,5206,1,184,0
2490,254,4,4815,1,276,0
2491,254,4,5584,1,85,0
2492,254,4,5533,1,91,0
2493,254,4,5544,1,87,0
2494,254,4,5472,1,104,0
2495,254,4,4496,1,514,0
2496,254,4,5507,1,89,0
2497,254,4,5588,1,75,0
2498,255,2,2389,0,1001,0
2499,255,4,5232,1,162,0
2500,255,0,99,0,1001,1
2501,255,4,5539,1,91,0
2502,255,3,2867,0,1001,0
2503,256,4,5516,1,96,0
2504,256,4,5376,1,114,0
2505,256,4,5149,1,176,0
2506,256,4,5334,1,133,0
2507,256,4,5343,1,138,0
2508,256,4,5352,1,119,0
2509,256,4,5545,1,99,0
2510,256,4,5389,1,110,0
2511,256,4,5580,1,77,0
2512,256,4,5660,1,66,0
2513,256,4,5355,1,117,0
2514,256,4,5461,1,102,0
2515,256,4,5213,1,168,0
2516,256,4,5408,1,121,0
2517,256,4,5597,1,73,0
2518,256,4,5552,1,62,0
2519,256,4,5379,1,121,0
2520,256,4,5430,1,103,0
2521,256,4,5455,1,94,0
2522,256,4,5367,1,113,0
2523,256,3,3489,0,1001,0
2524,257,4,5318,1,146,0
2525,257,4,5392,1,110,0
2526,257,4,5215,1,157,0
2527,257,4,5353,1,123,0
2528,257,4,5483,1,92,0
2529,257,4,5424,1,132,0
2530,257,4,5447,1,111,0
2531,257,4,5475,1,90,0
2532,257,4,5392,1,107,0
2533,257,4,4919,1,246,0
2534,257,4,5497,1,93,0
2535,257,4,5521,1,93,0
2536,257,4,5391,1,110,0
2537,257,4,5303,1,137,0
2538,257,4,5111,1,181,0
2539,257,4,5575,1,60,0
2540,257,4,5415,1,106,0
2541,257,4,5093,1,176,0
2542,257,4,5417,1,115,0
2543,257,4,5331,1,152,0
2544,257,4,5628,1,70,0
2545,257,4,5440,1,126,0
2546,257,4,5435,1,113,0
2547,257,4,5616,1,71,0
2548,257,4,5649,1,63,0
2549,257,4,5615,1,71,0
2550,257,4,5551,1,82,0
2551,258,4,5527,1,89,0
2552,258,4,5610,1,74,0
2553,258,4,5213,1,154,0
2554,258,4,5500,1,100,0
2555,258,4,5594,1,75,0
2556,258,4,5653,1,66,0
2557,258,4,5203,1,172,0
2558,258,4,5282,1,119,0
2559,258,4,5634,1,64,0
2560,258,4,5601,1,75,0
2561,258,4,5379,1,115,0
2562,258,4,5658,1,61,0
2563,258,4,5361,1,136,0
2564,258,4,5506,1,100,0
2565,258,4,5467,1,110,0
2566,258,4,5624,1,69,0
2567,258,4,5494,1,97,0
2568,258,4,5319,1,115,0
2569,258,4,5495,1,103,0
2570,258,4,5492,1,75,0
2571,258,4,5288,1,129,0
2572,258,4,5391,1,109,0
2573,258,4,5571,1,93,0
2574,258,4,5453,1,109,0
2575,258,4,5522,1,91,0
2576,258,4,5474,1,106,0
2577,258,4,5175,1,178,0
2578,258,4,5605,1,70,0
2579,258,4,5499,1,92,0
2580,258,4,5445,1,116,0
2581,258,4,5588,1,79,0
2582,258,4,5581,1,88,0
2583,259,4,5413,1,128,0
2584,259,4,5480,1,104,0
2585,259,4,5358,1,122,0
2586,259,4,5639,1,68,0
2587,259,4,5211,1,191,0
2588,259,4,5523,1,106,0
2589,259,4,5526,1,86,0
2590,259,4,5487,1,100,0
2591,259,4,5398,1,112,0
2592,259,4,5402,1,113,0
2593,259,4,5450,1,106,0
2594,259,4,5633,1,46,0
2595,259,4,5682,1,56,0
2596,259,4,5621,1,67,0
2597,259,4,5504,1,105,0
2598,259,4,5593,1,74,0
2599,259,4,5623,1,49,0
2600,259,4,5697,1,51,1
2601,259,4,5496,1,96,0
2602,259,4,5607,1,81,0
2603,259,4,5477,1,105,0
2604,259,4,5409,1,87,0
2605,259,4,5645,1,66,0
2606,259,4,5239,1,143,0
2607,259,4,5677,1,55,0
2608,259,4,5604,1,79,0
2609,259,4,5653,1,67,0
2610,259,4,5589,1,74,0
2611,259,4,5474,1,102,0
2612,259,4,5590,1,80,0
2613,259,4,5566,1,86,0
2614,259,4,5522,1,90,0
2615,259,4,5354,1,162,0
2616,260,4,4433,1,441,0
2617,260,4,5526,1,89,0
2618,260,4,5566,1,87,0
2619,260,4,5577,1,80,0
2620,260,4,5581,1,75,0
2621,260,4,5574,1,76,0
2622,260,4,5445,1,90,0
2623,260,4,5415,1,112,0
2624,260,4,5573,1,82,0
2625,260,4,5475,1,119,0
2626,260,4,5667,1,58,0
2627,260,4,5589,1,91,0
2628,260,4,5689,1,55,0
2629,260,4,5553,1,95,0
2630,260,4,5652,1,63,0
2631,260,4,5514,1,88,0
2632,260,4,5528,1,100,0
2633,260,4,5688,1,53,0
2634,260,4,5669,1,61,0
2635,260,4,5428,1,91,0
2636,260,4,5034,1,206,0
2637,260,4,5481,1,113,0
2638,260,4,5534,1,99,0
2639,260,4,5605,1,72,0
2640,260,4,5505,1,75,0
2641,260,4,5629,1,66,0
2642,260,4,5619,1,68,0
2643,260,4,5653,1,66,0
2644,260,4,5599,1,53,0
2645,260,4,5569,1,79,0
2646,260,4,5579,1,74,0
2647,260,4,5311,1,134,0
2648,260,4,5595,1,74,0
2649,260,4,5611,1,73,0
2650,261,4,5577,1,74,0
2651,261,4,5688,1,56,0
2652,261,4,5639,1,65,0
2653,261,4,5610,1,74,0
2654,261,4,5600,1,85,0
2655,261,4,5638,1,66,0
2656,261,4,5370,1,130,0
2657,261,4,5452,1,86,0
2658,261,4,5537,1,89,0
2659,261,4,5554,1,83,0
2660,261,4,5024,1,183,0
2661,261,4,5352,1,123,0
2662,261,4,5651,1,64,0
2663,261,4,5462,1,117,0
2664,261,4,5409,1,116,0
2665,261,4,5435,1,121,0
2666,261,4,5528,1,89,0
2667,261,4,5550,1,91,0
2668,261,4,5431,1,89,0
2669,261,4,5593,1,77,0
2670,261,4,5298,1,147,0
2671,261,4,5575,1,83,0
2672,261,4,5609,1,72,0
2673,261,4,5069,1,174,0
2674,261,4,5387,1,129,0
2675,261,4,5530,1,95,0
2676,261,4,5551,1,92,0
2677,261,4,5507,1,95,0
2678,261,4,5454,1,101,0
2679,261,4,5555,1,93,0
2680,261,4,5581,1,81,0
2681,261,4,5526,1,92,0
2682,262,4,5507,1,98,0
2683,262,4,5610,1,72,0
2684,262,4,5580,1,80,0
2685,262,4,5603,1,75,0
2686,262,4,4828,1,260,0
2687,262,4,4624,1,338,0
2688,262,4,4695,1,254,0
2689,262,4,4802,1,230,0
2690,262,4,5529,1,90,0
2691,262,4,5478,1,96,0
2692,262,4,5249,1,127,0
2693,262,4,5450,1,100,0
2694,262,4,4678,1,281,0
2695,262,4,4347,1,335,0
2696,262,4,5388,1,148,0
2697,262,4,5536,1,87,0
2698,262,4,5524,1,92,0
2699,262,4,5347,1,119,0
2700,263,1,1281,0,1001,1
2701,263,4,5228,1,168,0
2702,263,4,5127,1,179,0
2703,263,4,4376,1,346,0
2704,263,4,5623,1,70,0
2705,263,4,5232,1,152,0
2706,263,4,4420,1,323,0
2707,263,4,5610,1,75,0
2708,263,4,5238,1,177,0
2709,263,4,5563,1,81,0
2710,263,4,5433,1,98,0
2711,263,4,4912,1,230,0
2712,263,4,5279,1,146,0
2713,263,4,4994,1,232,0
2714,263,4,5476,1,107,0
2715,264,4,5074,1,234,0
2716,264,4,5523,1,87,0
2717,264,4,5414,1,128,0
2718,264,4,5608,1,85,0
2719,264,4,5225,1,161,0
2720,264,4,5266,1,172,0
2721,264,4,5172,1,182,0
2722,264,4,5543,1,88,0
2723,264,4,5328,1,139,0
2724,264,4,5495,1,105,0
2725,264,4,4903,1,232,0
2726,264,4,5387,1,123,0
2727,264,4,5365,1,133,0
2728,264,4,5180,1,180,0
2729,264,4,5332,1,146,0
2730,264,4,5621,1,72,0
2731,264,4,5641,1,65,0
2732,264,4,5471,1,115,0
2733,264,4,5598,1,74,0
2734,265,3,2707,0,1001,0
2735,265,4,5426,1,114,0
2736,265,4,5353,1,132,0
2737,265,4,5623,1,70,0
2738,265,4,5366,1,133,0
2739,265,4,5385,1,133,0
2740,265,4,5224,1,163,0
2741,265,4,5174,1,212,0
2742,265,4,5566,1,79,0
2743,265,4,5579,1,75,0
2744,265,4,5580,1,76,0
2745,265,4,5548,1,83,0
2746,265,4,5679,1,57,0
2747,265,4,5566,1,84,0
2748,265,4,5601,1,78,0
2749,265,4,5587,1,78,0
2750,265,4,5670,1,56,0
2751,265,4,5606,1,70,0
2752,265,4,5668,1,61,0
2753,265,4,5592,1,90,0
2754,265,4,5586,1,78,0
2755,265,4,5585,1,74,0
2756,265,4,5546,1,63,0
2757,265,4,5649,1,61,0
2758,265,4,5627,1,65,0
2759,265,4,5689,1,53,0
2760,265,4,5634,1,68,0
2761,265,4,5636,1,68,0
2762,265,4,5605,1,71,0
2763,265,4,5601,1,69,0
2764,265,4,5665,1,55,0
2765,265,4,5648,1,70,0
2766,265,4,5586,1,89,0
2767,265,4,5630,1,64,0
2768,266,4,5523,1,85,0
2769,266,4,5650,1,65,0
2770,266,4,5551,1,87,0
2771,266,4,5532,1,107,0
2772,266,4,5637,1,65,0
2773,266,4,5632,1,67,0
2774,266,4,5582,1,77,0
2775,266,4,5666,1,55,0
2776,266,4,5648,1,62,0
2777,266,4,5222,1,136,0
2778,266,4,5544,1,72,0
2779,266,4,5598,1,75,0
2780,266,4,5619,1,75,0
2781,266,4,5598,1,76,0
2782,266,4,5517,1,96,0
2783,266,4,5634,1,62,0
2784,266,4,5599,1,70,0
2785,266,4,5679,1,55,0
2786,266,4,5609,1,73,0
2787,266,3,3440,0,1001,0
2788,266,4,5507,1,70,0
2789,266,4,5640,1,67,0
2790,266,4,5573,1,85,0
2791,266,4,5586,1,83,0
2792,266,4,5508,1,92,0
2793,266,4,5672,1,59,0
2794,266,4,5633,1,67,0
2795,266,4,5590,1,79,0
2796,266,4,5540,1,92,0
2797,267,4,5450,1,127,0
2798,267,4,5219,1,150,0
2799,267,4,5606,1,70,0
2800,267,4,5693,1,51,1
2801,267,4,5624,1,68,0
2802,267,4,5558,1,77,0
2803,267,4,5564,1,82,0
2804,267,4,5415,1,137,0
2805,267,4,5494,1,92,0
2806,267,4,5440,1,115,0
2807,267,4,5577,1,80,0
2808,267,4,5555,1,97,0
2809,267,4,5546,1,81,0
2810,267,4,5537,1,96,0
2811,267,4,5647,1,67,0
2812,267,4,5487,1,102,0
2813,267,4,5485,1,110,0
2814,267,4,5199,1,196,0
2815,267,4,5530,1,109,0
2816,267,4,4751,1,321,0
2817,267,4,4890,1,220,0
2818,267,4,5422,1,112,0
2819,267,4,5469,1,122,0
2820,267,4,5516,1,102,0
2821,267,4,5063,1,266,0
2822,268,4,5333,1,122,0
2823,268,4,5190,1,157,0
2824,268,4,5031,1,179,0
2825,268,4,5497,1,95,0
2826,268,4,5539,1,92,0
2827,268,4,5452,1,98,0
2828,268,4,5408,1,104,0
2829,268,4,5535,1,86,0
2830,268,4,5533,1,66,0
2831,268,4,5505,1,86,0
2832,268,4,5564,1,85,0
2833,268,4,5426,1,107,0
2834,268,4,5480,1,94,0
2835,268,4,5554,1,64,0
2836,268,4,5242,1,147,0
2837,268,4,5157,1,151,0
2838,268,4,5187,1,163,0
2839,268,4,5310,1,123,0
2840,268,4,5632,1,68,0
2841,268,4,5345,1,116,0
2842,268,3,3265,0,1001,0
2843,269,4,5620,1,64,0
2844,269,4,5409,1,110,0
2845,269,4,5454,1,108,0
2846,269,4,5549,1,78,0
2847,269,4,5403,1,110,0
2848,269,4,5497,1,90,0
2849,269,4,5336,1,125,0
2850,269,4,5513,1,89,0
2851,269,4,5490,1,97,0
2852,269,4,5592,1,72,0
2853,269,4,5545,1,83,0
2854,269,4,5668,1,60,0
2855,269,4,5253,1,182,0
2856,269,4,4699,1,258,0
2857,269,4,5248,1,140,0
2858,269,4,5207,1,164,0
2859,269,2,2401,0,1001,0
2860,269,4,5411,1,107,0
2861,270,4,4100,1,491,0
2862,270,4,5227,1,183,0
2863,270,4,5380,1,109,0
2864,270,4,5410,1,108,0
2865,270,4,5025,1,198,0
2866,270,4,4681,1,261,0
2867,270,4,5493,1,91,0
2868,270,4,5100,1,171,0
2869,270,4,5512,1,89,0
2870,270,4,5670,1,60,0
2871,270,4,5203,1,184,0
2872,270,4,5498,1,97,0
2873,270,4,5570,1,74,0
2874,270,2,2297,0,1001,0
2875,270,4,5509,1,103,0
2876,271,4,4907,1,213,0
2877,271,4,5416,1,123,0
2878,271,4,5420,1,108,0
2879,271,4,5553,1,84,0
2880,271,4,5457,1,104,0
2881,271,4,5380,1,132,0
2882,271,4,5496,1,104,0
2883,271,4,5565,1,89,0
2884,271,4,5099,1,192,0
2885,271,4,5379,1,112,0
2886,271,4,5444,1,84,0
2887,271,4,5095,1,167,0
2888,271,4,5521,1,74,0
2889,271,4,5656,1,59,0
2890,271,4,5584,1,74,0
2891,271,4,5448,1,100,0
2892,271,4,5540,1,71,0
2893,271,4,5624,1,70,0
2894,271,4,5482,1,99,0
2895,271,4,5443,1,105,0
2896,271,4,5624,1,71,0
2897,271,4,5144,1,161,0
2898,271,4,5296,1,133,0
2899,271,4,5112,1,171,0
2900,272,0,99,0,1001,1
2901,272,4,5143,1,161,0
2902,272,4,5576,1,76,0
2903,272,4,5503,1,102,0
2904,272,4,5516,1,67,0
2905,272,4,5387,1,98,0
2906,272,4,5488,1,109,0
2907,272,4,5423,1,104,0
2908,272,4,5576,1,81,0
2909,272,4,5336,1,132,0
2910,272,4,5485,1,103,0
2911,272,4,5422,1,113,0
2912,272,4,5542,1,79,0
2913,272,4,5527,1,99,0
2914,272,4,5686,1,54,0
2915,272,4,5654,1,63,0
2916,272,4,5006,1,184,0
2917,272,4,5494,1,99,0
2918,272,4,5388,1,130,0
2919,272,4,5051,1,176,0
2920,272,4,5251,1,135,0
2921,272,4,5063,1,173,0
2922,272,4,5367,1,132,0
2923,272,4,5397,1,110,0
2924,272,4,5526,1,85,0
2925,273,4,5561,1,80,0
2926,273,4,5137,1,159,0
2927,273,4,5150,1,158,0
2928,273,4,5354,1,96,0
2929,273,4,5252,1,148,0
2930,273,4,5323,1,155,0
2931,273,4,5469,1,94,0
2932,273,4,5566,1,78,0
2933,273,4,5560,1,77,0
2934,273,4,5544,1,87,0
2935,273,4,5496,1,95,0
2936,273,4,5611,1,70,0
2937,273,4,5470,1,104,0
2938,273,4,5396,1,124,0
2939,273,4,5556,1,77,0
2940,273,4,5564,1,85,0
2941,273,4,5488,1,94,0
2942,273,4,5582,1,79,0
2943,273,4,5362,1,121,0
2944,273,4,5403,1,110,0
2945,273,4,5125,1,171,0
2946,273,4,5422,1,120,0
2947,273,4,5190,1,146,0
2948,273,4,5579,1,82,0
2949,273,4,5180,1,154,0
2950,273,4,5440,1,101,0
2951,273,4,5472,1,103,0
2952,273,4,4975,1,233,0
2953,274,4,5616,1,48,0
2954,274,4,5223,1,143,0
2955,274,4,5093,1,197,0
2956,274,4,5470,1,98,0
2957,274,4,5262,1,146,0
2958,274,4,5390,1,110,0
2959,274,4,5357,1,144,0
2960,274,4,5524,1,95,0
2961,274,4,5120,1,187,0
2962,274,4,5023,1,194,0
2963,274,4,4888,1,225,0
2964,274,4,5437,1,113,0
2965,274,4,5508,1,89,0
2966,274,4,5214,1,196,0
2967,274,4,5135,1,195,0
2968,274,4,5305,1,137,0
2969,274,4,5148,1,160,0
2970,274,4,5543,1,63,0
2971,274,4,5517,1,74,0
2972,274,4,5302,1,134,0
2973,274,4,5394,1,144,0
2974,274,4,5114,1,236,0
2975,275,4,5242,1,137,0
2976,275,4,5378,1,117,0
2977,275,4,5404,1,108,0
2978,275,4,5341,1,166,0
2979,275,4,5398,1,108,0
2980,275,4,5663,1,60,0
2981,275,4,5585,1,73,0
2982,275,4,5408,1,143,0
2983,275,4,5628,1,67,0
2984,275,4,5454,1,110,0
2985,275,4,5434,1,124,0
2986,275,4,5432,1,110,0
2987,275,4,5477,1,118,0
2988,275,4,5146,1,160,0
2989,275,4,5081,1,174,0
2990,275,4,5314,1,125,0
2991,275,4,5593,1,77,0
2992,275,4,3893,1,726,0
2993,275,4,5304,1,130,0
2994,275,4,5376,1,114,0
2995,275,4,5441,1,105,0
2996,276,4,5235,1,122,0
2997,276,4,5488,1,111,0
2998,276,4,5390,1,111,0
2999,276,4,5435,1,105,0
3000,276,0,99,0,1001,1
3001,276,4,5022,1,193,0
3002,276,4,5455,1,88,0
3003,276,4,4511,1,296,0
3004,276,4,4783,1,233,0
3005,276,4,5345,1,131,0
3006,276,4,5638,1,63,0
3007,276,4,5587,1,77,0
3008,276,4,5425,1,110,0
3009,276,4,5590,1,76,0
3010,276,4,5597,1,73,0
3011,276,4,5464,1,94,0
3012,276,4,5519,1,92,0
3013,276,4,5653,1,62,0
3014,276,4,5484,1,80,0
3015,276,4,5534,1,82,0
3016,276,4,5611,1,69,0
3017,277,4,5336,1,135,0
3018,277,4,5437,1,118,0
3019,277,4,5275,1,132,0
3020,277,4,5457,1,99,0
3021,277,4,5564,1,68,0
3022,277,4,5483,1,121,0
3023,277,4,5453,1,97,0
3024,277,4,5609,1,75,0
3025,277,4,5676,1,59,0
3026,277,4,5593,1,75,0
3027,277,4,5589,1,72,0
3028,277,4,5516,1,88,0
3029,277,4,5005,1,192,0
3030,277,2,1660,0,1001,0
3031,277,4,5617,1,76,0
3032,277,4,5640,1,62,0
3033,277,4,5588,1,79,0
3034,277,4,5417,1,113,0
3035,278,4,4452,1,473,0
3036,278,4,5494,1,92,0
3037,278,4,5535,1,87,0
3038,278,4,5425,1,115,0
3039,278,4,5409,1,128,0
3040,278,4,5468,1,104,0
3041,278,4,5590,1,86,0
3042,278,4,5368,1,116,0
3043,278,4,5610,1,67,0
3044,278,4,5309,1,131,0
3045,278,4,5597,1,77,0
3046,278,4,5591,1,82,0
3047,278,4,5310,1,140,0
3048,278,4,5187,1,164,0
3049,278,4,5286,1,166,0
3050,278,4,5517,1,101,0
3051,278,4,5469,1,101,0
3052,278,4,5375,1,132,0
3053,278,4,5062,1,261,0
3054,278,4,5264,1,158,0
3055,278,4,5255,1,147,0
3056,278,4,4954,1,223,0
3057,278,4,5518,1,94,0
3058,279,2,2392,0,1001,0
3059,279,4,5342,1,141,0
3060,279,4,4814,1,257,0
3061,279,4,5491,1,96,0
3062,279,4,5263,1,147,0
3063,279,2,2325,0,1001,0
3064,279,4,5531,1,110,0
3065,279,4,5305,1,138,0
3066,279,4,5329,1,114,0
3067,279,4,5502,1,92,0
3068,279,4,5172,1,221,0
3069,280,4,5020,1,192,0
3070,280,2,2463,0,1001,0
3071,280,4,5508,1,96,0
3072,280,4,5309,1,143,0
3073,280,4,5220,1,163,0
3074,280,4,5293,1,137,0
3075,280,4,5305,1,156,0
3076,280,4,5185,1,173,0
3077,280,4,4715,1,259,0
3078,280,4,5310,1,143,0
3079,280,4,5158,1,205,0
3080,280,4,5518,1,92,0
3081,280,4,4984,1,208,0
3082,280,4,5305,1,139,0
3083,280,4,5457,1,102,0
3084,280,4,5526,1,92,0
3085,281,4,5437,1,109,0
3086,281,4,5298,1,142,0
3087,281,4,5488,1,112,0
3088,281,4,5417,1,130,0
3089,281,4,5229,1,155,0
3090,281,4,5100,1,194,0
3091,281,4,5246,1,149,0
3092,281,4,4774,1,264,0
3093,281,4,5470,1,108,0
3094,281,4,5173,1,176,0
3095,281,4,5376,1,142,0
3096,281,4,5160,1,187,0
3097,281,4,5393,1,114,0
3098,281,4,5588,1,81,0
3099,281,4,5271,1,173,0
3100,282,0,99,0,1001,1
3101,282,4,5536,1,94,0
3102,282,4,5411,1,121,0
3103,282,4,5469,1,109,0
3104,282,4,5482,1,108,0
3105,282,4,5458,1,103,0
3106,282,4,5021,1,228,0
3107,282,4,5410,1,113,0
3108,282,4,5582,1,76,0
3109,282,2,2404,0,1001,0
3110,282,4,5489,1,104,0
3111,282,4,5406,1,114,0
3112,282,4,5382,1,118,0
3113,282,4,5289,1,145,0
3114,282,4,5258,1,141,0
3115,282,4,5569,1,81,0
3116,282,4,5646,1,63,0
3117,282,4,5593,1,57,0
3118,282,4,5548,1,91,0
3119,282,4,5640,1,69,0
3120,283,4,4694,1,263,0
3121,283,4,5312,1,127,0
3122,283,4,5119,1,246,0
3123,283,4,5585,1,79,0
3124,283,4,5244,1,159,0
3125,283,4,5360,1,142,0
3126,283,4,4827,1,228,0
3127,283,4,5428,1,104,0
3128,283,4,5574,1,76,0
3129,283,4,5345,1,131,0
3130,283,4,5629,1,65,0
3131,283,4,5231,1,163,0
3132,283,4,5617,1,75,0
3133,283,4,5609,1,72,0
3134,283,4,5556,1,84,0
3135,283,4,5365,1,124,0
3136,283,4,5456,1,121,0
3137,283,4,4950,1,219,0
3138,283,4,5549,1,86,0
3139,283,4,5496,1,88,0
3140,284,3,3508,0,1001,0
3141,284,4,5414,1,141,0
3142,284,4,5273,1,181,0
3143,284,4,5413,1,107,0
3144,284,4,5456,1,114,0
3145,284,4,5218,1,146,0
3146,284,4,5137,1,154,0
3147,284,4,5033,1,189,0
3148,284,4,5573,1,77,0
3149,284,4,5547,1,88,0
3150,284,4,4809,1,260,0
3151,284,4,5379,1,114,0
3152,284,4,5577,1,78,0
3153,284,4,5619,1,69,0
3154,284,4,5571,1,83,0
3155,284,4,5182,1,152,0
3156,284,4,5369,1,114,0
3157,284,4,5219,1,144,0
3158,284,4,5580,1,64,0
3159,284,4,5277,1,142,0
3160,284,4,5152,1,177,0
3161,285,4,5365,1,151,0
3162,285,4,5356,1,124,0
3163,285,4,5619,1,74,0
3164,285,4,5502,1,89,0
3165,285,4,5212,1,243,0
3166,285,4,5665,1,64,0
3167,285,4,5519,1,89,0
3168,285,4,5472,1,105,0
3169,285,4,5640,1,65,0
3170,285,4,5521,1,104,0
3171,285,4,5296,1,143,0
3172,285,4,5561,1,85,0
3173,285,4,5479,1,94,0
3174,285,4,5067,1,358,0
3175,285,4,5395,1,119,0
3176,285,4,5472,1,118,0
3177,285,2,2291,0,1001,0
3178,285,4,5515,1,75,0
3179,285,4,5560,1,65,0
3180,286,4,5462,1,101,0
3181,286,4,5624,1,70,0
3182,286,4,5555,1,83,0
3183,286,4,5623,1,71,0
3184,286,4,5551,1,89,0
3185,286,4,5612,1,84,0
3186,286,4,5574,1,85,0
3187,286,4,5630,1,68,0
3188,286,4,5491,1,75,0
3189,286,4,5563,1,91,0
3190,286,4,5570,1,76,0
3191,286,4,5132,1,183,0
3192,286,4,5279,1,138,0
3193,286,4,5514,1,93,0
3194,286,4,5621,1,70,0
3195,286,4,5409,1,116,0
3196,286,4,5458,1,117,0
3197,286,4,5492,1,108,0
3198,286,4,4916,1,255,0
3199,286,4,5395,1,118,0
3200,286,0,198,0,1001,1
3201,286,4,5495,1,107,0
3202,287,4,5483,1,103,0
3203,287,4,5573,1,84,0
3204,287,4,4938,1,239,0
3205,287,4,5414,1,105,0
3206,287,4,5178,1,156,0
3207,287,4,5249,1,199,0
3208,287,4,5239,1,170,0
3209,287,4,4929,1,316,0
3210,287,4,5000,1,242,0
3211,287,4,5488,1,92,0
3212,287,4,4976,1,211,0
3213,287,4,5356,1,130,0
3214,287,4,5270,1,157,0
3215,287,4,5271,1,125,0
3216,287,4,5367,1,127,0
3217,287,4,5192,1,154,0
3218,287,4,5083,1,211,0
3219,287,4,5470,1,127,0
3220,288,4,4862,1,272,0
3221,288,4,5391,1,111,0
3222,288,4,4443,1,313,0
3223,288,4,5568,1,91,0
3224,288,4,4471,1,311,0
3225,288,4,5503,1,98,0
3226,288,4,5379,1,140,0
3227,288,4,5548,1,83,0
3228,288,4,5354,1,141,0
3229,288,4,5533,1,84,0
3230,288,4,5492,1,110,0
3231,288,4,5361,1,143,0
3232,288,4,5474,1,108,0
3233,288,4,5340,1,129,0
3234,288,4,5496,1,85,0
3235,288,4,4802,1,217,0
3236,288,4,5531,1,93,0
3237,288,4,5612,1,68,0
3238,288,4,5384,1,115,0
3239,288,4,4921,1,227,0
3240,288,4,5042,1,211,0
3241,289,4,4816,1,296,0
3242,289,4,5323,1,139,0
3243,289,4,5008,1,223,0
3244,289,4,4449,1,414,0
3245,289,4,5050,1,181,0
3246,289,4,4993,1,181,0
3247,289,4,4980,1,231,0
3248,289,4,5616,1,71,0
3249,289,4,5206,1,157,0
3250,289,4,5311,1,132,0
3251,289,4,5328,1,129,0
3252,289,4,5197,1,166,0
3253,289,4,4933,1,205,0
3254,289,4,5246,1,138,0
3255,289,4,5412,1,112,0
3256,289,4,5467,1,100,0
3257,289,4,5305,1,110,0
3258,289,4,5207,1,135,0
3259,289,4,5472,1,95,0
3260,289,4,5194,1,151,0
3261,290,4,5221,1,246,0
3262,290,4,4790,1,261,0
3263,290,4,5457,1,106,0
3264,290,4,5542,1,83,0
3265,290,4,5006,1,220,0
3266,290,4,5193,1,148,0
3267,290,4,5329,1,125,0
3268,290,4,5028,1,168,0
3269,290,4,5260,1,140,0
3270,290,4,5045,1,185,0
3271,290,4,5497,1,93,0
3272,290,4,5415,1,111,0
3273,290,4,4977,1,174,0
3274,290,4,5275,1,131,0
3275,290,4,5360,1,135,0
3276,290,4,5437,1,104,0
3277,290,4,5533,1,86,0
3278,290,4,5196,1,149,0
3279,290,4,4160,1,389,0
3280,290,4,5400,1,117,0
3281,291,4,4966,1,171,0
3282,291,4,5212,1,153,0
3283,291,4,5174,1,131,0
3284,291,4,5273,1,134,0
3285,291,4,5210,1,170,0
3286,291,4,5114,1,195,0
3287,291,4,5145,1,183,0
3288,291,4,4862,1,219,0
3289,291,4,5368,1,128,0
3290,291,4,5621,1,68,0
3291,291,4,5540,1,94,0
3292,291,4,5342,1,124,0
3293,291,4,5500,1,86,0
3294,291,4,4812,1,234,0
3295,291,4,2817,1,793,0
3296,291,4,5010,1,191,0
3297,292,4,4397,1,346,0
3298,292,4,4505,1,315,0
3299,292,4,5558,1,81,0
3300,292,0,198,0,1001,1
3301,292,4,4899,1,218,0
3302,292,4,3694,1,514,0
3303,292,4,4838,1,225,0
3304,293,4,3309,1,627,0
3305,293,4,4504,1,296,0
3306,293,4,5020,1,193,0
3307,293,4,5328,1,121,0
3308,293,4,4538,1,270,0
3309,293,4,5174,1,171,0
3310,293,4,5347,1,105,0
3311,293,4,5256,1,124,0
3312,293,4,5444,1,87,0
3313,293,4,5210,1,138,0
3314,293,4,4731,1,231,0
3315,293,4,4920,1,225,0
3316,293,4,5453,1,108,0
3317,293,4,5399,1,134,0
3318,293,4,5339,1,148,0
3319,293,4,5158,1,187,0
3320,294,4,3720,1,530,0
3321,294,4,5402,1,121,0
3322,294,4,4408,1,321,0
3323,294,4,5368,1,132,0
3324,294,4,5619,1,69,0
3325,294,4,5673,1,58,0
3326,294,4,5409,1,119,0
3327,294,4,5547,1,61,0
3328,294,4,5456,1,115,0
3329,294,4,5242,1,159,0
3330,294,4,5641,1,64,0
3331,294,4,5359,1,131,0
3332,294,4,4614,1,303,0
3333,294,4,5618,1,72,0
3334,294,4,5580,1,77,0
3335,294,4,5421,1,111,0
3336,294,4,5638,1,65,0
3337,294,4,5595,1,72,0
3338,294,4,5631,1,65,0
3339,294,4,5506,1,86,0
3340,294,4,5529,1,92,0
3341,294,4,5678,1,56,0
3342,294,4,5686,1,51,0
3343,294,4,5529,1,70,0
3344,294,4,5529,1,81,0
3345,294,4,5339,1,119,0
3346,294,4,5529,1,91,0
3347,294,4,5401,1,106,0
3348,294,4,5664,1,57,0
3349,294,4,5595,1,72,0
3350,294,4,5542,1,86,0
3351,295,4,5546,1,89,0
3352,295,4,5517,1,102,0
3353,295,4,5527,1,138,0
3354,295,4,5263,1,153,0
3355,295,4,5394,1,118,0
3356,295,4,5395,1,159,0
3357,295,4,4831,1,370,0
3358,295,4,5571,1,90,0
3359,295,4,5526,1,120,0
3360,295,3,3421,0,1001,0
3361,295,4,5588,1,86,0
3362,295,4,5553,1,89,0
3363,295,4,5562,1,94,0
3364,295,4,5239,1,197,0
3365,295,4,5378,1,148,0
3366,296,3,3532,0,1001,0
3367,296,4,5477,1,115,0
3368,296,4,5355,1,149,0
3369,296,4,5409,1,144,0
3370,296,4,5538,1,96,0
3371,296,4,5409,1,131,0
3372,296,4,5452,1,104,0
3373,296,4,5445,1,81,0
3374,296,4,5274,1,159,0
3375,296,4,5216,1,175,0
3376,296,4,5359,1,123,0
3377,297,2,2427,0,1001,0
3378,297,4,5187,1,192,0
3379,297,4,5619,1,72,0
3380,297,4,5381,1,149,0
3381,297,4,5174,1,209,0
3382,297,4,5583,1,76,0
3383,297,4,5607,1,50,0
3384,297,4,5538,1,81,0
3385,297,4,5520,1,98,0
3386,297,4,5464,1,108,0
3387,297,2,2395,0,1001,0
3388,297,4,5468,1,105,0
3389,297,4,5302,1,137,0
3390,297,4,5554,1,88,0
3391,297,4,5573,1,82,0
3392,297,4,5488,1,103,0
3393,297,4,5177,1,167,0
3394,297,4,5572,1,78,0
3395,297,4,5678,1,57,0
3396,297,4,4963,1,198,0
3397,298,2,2439,0,1001,0
3398,298,4,5515,1,105,0
3399,298,4,5282,1,242,0
3400,298,1,1379,0,1001,1
3401,298,4,5607,1,76,0
3402,298,4,4953,1,253,0
3403,298,4,5409,1,134,0
3404,298,4,5356,1,118,0
3405,299,3,3542,0,1001,0
3406,299,4,5573,1,83,0
3407,299,4,5112,1,196,0
3408,299,4,5541,1,90,0
3409,299,4,5403,1,123,0
3410,299,4,4987,1,200,0
3411,299,4,5474,1,104,0
3412,299,4,5289,1,140,0
3413,299,4,5402,1,127,0
3414,299,4,5416,1,117,0
3415,299,4,5516,1,89,0
3416,299,4,5617,1,64,0
3417,299,4,5555,1,83,0
3418,299,4,5471,1,104,0
3419,299,4,5420,1,125,0
3420,299,4,5291,1,122,0
3421,299,4,5552,1,95,0
3422,300,2,2375,0,1001,0
3423,300,4,5394,1,125,0
3424,300,4,5335,1,141,0
3425,300,4,5500,1,101,0
3426,300,4,5491,1,107,0
3427,300,4,5240,1,162,0
3428,300,4,5522,1,92,0
3429,300,4,5551,1,92,0
3430,300,4,5490,1,107,0
3431,300,4,5190,1,187,0
3432,300,4,5420,1,111,0
3433,300,4,5620,1,67,0
3434,300,4,5359,1,132,0
3435,300,4,5383,1,133,0
3436,300,4,5400,1,138,0
3437,300,4,5367,1,119,0
3438,300,4,5239,1,165,0
3439,300,4,5073,1,197,0
3440,300,4,5651,1,60,0
3441,300,4,5500,1,103,0
3442,300,4,5548,1,85,0
3443,301,2,2249,0,1001,0
3444,301,4,5544,1,91,0
3445,301,4,5326,1,153,0
3446,301,4,5586,1,83,0
3447,301,4,5532,1,97,0
3448,301,3,3501,0,1001,0
3449,301,4,5616,1,73,0
3450,301,4,5468,1,81,0
3451,301,4,5586,1,57,0
3452,301,4,5302,1,149,0
3453,301,4,5566,1,85,0
3454,301,4,5582,1,93,0
3455,301,4,5463,1,117,0
3456,301,4,5460,1,128,0
3457,301,4,5608,1,76,0
3458,301,4,5454,1,79,0
3459,302,4,5694,1,55,0
3460,302,4,5474,1,121,0
3461,302,4,5205,1,144,0
3462,302,4,5331,1,154,0
3463,302,2,2384,0,1001,0
3464,302,4,5115,1,216,0
3465,302,4,5524,1,100,0
3466,302,4,5542,1,95,0
3467,302,4,5316,1,170,0
3468,302,4,5498,1,104,0
3469,302,4,5472,1,123,0
3470,302,4,5446,1,118,0
3471,302,4,5622,1,70,0
3472,302,4,5511,1,99,0
3473,302,4,5561,1,92,0
3474,302,4,5627,1,71,0
3475,302,4,5277,1,164,0
3476,302,4,5525,1,103,0
3477,302,4,5481,1,105,0
3478,303,2,2275,0,1001,0
3479,303,4,5641,1,69,0
3480,303,4,5634,1,68,0
3481,303,4,5542,1,87,0
3482,303,4,5391,1,123,0
3483,303,4,5508,1,101,0
3484,303,4,5558,1,90,0
3485,303,4,5582,1,81,0
3486,303,4,5427,1,114,0
3487,303,4,5522,1,101,0
3488,303,4,5503,1,95,0
3489,303,4,5224,1,134,0
3490,303,4,5440,1,90,0
3491,303,4,5635,1,65,0
3492,303,4,5643,1,64,0
3493,303,4,5463,1,106,0
3494,303,4,5649,1,61,0
3495,303,4,5651,1,68,0
3496,303,4,5301,1,132,0
3497,303,4,5649,1,62,0
3498,303,4,5569,1,60,0
3499,303,4,5235,1,145,0
3500,304,1,1281,0,1001,1
3501,304,4,5433,1,134,0
3502,304,4,5445,1,107,0
3503,304,4,5621,1,67,0
3504,304,4,5573,1,80,0
3505,304,4,5623,1,68,0
3506,304,2,2447,0,1001,0
3507,304,4,5241,1,150,0
3508,304,4,5414,1,122,0
3509,304,4,5638,1,71,0
3510,304,4,5321,1,142,0
3511,304,4,5597,1,85,0
3512,304,4,5592,1,73,0
3513,304,4,5405,1,115,0
3514,304,4,5413,1,133,0
3515,305,4,5393,1,128,0
3516,305,4,5012,1,230,0
3517,305,4,5381,1,152,0
3518,305,4,5471,1,108,0
3519,305,4,5238,1,152,0
3520,305,4,5374,1,113,0
3521,305,4,5547,1,84,0
3522,305,4,5404,1,104,0
3523,305,4,5470,1,102,0
3524,305,4,5538,1,94,0
3525,305,2,2443,0,1001,0
3526,305,4,5607,1,78,0
3527,305,4,5614,1,72,0
3528,306,2,2423,0,1001,0
3529,306,4,5653,1,66,0
3530,306,4,5535,1,92,0
3531,306,4,5572,1,86,0
3532,306,4,5339,1,163,0
3533,306,2,2271,0,1001,0
3534,306,4,5179,1,218,0
3535,306,4,5418,1,129,0
3536,306,4,5202,1,165,0
3537,306,4,5509,1,90,0
3538,306,4,5618,1,68,0
3539,306,4,5605,1,81,0
3540,306,4,5338,1,152,0
3541,306,4,5462,1,109,0
3542,306,4,5594,1,79,0
3543,306,4,5540,1,103,0
3544,306,4,5593,1,58,0
3545,306,4,5474,1,95,0
3546,306,4,5583,1,79,0
3547,306,4,5564,1,92,0
3548,307,4,5662,1,63,0
3549,307,4,5566,1,77,0
3550,307,4,5617,1,74,0
3551,307,4,5612,1,72,0
3552,307,4,5389,1,120,0
3553,307,4,5685,1,56,0
3554,307,4,5624,1,73,0
3555,307,4,5637,1,65,0
3556,307,4,5453,1,122,0
3557,307,4,5533,1,85,0
3558,307,4,5652,1,58,0
3559,307,4,5508,1,97,0
3560,307,4,5566,1,83,0
3561,307,4,5499,1,77,0
3562,307,4,5504,1,94,0
3563,307,4,5461,1,110,0
3564,307,4,5257,1,194,0
3565,307,4,5602,1,78,0
3566,307,4,5546,1,86,0
3567,307,4,5687,1,53,0
3568,307,4,5477,1,95,0
3569,307,4,5687,1,54,0
3570,307,4,5584,1,80,0
3571,307,4,5497,1,88,0
3572,307,4,5635,1,67,0
3573,307,4,5521,1,94,0
3574,307,4,5504,1,88,0
3575,307,4,5160,1,179,0
3576,307,4,5174,1,169,0
3577,307,4,5354,1,129,0
3578,307,4,5358,1,108,0
3579,307,4,5604,1,73,0
3580,307,4,5517,1,99,0
3581,308,4,5346,1,139,0
3582,308,4,5554,1,84,0
3583,308,4,5484,1,101,0
3584,308,4,5661,1,59,0
3585,308,4,5350,1,139,0
3586,308,4,5488,1,80,0
3587,308,4,5471,1,105,0
3588,308,4,5614,1,72,0
3589,308,4,5246,1,151,0
3590,308,4,5359,1,106,0
3591,308,4,5404,1,97,0
3592,308,4,5637,1,62,0
3593,308,4,5258,1,153,0
3594,308,4,5587,1,77,0
3595,308,4,5513,1,97,0
3596,308,4,5543,1,67,0
3597,308,4,5339,1,144,0
3598,308,2,2426,0,1001,0
3599,308,4,5487,1,104,0
3600,309,1,1281,0,1001,1
3601,309,4,5618,1,71,0
3602,309,4,5483,1,100,0
3603,309,4,5536,1,90,0
3604,309,1,1250,0,1001,0
3605,309,4,5472,1,105,0
3606,309,4,5552,1,66,0
3607,309,4,5416,1,124,0
3608,309,4,5513,1,90,0
3609,309,4,5556,1,90,0
3610,309,4,5517,1,93,0
3611,309,4,5576,1,81,0
3612,309,4,5450,1,107,0
3613,309,4,5480,1,81,0
3614,309,4,5375,1,124,0
3615,309,4,5308,1,126,0
3616,309,4,5427,1,116,0
3617,310,2,2383,0,1001,0
3618,310,4,5557,1,89,0
3619,310,4,5554,1,89,0
3620,310,4,5647,1,64,0
3621,310,1,1279,0,1001,0
3622,310,4,5318,1,142,0
3623,310,4,5277,1,128,0
3624,310,4,5451,1,109,0
3625,310,4,5696,1,50,0
3626,310,4,5542,1,89,0
3627,310,4,5440,1,116,0
3628,310,4,5556,1,90,0
3629,310,4,5622,1,70,0
3630,310,4,5494,1,107,0
3631,310,4,5419,1,101,0
3632,311,4,5458,1,110,0
3633,311,4,5485,1,101,0
3634,311,4,5351,1,139,0
3635,311,4,5509,1,102,0
3636,311,4,5453,1,97,0
3637,311,4,5475,1,103,0
3638,311,4,5503,1,100,0
3639,311,4,5549,1,90,0
3640,311,4,5630,1,65,0
3641,311,4,5564,1,94,0
3642,311,4,5485,1,105,0
3643,311,4,5463,1,104,0
3644,311,4,5140,1,157,0
3645,311,4,5401,1,115,0
3646,311,4,5139,1,211,0
3647,311,1,1166,0,1001,0
3648,311,4,5335,1,176,0
3649,311,4,5398,1,117,0
3650,311,4,5617,1,49,0
3651,311,4,5640,1,67,0
3652,312,4,5583,1,82,0
3653,312,4,5555,1,88,0
3654,312,4,5257,1,152,0
3655,312,4,5524,1,100,0
3656,312,4,5475,1,110,0
3657,312,4,5422,1,109,0
3658,312,4,5518,1,101,0
3659,312,4,5573,1,91,0
3660,312,4,5387,1,123,0
3661,312,4,5460,1,108,0
3662,312,3,3262,0,1001,0
3663,312,4,5516,1,91,0
3664,312,4,5524,1,91,0
3665,313,1,1277,0,1001,0
3666,313,4,5477,1,108,0
3667,313,4,5497,1,97,0
3668,313,4,5581,1,79,0
3669,313,4,5397,1,126,0
3670,313,4,5385,1,131,0
3671,313,4,5469,1,83,0
3672,313,4,5551,1,87,0
3673,313,4,5638,1,69,0
3674,313,4,5420,1,118,0
3675,313,4,5620,1,70,0
3676,313,4,5575,1,88,0
3677,313,4,5364,1,122,0
3678,313,4,5267,1,159,0
3679,313,4,5404,1,121,0
3680,313,4,5349,1,136,0
3681,313,4,5331,1,142,0
3682,313,1,1280,0,1001,0
3683,313,4,5235,1,166,0
3684,314,4,5185,1,181,0
3685,314,4,5567,1,85,0
3686,314,4,5405,1,129,0
3687,314,4,5377,1,126,0
3688,314,4,5314,1,135,0
3689,314,4,5390,1,96,0
3690,314,4,5452,1,110,0
3691,314,4,5433,1,119,0
3692,314,4,5361,1,140,0
3693,314,4,5490,1,96,0
3694,314,2,2386,0,1001,0
3695,314,4,5344,1,142,0
3696,314,4,5097,1,185,0
3697,315,2,2413,0,1001,0
3698,315,4,5521,1,98,0
3699,315,4,5356,1,131,0
3700,315,1,1281,0,1001,1
3701,315,4,5409,1,121,0
3702,315,4,5482,1,78,0
3703,315,4,5328,1,112,0
3704,315,4,5303,1,147,0
3705,315,4,5141,1,186,0
3706,315,4,5494,1,109,0
3707,316,2,2380,0,1001,0
3708,316,4,5385,1,129,0
3709,316,4,5206,1,182,0
3710,316,4,5509,1,97,0
3711,316,4,5440,1,108,0
3712,316,4,5188,1,247,0
3713,316,4,5610,1,79,0
3714,316,2,2434,0,1001,0
3715,316,4,5572,1,85,0
3716,316,4,5582,1,79,0
3717,316,1,1270,0,1001,0
3718,317,1,1272,0,1001,0
3719,317,4,5303,1,144,0
3720,317,4,3825,1,711,0
3721,317,4,5473,1,102,0
3722,317,4,5608,1,78,0
3723,317,4,5457,1,86,0
3724,318,1,1281,0,1001,0
3725,318,4,5521,1,101,0
3726,318,4,5448,1,113,0
3727,318,4,5450,1,107,0
3728,318,4,5548,1,87,0
3729,318,4,5485,1,110,0
3730,318,4,5164,1,205,0
3731,318,4,4940,1,230,0
3732,318,4,5182,1,155,0
3733,318,2,2367,0,1001,0
3734,318,4,4498,1,347,0
3735,318,4,4882,1,221,0
3736,318,4,5130,1,180,0
3737,318,4,5339,1,123,0
3738,319,4,4516,1,303,0
3739,319,4,5474,1,103,0
3740,319,4,4968,1,218,0
3741,319,1,929,0,1001,0
3742,319,4,5630,1,67,0
3743,319,4,5562,1,90,0
3744,319,4,5556,1,91,0
3745,319,4,5601,1,76,0
3746,319,4,5490,1,98,0
3747,319,4,5553,1,88,0
3748,319,4,5551,1,86,0
3749,319,4,5629,1,72,0
3750,319,4,5586,1,84,0
3751,319,4,5429,1,120,0
3752,319,4,5504,1,111,0
3753,319,4,5604,1,81,0
3754,319,4,5582,1,84,0
3755,319,4,5289,1,159,0
3756,319,4,5546,1,91,0
3757,319,4,5579,1,81,0
3758,320,2,2299,0,1001,0
3759,320,4,5590,1,84,0
3760,320,4,5424,1,114,0
3761,320,4,5462,1,115,0
3762,320,4,5481,1,107,0
3763,320,4,5247,1,181,0
3764,320,4,5412,1,127,0
3765,320,4,5430,1,118,0
3766,320,4,5447,1,88,0
3767,320,4,5523,1,103,0
3768,320,3,3349,0,1001,0
3769,321,4,4617,1,283,0
3770,321,4,4792,1,272,0
3771,321,4,5558,1,93,0
3772,321,4,4465,1,324,0
3773,321,2,2420,0,1001,0
3774,321,4,5580,1,76,0
3775,321,4,4840,1,246,0
3776,321,4,4713,1,256,0
3777,321,4,5090,1,176,0
3778,321,4,5274,1,179,0
3779,321,4,5174,1,165,0
3780,321,4,5482,1,111,0
3781,322,4,3297,1,652,0
3782,322,4,5300,1,154,0
3783,322,1,1265,0,1001,0
3784,322,4,5355,1,141,0
3785,322,4,5421,1,127,0
3786,322,4,4525,1,299,0
3787,322,4,5301,1,172,0
3788,322,4,5501,1,107,0
3789,322,4,5493,1,104,0
3790,322,4,5601,1,72,0
3791,322,4,5592,1,84,0
3792,322,4,5507,1,111,0
3793,322,4,5173,1,154,0
3794,322,4,5620,1,70,0
3795,323,4,5504,1,104,0
3796,323,4,5078,1,186,0
3797,323,4,5370,1,159,0
3798,323,4,5599,1,77,0
3799,323,4,5552,1,90,0
3800,323,2,2541,0,1001,1
3801,323,4,5555,1,95,0
3802,323,4,5509,1,113,0
3803,323,4,5403,1,114,0
3804,323,4,4915,1,217,0
3805,323,4,4419,1,362,0
3806,323,4,4588,1,298,0
3807,323,4,5503,1,82,0
3808,323,4,5123,1,154,0
3809,324,4,4474,1,305,0
3810,324,4,4465,1,318,0
3811,324,4,5557,1,89,0
3812,324,4,5545,1,96,0
3813,324,4,5550,1,86,0
3814,324,2,1981,0,1001,0
3815,324,1,1095,0,1001,0
3816,325,1,1281,0,1001,0
3817,325,4,5410,1,132,0
3818,325,4,5508,1,97,0
3819,325,4,3982,1,439,0
3820,325,4,5360,1,123,0
3821,325,4,4682,1,292,0
3822,325,1,1180,0,1001,0
3823,326,2,2372,0,1001,0
3824,326,4,5064,1,189,0
3825,326,4,5407,1,119,0
3826,326,4,5476,1,104,0
3827,326,4,5317,1,136,0
3828,326,4,4734,1,254,0
3829,326,4,4733,1,280,0
3830,326,4,4866,1,224,0
3831,326,4,3173,1,676,0
3832,326,4,5293,1,137,0
3833,326,4,5115,1,170,0
3834,326,4,5156,1,165,0
3835,327,4,4434,1,322,0
3836,327,4,4570,1,297,0
3837,327,4,5406,1,130,0
3838,327,4,5480,1,106,0
3839,327,4,5269,1,151,0
3840,327,4,5282,1,177,0
3841,327,4,5318,1,136,0
3842,327,4,5060,1,185,0
3843,327,4,5230,1,162,0
3844,327,4,4378,1,375,0
3845,327,4,5338,1,164,0
3846,327,4,5390,1,143,0
3847,327,4,5573,1,82,0
3848,327,4,5638,1,72,0
3849,327,4,5656,1,94,0
3850,327,4,5434,1,132,0
3851,327,4,5525,1,107,0
3852,327,4,5440,1,109,0
3853,327,4,5489,1,103,0
3854,327,4,5455,1,106,0
3855,328,4,5442,1,116,0
3856,328,4,5529,1,91,0
3857,328,4,5240,1,170,0
3858,328,4,5415,1,129,0
3859,328,4,5561,1,92,0
3860,328,4,5056,1,208,0
3861,328,4,5239,1,141,0
3862,328,4,5301,1,150,0
3863,328,4,5433,1,105,0
3864,328,4,5333,1,108,0
3865,328,4,5492,1,102,0
3866,328,4,5253,1,140,0
3867,328,4,5472,1,85,0
3868,328,2,2433,0,1001,0
3869,328,4,5522,1,98,0
3870,328,4,5400,1,110,0
3871,328,4,5499,1,93,0
3872,329,1,1259,0,1001,0
3873,329,4,4736,1,294,0
3874,329,4,5404,1,109,0
3875,329,4,5331,1,148,0
3876,329,4,5450,1,106,0
3877,329,4,5289,1,150,0
3878,329,4,5259,1,156,0
3879,329,4,4534,1,320,0
3880,329,4,4182,1,623,0
3881,329,4,5091,1,192,0
3882,329,4,4993,1,249,0
3883,330,4,5269,1,156,0
3884,330,4,5282,1,162,0
3885,330,4,5231,1,177,0
3886,330,4,5190,1,192,0
3887,330,4,5307,1,133,0
3888,330,4,4677,1,354,0
3889,330,1,1250,0,1001,0
3890,330,4,4764,1,350,0
3891,330,4,5293,1,140,0
3892,330,4,5022,1,264,0
3893,330,4,5273,1,127,0
3894,331,4,5369,1,136,0
3895,331,4,5270,1,169,0
3896,331,1,1145,0,1001,0
3897,331,4,5146,1,164,0
3898,331,4,5432,1,109,0
3899,331,4,5094,1,182,0
3900,331,0,0,0,1001,1
3901,331,4,4367,1,438,0
3902,332,4,4906,1,203,0
3903,332,4,4921,1,253,0
3904,332,4,5428,1,138,0
3905,332,4,5127,1,187,0
3906,332,4,5182,1,173,0
3907,332,4,4511,1,332,0
3908,332,4,5038,1,250,0
3909,332,4,4959,1,220,0
3910,332,4,5179,1,181,0
3911,332,4,5174,1,195,0
3912,332,4,5114,1,206,0
3913,332,4,5010,1,220,0
3914,333,1,1245,0,1001,0
3915,333,4,4044,1,597,0
3916,333,4,5260,1,128,0
3917,333,4,4833,1,311,0
3918,333,4,4654,1,285,0
3919,333,4,5379,1,123,0
3920,333,4,5170,1,201,0
3921,333,4,4719,1,306,0
3922,333,4,5318,1,120,0
3923,333,4,5528,1,100,0
3924,333,4,5365,1,100,0
3925,334,1,1248,0,1001,0
3926,334,4,5587,1,78,0
3927,334,4,5137,1,186,0
3928,334,4,4498,1,321,0
3929,334,4,5370,1,111,0
3930,334,4,5144,1,179,0
3931,334,4,4610,1,312,0
3932,334,2,1833,0,1001,0
3933,334,4,5205,1,199,0
3934,334,4,5474,1,82,0
3935,335,4,5426,1,118,0
3936,335,4,5494,1,78,0
3937,335,4,5178,1,186,0
3938,335,4,4973,1,200,0
3939,335,4,5045,1,203,0
3940,335,4,5070,1,166,0
3941,335,4,5448,1,105,0
3942,335,4,5176,1,180,0
3943,335,2,2342,0,1001,0
3944,335,4,5528,1,99,0
3945,335,4,5378,1,135,0
3946,335,4,5114,1,185,0
3947,335,4,5093,1,196,0
3948,335,4,4834,1,236,0
3949,335,4,5507,1,87,0
3950,336,2,2309,0,1001,0
3951,336,4,5330,1,141,0
3952,336,4,5276,1,181,0
3953,336,4,5237,1,170,0
3954,336,4,5584,1,86,0
3955,336,4,5232,1,142,0
3956,336,4,5299,1,125,0
3957,336,4,4954,1,215,0
3958,336,4,5358,1,135,0
3959,336,4,5523,1,93,0
3960,336,4,5507,1,96,0
3961,336,4,5392,1,114,0
3962,336,4,5247,1,182,0
3963,336,4,4258,1,361,0
3964,337,2,1946,0,1001,0
3965,337,4,5339,1,140,0
3966,337,4,5451,1,100,0
3967,337,4,5500,1,106,0
3968,337,4,5437,1,107,0
3969,337,4,5165,1,187,0
3970,337,4,4532,1,306,0
3971,337,4,5467,1,111,0
3972,337,4,5337,1,146,0
3973,337,4,5477,1,86,0
3974,337,4,5445,1,115,0
3975,337,4,5387,1,130,0
3976,337,4,5598,1,74,0
3977,337,4,5574,1,92,0
3978,337,4,5432,1,112,0
3979,337,4,5229,1,158,0
3980,337,4,5440,1,105,0
3981,337,4,5386,1,141,0
3982,338,4,4918,1,219,0
3983,338,4,5195,1,211,0
3984,338,4,5450,1,114,0
3985,338,2,2390,0,1001,0
3986,338,4,5148,1,235,0
3987,338,4,5516,1,92,0
3988,338,4,5537,1,101,0
3989,338,4,5134,1,145,0
3990,338,4,5550,1,82,0
3991,338,4,5367,1,144,0
3992,338,4,5369,1,124,0
3993,338,4,5213,1,201,0
3994,338,4,5456,1,123,0
3995,338,4,5382,1,114,0
3996,338,4,5523,1,93,0
3997,339,2,2411,0,1001,0
3998,339,4,5449,1,127,0
3999,339,4,5231,1,141,0
4000,339,2,2435,0,1001,1
4001,339,4,5134,1,177,0
