-0.002956268768317616
3.801054635136717
4.158645740942365
6.060804610256531
6.8381666510992405
3.7157515427827885
7.154461236221111
8.683180796825502
6.088978350357191
6.562128891653506
8.848678258823533
8.353019799282002
7.872507352621971
8.89585670374511
8.780988630531054
8.775839095934302
8.972526735163056
8.122505052619259
8.759403125860528
7.984871488039506
8.11288215701139
8.084883889243605
7.811561463618636
5.529514743720231
2.199521466903721
4.326830802083219
6.727082250307644
6.484263965631503
6.326722126837589
6.846859839084751
6.170534848105097
7.8516532207404985
6.632393558824634
6.576186626666183
5.528950882171757
8.38787627953852
8.832580231691093
8.617768251067993
8.851665449396245
7.979405135972904
8.638324813799949
9.0582636941996
8.501755913312149
8.401621117246252
8.879514446802787
8.812231415030555
8.434316390232677
6.984657641552205
8.840408697620077
8.591710874809388
9.078241953331366
8.201566861810257
8.515702189053263
9.053263378011971
6.740311238957549
8.714358993300642
7.491176494341134
5.535633926941021
8.308400280871096
8.253528726147353
6.980117581895663
7.441353745676241
8.002731681846862
7.879742057778027
6.078731045134289
8.718349608336393
7.313558955014218
8.278013505985346
8.274036229542004
7.63711085948851
7.144497002211647
7.947466794943839
5.200064831053197
7.756793515150694
7.267676922618067
8.353768861425856
8.364453237605963
6.933998087942849
8.804189463391495
9.137138170309212
8.716629396826606
8.797661651906928
8.323391122403411
8.582340042536252
8.849135158761868
8.480042218029642
8.871950135689316
8.246147882949542
8.78978829172225
6.408456796844424
8.560732567177935
8.647201911532386
4.391448812082595
5.193287743111855
-0.8455471993973019
-4.4922687386293125
-4.440185948133034
-3.3669743915269277
-2.761924406128561
-3.4892461532525676
-3.0382605917453738
-4.617718952718143
-2.8706667811707933
-3.220813223686319
-4.242769120334549
-1.9277622574778215
-3.7114184541135824
-3.504637752195654
-4.50292434503725
-2.5931581064306948
-4.233156747130525
2.0177328475227565
-2.41778790949558
-7.660234273767286
-5.192837112092909
-5.133893873119968
-4.204537012987661
-5.069115857176904
-3.9323883290545685
-1.4139736571235282
-4.115697151125274
-1.262760564110677
-1.420643491645549
-1.7102941084516081
-6.194567832572859
-4.247253214168346
-4.993650820156426
-3.7588851443899
-2.0943012122047584
-1.419979652354379
-6.039646507030327
-5.882114549028504
-1.522154995059954
-5.118032759593275
-0.6246767763417789
-6.550890440586029
-1.8152394561411627
-5.2766403373217114
-4.559187965688372
-5.404833648655312
-2.8734393704153756
-6.532954479250358
-3.6586051961600203
-3.2084283028865292
-5.438815964186109
-4.279134536207885
-6.3840588635701305
-0.9268260828150148
-5.62565079314648
-5.888721337446489
-0.8753510477534792
-3.7822245383023647
-3.7534643633926117
-4.289813364814897
-3.301029089098833
-4.974694969680124
-2.2547534966686014
-4.464348244045376
-4.816296904360425
-5.023421346201016
-5.64828149270463
-4.944778123066043
-4.18604185811474
-4.2553354179242
-4.23730979963925
-3.7738863712106787
-4.109923739315656
-3.618766537276274
0.04199607167628407
-6.35538535781548
-5.465751653943876
-2.925222399668271
-2.3017316919928597
-5.676213621812107
-2.619959582255963
-2.4308503231165193
-5.30362508688946
-2.370977780620887
-5.694497637804597
-5.589622146046285
-2.417912102619797
-4.439770756715315
-1.9777634079390256
-5.3084508396090015
0.4223388935871324
-4.702362978896845
0.3698439661827437
-2.733814379067377
-3.745267170440061
-1.118517502058315
-0.19456481602421902
-5.964207430028515
-3.8746362906305096
-3.4691970229182125
-3.1815789237707963
-5.129183395327973
-4.085303030235876
-5.332757565081456
-4.0984509031021785
-4.238671704227505
-4.075967975466107
-6.12346408613625
-4.270240943907551
-4.568825916228875
-3.917332644790756
-2.5464772614167206
-3.369736159595376
-1.1665281126526417
-3.1443400649769164
-1.6677749893702174
-3.780568391476944
-6.1282760025936796
-3.5046567339451205
-4.84513574018994
-4.581390467267119
-2.4735138059241417
-5.286236232523659
-3.850134075673892
-3.1711170890842157
-2.762050475441195
-6.533949276905431
-0.9266381275467184
-2.6284378353645512
-2.7418495660173274
-2.85767812763673
-2.7496833843374033
-0.6365574121827234
-4.6491015543246705
-3.3434039213606432
-3.171581549310031
-4.771778597668443
-2.850692960573626
-6.211067704151109
-3.4091866662998744
-5.778024344760171
-5.053062039882403
0.21200062661014094
-2.869750945505274
-4.686164548552112
-2.807743699157973
-1.08471073035947
0.7299222631578494
-1.2124053718750893
-6.103159676818693
-1.470659203196735
-4.713106805228994
-3.374116075847305
-4.714463154695869
-6.209409175815191
-4.576150607216404
-5.247446058057344
-3.4002999524438553
-4.701004736645407
-4.895600867566455
-4.357835207951744
-4.977841338807883
-1.5798913944887543
-4.945523764102038
-5.747995813353001
-5.61036369121659
-2.358372571324493
-4.82886827357274
-3.876394849499277
-5.500692040569996
-2.9560954965901582
-3.7111309276803586
-0.46024853051672354
-5.8941449264729195
-6.750109428794306
-1.7089841648152642
-2.5233586775512973
-5.214511787017123
-1.314652224859593
0.5000260196093467
-1.8912705157988534
-5.135195586282801
-2.784760218683728
-5.224344738750026
-3.478620199717909
-3.5570080915147417
-4.72483216877271
-2.1927593452464986
-3.16212698498081
-0.5129287771615705
-4.14970912352324
-6.120831578162463
-5.840988725232907
-5.8131244016941075
-5.229682917421712
-3.8365108291519725
-2.5092457337687795
-5.231258105478004
-4.729574706243707
-2.3097165875892074
-6.077971226197666
-4.337455214561386
-3.4394877303153146
-4.215035413916784
0.6166775571062879
-4.935116087754166
-2.4756409343351824
-2.742120336122547
-3.7468113071599407
-1.9739933133693486
-3.661135908843936
-1.6767030055752046
-2.775671631709112
-3.6491590025952583
-4.582783976298461
-4.158151889415997
-4.167379813277952
-5.045556855593964
-1.174636537836778
1.671153109956744
-4.239362452990571
-4.546849197420157
-4.145015922978353
-1.4870043683502308
-2.9922186138047033
-2.1788072528575295
-5.149452062542647
0.40706629526881827
-4.326288057937266
-6.35394149908341
-4.78945502936845
-4.344923392104528
-2.5435786911826677
-3.2669889034984774
-3.3845858624946445
-5.775179548570168
-4.448616183002673
-1.4820810006116334
-0.9129122994841466
-0.7781828608599259
-3.1695658211857882
-3.3879648873978403
-2.2485158280771467
-5.572889526424377
-3.151381187154301
-5.991456558780742
-4.025172586740465
-2.4861231442452483
-3.1770426969367724
-1.7769506529849943
-6.261943993758719
-4.340431455320388
-4.519617877215086
-3.3387124355857676
-2.303704328202572
-4.954575225184312
2.0082175436272416
-4.774987430977475
-6.142990496729892
-4.042821175800312
-3.6086474323669946
-5.16360539615573
-3.7896605489811295
-3.8993293466117263
-4.6448425113896805
-2.6772956196573268
-5.895808394311468
-5.490464284142364
-4.775463452764012
-2.1675358746228652
-5.730099914611298
-1.6810514669960517
-4.245707546844219
-4.47036172562249
-4.076472715302082
-2.8405865204516982
-0.9455079671211363
-6.265781990649729
-4.478121258042581
-3.974894889382138
-2.6494603559210295
-0.7607826362212845
-4.553561421719489
-5.127894118480376
0.3646553050606093
3.0027424919438404
3.668249824996441
-3.7713627437998865
-2.888282187874326
-4.511213126917021
-2.792426942175016
-2.761714826683101
-3.056482653733264
2.0780635398241465
-3.9984048823043987
-2.4422134345144992
-4.035482564957698
-4.202515198623178
-4.918297925463181
-4.918514417637908
-6.649400335993602
-5.59485855162511
-6.7696774516668805
-3.1232280188389114
-4.356440016904056
-5.42572578612469
-1.0060288952708794
-3.479013767901444
-2.424302548300355
0.42600863797718236
-4.80064318011991
-4.939622099981969
-1.0222122440082069
-2.0418868669270065
0.09250442927039618
-3.1206828281827046
-1.5030086387061277
-3.8473556899538295
-2.2055953646932163
-4.278959135843091
-3.468321990597511
-4.467583014695283
-4.873117639428889
-2.614042151835989
-2.827644417048076
-5.5799739142077875
-4.964670641766272
-4.012516581956773
-4.2512476782918185
-6.062150151864918
-5.789226789768407
-3.340573959992579
-4.589209325838034
-3.053637101988195
-4.267792537282082
-4.562527949811272
0.45451919254872863
-4.516240493173544
-4.2681243697657685
-5.3534207524116075
-2.104064195546918
-3.9530938625323144
-4.488700108950424
-3.406243915718106
-4.503839791495162
-4.530678475466151
-2.038410909364681
-3.8289743386176274
-4.03176696872153
-4.079327388867504
-6.029935068582251
-1.8843071403302836
-2.7637631532813685
-0.6803202514697879
-1.415013015752916
-4.716157994852876
-5.384793386117575
-2.2085514546354257
-0.2741904277434457
-5.257801576959467
-2.5097828926611316
-5.244761105772912
-5.066192339804755
-5.454461545779583
-4.940046310802004
-4.01699316979002
-3.8059650392714484
-2.4198678845054906
-0.022573727964202463
-2.155500271461968
-5.134474603346479
1.1298861696348907
-4.144584006652186
-5.325541601407395
-2.5911233309311617
-3.8874797593883494
-5.120241510105152
-6.253096260415521
-2.0439473902534653
-4.2003610909055595
-4.439939679987553
-2.435452409741647
-5.2890143744572615
-5.50429115393873
-7.226686266239642
0.2632094261998595
-5.376592996055783
-1.2798123274406994
-5.432860358743524
-2.263068290625591
-4.864985773785087
-1.3146486674399696
-5.917439434992696
-5.446547272952875
-1.4305820143338346
-0.06347386628759849
-1.299795558294899
-5.595642595495243
-3.418317251305423
-1.934750546101568
-0.9877527286769586
-2.0983586916936225
-1.6547108674827735
-4.3089009746407845
-5.2510814010060605
-1.8103287377733313
-4.945872331476432
-3.8492665235671244
-3.1884264600357053
-3.931220226775003
-5.676990838922612
-3.6651564194488797
-5.361951802995921
-3.9747372013201585
-3.293205893631326
-0.34161839896417184
-4.659727152137491
-4.746334586753893
-4.256991330651233
-3.0092580334314034
-5.256785957917233
-5.582300113568351
-6.330062830413733
-5.635388803739355
-4.085213346775429
-3.245524358320669
-5.276800907635983
-3.3465194298826746
-5.214274615540826
-3.645522441741128
-4.028391700695409
-4.562987140379258
-4.953700280918778
-1.9443865682635733
-0.49018015476806154
-5.666514293875313
-3.362699085021171
-3.380523698202482
-3.392076413828625
-3.4424882755382287
-3.8379599211419464
-5.8661435850665375
-3.7332430870313082
-5.264989866077573
-4.52648215510006
1.3646539030332858
-2.3267983690721423
-4.02475969547525
-2.2130544551421005
-3.7556197663476336
-3.1891990431515613
-3.1365282216281845
-0.6051912873059551
-3.234130287885305
-2.913551863053062
-2.1796606256460493
-0.1783395136841772
-2.8478663942960787
-4.050964688175332
-4.238768795750627
-4.486491677663178
-2.0163241222439843
-3.082155205180573
-6.229350603983513
-5.724846013487042
-3.767229757534709
-4.985906222849626
-5.218524148218535
-6.318511280511441
-1.7227586472913632
-3.9323414670368964
-4.110786459986343
-6.0521547088829895
-2.6451349951272998
-1.2143459131561476
-0.41099709912927473
-3.5597369051243923
-0.27406997268059635
0.5057404461656597
-5.530036160799582
-3.9432610842577764
-5.673928203176651
-5.378524245051291
-4.886882561828406
-3.5386260462031123
-5.73953103085207
-5.727506685070148
-2.4886162896644515
-2.9880655649476653
-2.4820820656431697
-2.3550418450283055
-0.21959558265808407
-3.9609854496978527
-2.2206577464247097
-3.109314912530272
-3.247041423222804
-4.3389409137445965
-6.392572289102654
-4.323724259979554
-3.3008906701403915
-2.521858343153382
-4.262094180993893
-2.23870703372412
-3.689022862686347
-3.2638959757475976
-3.8807906009946915
-3.5793098893475688
-3.857274073483751
-5.292754235240832
1.290094199654306
-1.8424045824212048
-3.747876474419473
-5.613068247602863
-2.694182959368911
-5.273951743967355
-2.150189148885813
-1.9557183493888335
-3.204729036781578
-3.8390116434523924
-4.767873569078586
-0.7723959021543054
0.12259879750218484
-6.718125797190067
-5.5414731084508695
-1.6177671418085398
-5.392015641897298
2.3987460782655203
-4.211709179466057
-5.964495991217761
0.1810038102852393
-4.074193821771888
-3.0114714290004163
1.9382754503326907
-1.4722944186225195
-4.042135977185697
-3.9189757606745803
-3.0638282875596716
-4.055850856986143
-2.45405512027237
-5.081515767988144
-1.0245695768235386
-4.157214597090703
-4.896355343513174
-2.5267456055225823
-4.585786226380041
-4.51061591331068
-3.9333061174405977
-5.873506819437852
-6.280822122130729
3.2504462760923594
0.6811679356599898
-5.425038697446532
-3.847970198075592
-5.030302103195045
-2.5476892389031813
-1.5820099213111538
-4.219641699954988
-5.6117503302027725
-6.1826359944658735
-4.161872417422878
-5.485625876473721
-4.433135580159574
-4.795812143209619
-5.103594024557442
-4.802957614322037
-2.105392231395209
-2.1711849104077916
-2.4393096340327274
-5.4111410091782215
-5.804284032203787
-5.414850511251784
-3.8793734926901693
-5.211061956555876
-1.89536334950056
-3.7292479175036455
-5.9952474956827215
-2.1873945686176355
-0.9093720139548981
-5.946144642884734
2.556686673245471
-2.8805809875478317
-4.832537377191461
-3.7628576955197626
-3.2476396314606095
-5.687075951386576
-6.062432289158892
-5.4056532759130365
-2.7446873498120254
-3.9092395863359934
-4.104155546703939
-3.3856441928564487
-4.94705135091948
-5.837331608735891
-3.315802161326754
-5.403767158984167
-4.948051701115476
-4.064840688701934
-3.1119200318687796
-2.814885337799834
-4.224536454277572
-4.373175262327334
-4.068786900803866
-5.848766717088108
-3.3586734675011645
-4.482126273985859
-4.99218120280662
-4.570133390644551
-5.768301467504126
-1.8556979469067625
-4.70750693881168
-2.532782359583409
-2.9061763602387116
-2.3772589952042877
-2.8022940746837732
-5.954800625571084
-1.4227821856251248
-4.867772021682433
0.5334462291888965
-4.594073765697982
-3.97255978904036
-4.181048035619128
-2.9196139327453956
-5.54825251233353
-6.1234325533802565
-5.396849459965442
-5.4815299733826395
-5.80959580859148
-3.7329572381517604
-5.096521525424321
-4.000489010761468
-5.481713674587548
-5.067635556289583
-4.822962084451523
-6.569527992198741
-5.767757916731509
-4.615050531000276
-2.9259684609504775
-3.752766669405178
-0.39041664372146606
-1.075045216236112
-5.335019679772289
-2.9950398531213436
-5.046977948835027
-4.355884034613735
-0.4336546273156503
-3.909234423950336
-0.35679530481530786
-5.059287030193875
-6.527696452275887
-3.129105978844805
-2.433110633261034
-2.770581847456201
-2.9671522540222464
-4.238276019140772
-6.120983368222981
-4.238888904271657
-2.6794678910182843
-3.9387841913801895
-2.9299892240052374
-1.2326721379036154
0.5558959126840691
0.934513413830849
-2.504751649512248
-4.797696943959059
-5.1490223204544465
0.20244373707644514
-2.6855743647252734
-3.729190660152085
-5.511551944639662
-4.132761679712285
-5.403041538664992
-5.050440281291497
-3.8638820604999196
-5.301582993887961
-4.845055583603304
-1.8532698346820766
-5.426667558712768
-2.278924948700313
-3.770342426285511
-4.47888456573374
-3.883141323559014
-5.369565419159404
-4.782418361696583
-4.958776990687043
-5.3879472874143985
-6.127675795188987
-5.447594301032291
-5.524409210537811
-2.630847904768791
-3.5251867531607366
-1.6304465882544923
-1.105929666205198
-1.9757149909090739
2.018785343731434
-4.948251539945882
-4.917262966634314
-6.683274733906725
-5.623765692628773
1.251857898293203
-5.626314399703415
-5.91136706089471
-5.250110722134952
-1.4821686110237255
-4.947091354141994
-2.625434882075823
-5.355328575099353
-4.952879201651394
-4.357994131620867
0.9988131014104101
-4.537772268985285
-4.528777422893592
-3.1625631991244667
-4.1679371120685165
-0.6349569469723974
-5.937817206160791
-5.04967712345147
-5.521268056750477
-4.722271978227763
-4.041916411865999
-1.0707594376828637
-0.5088337710524022
-4.330141880838105
-4.607499226882634
-5.794130112206451
-3.24476479641395
-4.625172374274917
-1.1495979048877123
-0.7154063330924127
-4.090459578478885
0.8716960025297317
-1.528290253016503
-4.963438275664498
-5.256826834355094
-5.764056054137674
-4.134644105083532
-4.06974097116724
-4.8288238892847435
-6.036846112559744
-5.876383512406128
-0.9515328643191365
-1.9923987869169906
-3.9796445651633796
-4.162583047391939
-3.096315776222803
-5.152817156958639
-3.2724865525876425
-4.345775520699666
-2.939568927880178
-5.776495750456471
-3.9934992798109175
3.588674357090427
-4.0542723999068855
-3.827401487663991
-3.990490962011991
-2.7491158744927753
-6.6748072066024084
-5.616450677908949
-6.3163427805983625
-4.498238409380001
-3.553541673315289
-1.9854153417639129
-6.843462375922566
-3.0015896764346284
-4.685202378284837
-3.1714695539854345
-4.428122219434724
-6.299971278735162
-3.5243154673235586
-3.5169732399731792
5.293742767496794
-4.092047273852364
-2.7874621404004274
-5.3860939146114735
-5.192694991301586
-4.478979577836467
-4.911467176939524
-2.839471529060776
-0.5357091653584465
0.30095144593281303
-6.477208898136184
-4.029839779401646
-4.700892141538165
-1.4930492643638902
-3.519012983277368
-4.414655683277018
-3.967519513770771
-3.7718108927133702
-5.877589558277226
-3.51905322755813
-5.554072070606709
-3.530212928886472
-4.9032418902536445
-4.915035997421243
-3.4530019995090453
-4.222093416328986
-2.601285408013321
-3.2693722035039525
-3.8694343606506516
-4.7139355842455
-3.5728429043653365
-5.708947171492733
-4.138601094358425
-1.5234880515666762
-3.4337463326349473
-1.3340547834189698
-6.669055232188178
-3.495376392418495
-2.8439100503601407
-4.374178254247015
-4.39493781416278
-4.229572568613426
-3.3910270287524735
-1.190666567680785
-4.056883402079883
-6.201494009244987
-6.1725723622115485
-3.429049746503704
-4.0498152851607205
0.47306741736485614
-4.224104170968704
-4.599238505248165
-3.6968205030887504
-0.5567690208858584
0.4915052226117147
-4.443590725150909
-4.265496508739247
-3.7176668676469817
-4.148785754671633
-2.8082895174019042
-7.6827987295737055
-0.3827703677406227
-3.3325087593161165
1.2106884008606393
0.238846327610403
-6.185433757405258
-1.2106004423939
-4.02386619232911
-3.75322821005082
-6.05265643139283
-3.748596469173673
-3.196696936954648
-3.722479327639814
-1.8518280806468332
-5.458992606078491
-3.711296124757739
-0.9461468301440487
-6.027076404621575
-5.587439263176186
-4.250935935060392
-4.007018053770807
-4.367270210737758
-1.4993466368692507
-3.835691656467982
-2.6374042556942032
-4.613316890481449
-2.4031010062634595
-6.049488110177184
-6.172482152749328
-4.00125813900973
-2.679438576714862
-3.277747201376487
-3.6717248114987835
1.8772124357027027
-2.6806367546408505
-3.1064610487242965
-2.1651837155768967
-5.053361759007328
-2.360327655410231
-0.8438372822632446
-5.040775103338919
-3.2284504548630246
-5.718797799815829
0.009963134056427627
-3.3157703607832913
-4.396783831316514
-5.178376398216718
-5.76486818966584
-4.471505524261922
-1.3438095987363017
-5.558407649911069
-4.11096906625041
3.3215346616883243
-1.8410066611385725
-5.19926785244054
-4.446427686328423
-5.105596542615603
-3.032448814108366
-3.037663603938616
-4.568333696572902
-4.293153680857561
-4.54530697418238
-2.43035693594546
-4.291497792820664
-4.678524218128851
-3.243252603308934
-3.5700557630799348
-5.7263796760484595
-4.884059715213128
-0.060538228765287805
-4.497101783635789
-3.8566716710256084
-1.9952935320895646
-3.104972594317409
-3.919110324491209
-2.591724818848375
-5.392336505831654
-3.9217774452575425
