-0.002956268768317616
3.801054635136717
6.359977317208038
8.24205263494416
5.593530372798131
1.8361331046392217
5.392627159376749
4.8239481338219665
4.882603674191239
1.8009036068575779
6.247684435292743
2.032690395544837
-3.21942200303523
-4.5799024690565036
-5.475263359820627
-6.54760290577224
-3.6916341636371346
-5.151189859115228
-5.305609870809223
-5.036408591516758
-5.388553144340418
-4.21214746825358
-6.144930623004185
-5.969257903022155
-4.899752504620954
-6.550452822998003
-6.610532957368478
-6.237073082664626
-6.26200213820409
-6.6541161849151
-5.853537146526958
-6.009844734121201
-6.4149218873093865
-6.870132119136644
-6.431639374589923
-5.562973313555205
-4.9774740362603715
-5.0397321762850265
-5.67270781004378
-5.216576050208617
-4.75002305847376
-5.056272627986366
-4.6634471556625785
-6.261703521908745
-3.7470909913317327
-6.50267562002208
-4.611839728024916
-2.806867592854542
-4.083336745996233
-4.048584597475181
-5.7623910135524685
-4.639673283916278
-4.498358633076718
-5.995606921352876
-4.834593460521428
-5.691814512000506
-4.2411578126846585
-6.545491952613049
-6.097839542113272
-6.282529704785777
-4.525589410261344
-6.40118815463508
-6.6006465608570215
-5.763504126730879
-4.974725829407988
-6.173037552179152
-5.876191031085384
-4.599139436188003
-6.209532412919516
-6.1479233615014195
-5.2409302619163
-4.544373705999461
-4.90288396272992
-5.818552619420676
-5.5660675241413795
-5.745714413950452
-6.396362640780715
-6.826223111637206
-6.925019011682524
-4.988173585904183
-5.263814665486645
-6.818979669382145
-5.256276880083572
-6.825051246350024
-4.653460936565177
-5.629119005949564
-5.835951353967495
-4.210921813421193
-5.336307841987576
-6.496231757213637
-3.6938841472804107
-6.175763563436118
-2.2482248279574577
-6.148970449651049
-5.515138434253267
-6.896493845463181
-5.212206834229128
-6.405664823171339
-5.006667830048515
-4.0994087349045465
-5.412184453847133
-4.158526335759228
-4.681854715528928
-6.221019239867376
-5.339216038120847
-5.991562011978673
-5.349586172744776
-5.538535941464187
-2.7702426888502036
-5.951075703505389
-5.581497801397668
-5.9224086424884606
-6.130181641995586
-5.312907856889129
-5.536182955469857
-5.474361189413379
-4.552072574795021
-5.965034319313904
-4.484658497486523
-5.007243838902529
-4.994830754885409
-6.73379810085188
-5.575564881727129
-5.891800163005069
-5.136292680883871
-5.628472936287958
-5.637563869335894
-4.797562641634318
-5.865596516828886
-5.49524464925129
-5.729544293374415
-5.744618926629697
-1.622910839598609
-5.6711524513830724
-4.257963534159515
-5.47073474010157
-4.684453825442482
-6.241573209247442
-4.851402646695431
-5.491545233902844
-6.814035641194838
-5.155989947301075
-5.249706738949094
-5.9649816092886
-6.2714668853363005
-6.195880949533075
-5.030681178371304
-4.780433781900804
-6.574870428457527
-5.18879261421197
-5.07807295719871
-6.647525566991453
-5.36215325061062
-4.970917578117728
-4.769467906532559
-5.501129427821906
-5.115852784478224
-5.21960610873552
-5.52731605794377
-4.584599899064034
-5.923707784329273
-3.864531954595855
-4.578383764414506
-6.542766564373461
-3.137323731932467
-5.456168425148881
-6.387154762601227
-6.718421677712413
-6.549022042832901
-4.851076212295695
-4.755772133759334
-5.991922217677426
-4.59498956998334
-3.628769554020163
-6.2531114948788
-5.892527615877541
-4.5819497555956925
-4.874930837640915
-5.623767831793441
-6.407296534300674
-5.652720880386149
-6.67688725625516
-4.891129796102305
-5.976787724496746
-5.111734698994658
-5.203194817537345
-5.717770969055048
-5.437825874837874
-6.022775287972112
-6.946113064676394
-6.331346372350837
-4.853478773450164
-6.363259385698047
-4.854910062603906
-6.061191535201229
-4.751286701480651
-4.2628699132559555
-3.3871413916802466
-4.156439794242166
-6.361590381488522
-5.003830025762707
-5.803108322219132
-5.695850995835234
-4.442511933703393
-5.17701768978916
-6.280295067038295
-5.797021274241604
-6.527804257489931
-2.6502222321538533
-4.994637693132709
-4.641664110553586
-3.8095021848583515
-4.946206478698732
-5.376316418411105
-4.899341239987129
-5.938717699014363
-6.404160924816814
-3.6625227395066258
-4.053150713090003
-6.205463695020852
-5.2599467915392655
-4.99708174408681
-5.8079361701958625
-6.621018844236645
-3.232907166842694
-4.993044239139288
-5.387186946427465
-3.959541938406586
-3.9526535742296574
-5.245964765464294
-3.9717888458427337
-4.430034713383692
-4.59849403993769
-6.842362338454666
-5.742550532821814
-3.958888810473388
-5.99899241504648
-4.530036115481779
-2.499077532501046
-4.507592754869523
-5.573861287401844
-6.338156659932471
-5.100112151039294
-5.340185585817601
-5.6753335128347135
-5.545799485501414
-5.869199971751744
-6.180741496625693
-4.431748509548447
-7.058590465549672
-4.6961002414344195
-1.6444870847664488
-5.614970566338298
-4.5773368750704995
-5.930560475135482
-5.596557036433244
-6.995085883530651
-5.461466273748915
-5.5211256607933255
-5.287095970836151
-5.380286757310304
-6.8004486558719215
-5.926747573674188
-6.046680864636024
-5.978618495353203
-6.082828225542763
-3.538851997112032
-6.676540345689855
-6.485959100270435
-5.511740645928901
-6.533358923108445
-4.829384426580924
-3.7848724152845756
-5.216446425501845
-5.999905756117261
-6.277693442763483
-5.319574826831817
-6.041918358968786
-6.942336705372298
-1.6153709053205616
-5.721519420406175
-6.610369412073422
-6.622027925526838
-4.623446588280187
-4.084222265391005
-5.300274114799528
-5.907142900199985
-5.87255893570159
-2.695165276449137
-4.400948002381909
-5.0600055965012505
-4.58407015070552
-5.976481671744316
-6.241879664318025
-4.748623062771043
-5.217240107321487
-4.409763477281108
-5.756496571606095
-4.630313467467787
-4.680690642570269
-4.220277653915035
-5.602469397575928
-5.329820392101497
-5.115960302532624
-6.517646353254943
-5.234610463050624
-3.822895615510439
-6.119736715074034
-4.657031458286707
-5.258023189009465
-5.527812357527451
-5.105662535175127
-6.2631690212154805
-6.059719330098797
-5.263614996748414
-4.599363662008342
-5.173570019830582
-6.31521446669359
-5.500992409954324
-5.668080926568949
-5.71706243882129
-2.35077495167909
-6.144695027108169
-5.085432812140536
-4.583825008881043
-4.394846138191594
-5.8636852026978055
-4.513653196722078
-4.874913366789532
-6.795457874781951
-4.506769927785757
-4.11425270482941
-6.294228496515149
-5.938205508798725
-4.793607872603007
-5.817398010787971
-4.174564131464262
-6.008615186918022
-5.68094598885435
-5.033476953779962
-4.779110609162894
-4.7030024136414985
-5.94402896692838
-5.521978873438054
-5.504540965584898
-4.2241083739611485
-5.675237638004021
-5.983970440952176
-4.2500543151786285
-6.341949322374074
-4.127383238465228
-5.412425822666592
-6.215579518470521
-6.482383724780155
-5.675094308258878
-5.352108474309439
-5.442635805441538
-5.65261483628771
-4.699166546883154
-4.300526118380818
-6.112991022343786
-5.374647424394067
-6.213008782489214
-5.380026893686684
-7.159740264631096
-5.054064403182757
-6.005593014368045
-3.8359271618143267
-5.72162467313505
-6.161001030693182
-5.723175463865824
-5.511043662044316
-6.146624179503725
-5.355998655781666
-5.3900526172757
-5.186190366207252
-6.422479393404608
-5.618212767895707
-3.9818752247901816
-6.847397216091405
-5.245878524907538
-6.57526294193227
-5.018618214466383
-5.984518988546178
-6.298031850512352
-5.781582439193988
-4.705781317590764
-6.124032096515012
-5.588012910991999
-4.629517712404906
-5.324941844482445
-4.420708691081345
-5.225673542256134
-5.44474472456223
-4.573679324639652
-6.551625952544141
-6.099646482385489
-5.437692836046316
-5.72072299756473
-5.2809551221979065
-6.544276868430302
-5.036543159174095
-5.6882614197471435
-7.519826201784376
-5.089466032633527
-4.555064987188879
-5.507276095032423
-4.971250357103248
-6.393200794522231
-6.369919996595253
-2.9220154526772477
-5.696905277409263
-5.479303518576112
-4.620384605275496
-4.863046849850496
-5.0779082217618425
-5.741603414521354
-3.5637747600703
-5.570397437006648
-5.244485453387168
-4.500715507466843
-3.4508548676747552
-5.307747777408959
-2.161798619493511
-6.115859460482982
-5.296988053941701
-6.245282995321272
-5.629943700766241
-6.235132790401573
-5.6055080171201475
-5.259560833894825
-3.949250512662415
-2.5401527851220336
-6.286089985761904
-4.316468317392713
-4.745046478229613
-4.879201159401283
-4.778001158284081
-5.079828732879238
-5.85370832503811
-3.0797598010392955
-3.7774922021202832
-5.994471283599088
-4.985188842753547
-4.922229266860674
-5.619912914410361
-6.423408672995968
-3.338599813513162
-6.537422958313983
-4.932532464533601
-4.374549186798154
-5.238926980415778
-6.160987106310176
-5.175338998681378
-4.883297785528964
-6.131554079609675
-3.5742666897919815
-4.661849522362846
-5.244822573926813
-6.3281597897668
-5.1554078904018175
-5.529885048283099
-3.9762145595545104
-6.383566145816769
-5.6120889136433245
-4.502051262524893
-7.051942008559025
-4.873270917848437
-5.856469615026201
-6.291068705026521
-6.018149710008812
-5.368470721544776
-3.6435312072096293
-5.177760071792436
-5.441805014451212
-5.180345479739576
-6.625017165073049
-5.051439487681816
-5.489007652436891
-4.844125240947811
-4.5557367727738995
-5.7556689544021715
-6.00917452393253
-2.549570436419007
-5.490318987135969
-5.431052872902944
-5.8995356832169445
-6.583270790219799
-5.246096886038819
-6.288702656862191
-4.78658032976422
-6.157990709862597
-6.254700850975365
-5.127955857839801
-6.672858624309288
-6.867276815181287
-6.305421854032764
-5.517979755894243
-4.915470452287837
-5.7195130271969745
-4.429661197341765
-5.941488843552915
-6.0887750047339875
-6.454580770368247
-5.169328086820839
-4.511392913832778
-4.169257490035143
-5.159512318668432
-6.293310098777887
-5.211336696717868
-7.15663437676871
-5.989655902432735
-5.6348697603549205
-5.76850352638238
-5.585394554490641
-6.411608240324274
-4.892947392724195
-5.371538196875772
-5.627128430033355
-3.8026455442502924
-6.191756036776029
-6.652075642117387
-5.989009662505237
-6.374261904563083
-3.9796306059869426
-4.844613292682988
-6.165253698160897
-4.294357448487072
-6.102620129412432
-6.176686683522063
-6.748584981073403
-5.918930575627963
-3.8436136750465
-5.152505429611309
-5.702910888719831
-5.105296108368963
-4.94250765010475
-5.8642266262995655
-5.703651985851918
-6.322933295548325
-4.87659409002088
-4.358525465009434
-6.256645902276573
-6.411728681695112
-5.648896285471035
-5.125816796146208
-5.698300014213308
-5.382874651438994
-6.444902310678773
-4.255130019959464
-5.623330090486605
-6.516704228311118
-5.7720146603555085
-3.9602188989345604
-6.033266410750198
-4.774658015920647
-4.6749556928367415
-4.703043850663095
-4.755721018871489
-6.377786889430516
-4.002096936424164
-4.8360830703771995
-5.328213289618462
-4.615333714578342
-4.279283202838024
-5.868412754095212
-6.904999670060283
-4.940667402132729
-5.323985253073932
-6.378521883773612
-5.627333926365943
-4.779957876767858
-5.368327455311105
-5.1382505913600225
-6.670870101227304
-2.1850964058487063
-2.60818973687324
-4.674681705417978
-5.873637213443539
-4.953690275909885
-5.875791491006662
-6.21384886650351
-5.084716730467013
-4.87058394737266
-3.5630831835189865
-5.72666538296068
-5.194216428281221
-6.292800298702272
-5.25458790461562
-6.047842516551515
-2.976864864839828
-4.792762859178652
-6.204097688620113
-6.830623349560666
-5.457106070742133
-5.7328215976352865
-5.302878116246988
-5.631322110962982
-4.632248664240465
-5.598842558108862
-5.587095272591378
-6.066140967108662
-5.689092272022638
-5.78573353934097
-6.974655620686422
-6.309960047954316
-6.209691520653561
-5.679617331748906
-5.2361002462092685
-6.349004179209507
-6.551545537668033
-4.508876042490867
-4.77471552034325
-6.716779532926583
-5.90265185218289
-5.733314517256449
-6.088774267837911
-5.689879489679169
-5.476830289153998
-5.352060484881677
-6.824673106875465
-5.262230298983842
-5.894018621408483
-6.472583558654895
-4.725759321890977
-4.836860035204056
-5.9161417002125605
-3.874333065386911
-6.061566729826046
-6.267939192351223
-6.348100902724796
-6.058225789483398
-3.9297959809040446
-5.247084002769699
-6.11142906209795
-5.677312113868314
-4.669774021024539
-4.568116281850772
-5.319878384634743
-6.078438274176108
-5.948693042873012
-5.71846329617518
-5.0377694278872776
-1.3220274075501341
-4.951657588509642
-7.73943074628213
-4.894415708205962
-5.734853545230286
-5.564931212976299
-5.038595865119946
-4.830755981245441
-5.350123090533559
-5.816774686968631
-5.546128570656839
-4.057601471814388
-5.802217676597922
-5.524565297796356
-5.239873410479407
-4.782922516528006
-5.0321497824373775
-5.28717243397477
-4.6147323316421
-4.648431945401224
-4.250148953470824
-4.356803671215702
-6.449135751076324
-4.758149417209087
-5.624420244164344
-6.06663606778128
-5.40499673813172
-5.848230342834734
-4.966388236834778
-5.213023485643508
-4.841821185715978
-6.447730745595459
-6.125324373801516
-5.898967593342447
-4.111694394405905
-5.863035748431318
-5.219368062710896
-2.3452120632673203
-5.532555758206914
-6.376904139244403
-6.987516113510248
-7.899810234609318
-3.19829901474474
-5.0189331614486
-6.940611418083257
-6.678943933447981
-3.801982443245718
-6.288489879689934
-4.622528480250495
-2.1766964127328117
-6.072019764202351
-6.309967140416067
-5.760923639687762
-6.120238962015662
-5.815726124863036
-4.790242284182832
-4.505577030415107
-5.342994067050986
-5.130126753271371
-6.399418197166582
-6.060389933188224
-5.405522111679455
-5.560422306411932
-6.25518357918491
-5.270328842098852
-6.484544950559369
-5.225377148580407
-2.1353822638892495
-5.284222220379398
-1.660706733949138
-4.432356137256299
-5.531686645124896
-5.472055005021279
-6.138881657104705
-4.9724577932491165
-4.964895947646368
-5.452803423446076
-4.591330000912658
-4.662080795733183
-5.943080137742428
-5.473025199227119
-4.5666507946283135
-3.9111116130569017
-6.630134931477444
-6.020897786053419
-3.5343100793716724
-3.8502537926468374
-4.998154366392079
-6.17595902225979
-5.390608005747801
-3.87116912574938
-5.784693701199268
-5.484830275583536
-5.621618263772803
-5.884344299675421
-5.126603494274015
-4.581200519295849
-5.81397838213806
-5.147389614557074
-6.541310488406914
-6.652041641772364
-6.167461235093507
-6.274194202713228
-6.75270458850201
-5.895535067076989
-3.888756458950367
-6.271650001451568
-4.283389192639543
-6.246439056571936
-5.501471716147603
-6.420161105709453
-5.096662519383667
-5.653698463467122
-3.4708246208424045
-6.6209715917049605
-6.591982139102846
-5.018447031163138
-4.717963853753059
-6.061707381123045
-6.239080807002284
-5.512181480716666
-6.311292119374762
-4.375832628155775
-5.220285924413125
-5.662572474792964
-4.840386950238045
-5.5109561700386465
-4.92264298736932
-5.77562422049603
-5.266959101221862
-3.937641680199045
-2.9578386488151187
-5.634295870817482
-5.760571988070297
-6.278058012412385
-5.8321774137928735
-6.244107919761434
-4.32938696178849
-5.418575368530328
-3.7782253598878754
-4.866991930742815
-4.457536068209909
-4.25759065015567
-7.07159439160729
-4.257014726580961
-2.6287257648894644
-4.787334880505045
-4.880376996330734
-5.334369989769291
-4.875149661327944
-5.18725651595325
-4.263823769274563
-5.297244297830447
-4.9152193974849325
-4.955285900762275
-6.800577638355284
-5.940423349164639
-7.0319021624137665
-5.020242533842331
-4.505673045194922
-5.826880771956955
-6.2838512694294675
-4.930358519867316
-4.670736677981763
-4.098654249215046
-6.854214823342253
-5.859731115448128
-6.068262225360602
-5.382354631865522
-2.863517355441733
-5.190589300267065
-5.713785595232645
-3.926932198336282
-5.442494991601835
-6.1035297081191
-4.160584187544821
-6.013305347040004
-6.774278854851128
-4.777906965463854
-5.081159130354065
-5.672183962069563
-6.538648050818783
-6.204286408818688
-6.618840161756603
-4.713461254274159
-7.00038803478575
-5.381382149675322
-6.18598277705701
-6.399737320229121
-6.56138540286054
-3.4283504626457164
-5.108184721144937
-4.365035206445984
-6.219221244259495
-4.7757128242441755
-6.403406469602679
-2.563231163621132
-5.749819202059542
-2.907744757570346
-3.746480486774823
-6.026411541823632
-5.799541305582771
-5.926791484516998
-5.317963119104796
-6.185343429122202
-4.7611370255292185
-6.364186480660808
-6.670813001868352
-6.301645797854733
-5.0847440773013455
-4.460675314581071
-4.56565511586619
-5.391054576937073
-5.467621030314715
-5.475329413941308
-4.7669648348360685
-6.133586703713713
-5.877315048451351
-2.5088585765080955
-5.361864610890317
-5.2930627473254415
-5.187423967302492
-4.480822094182174
-6.174527070432988
-6.489935397471539
-4.087048542894234
-6.120920075173083
-5.330471306509762
-2.942101061446861
-4.199824811413637
-5.314219912192637
-6.287670236585057
-4.643945601692352
-6.532220425401057
-5.2263783768365535
-6.559424600476497
-6.840368529747616
-5.126358290714654
-5.984981755534972
-3.69335334239207
-5.366512496765488
-4.86222357740917
-2.932938870296638
-4.861201845663668
-6.514872990572171
-4.818699445097845
-4.8481356111865495
-5.13833130681425
-4.514395169314755
-5.6012626820344895
-5.4868912606682
-6.728596086583193
-6.0463146815844615
-4.021057942130604
-5.729091063657223
-6.7919972985689006
-4.645281977600534
-4.484007067496205
-5.208660310019365
-5.301843373294532
-6.719935493763437
-6.9588986102908175
-5.546872906437641
-6.24364231004371
-5.004666843284814
-5.318939699094525
-4.147967830295227
-4.435932241803675
-6.3431046411644525
-6.174703688671259
-6.946740542998046
-5.003913224269954
-4.522804696120351
-4.971163597017759
-3.6311121160491955
-3.8506936021775657
-5.23475380864292
-4.258598692572212
-4.503414090872016
-4.151056149123494
-2.8968986384910833
-6.246366029356012
-6.000995610793062
-4.590338736610394
-3.6333051515501653
-5.162084330676281
-6.488234464881832
-5.16589523780747
-4.083580250229759
-5.387760922457927
-5.136891801470301
-6.164302032988591
-6.659931006589475
-3.6851932029290775
-3.2489012448558823
-7.125651266638655
-4.355360435697182
-6.110115161592547
-3.712293065176558
-3.8073464822912673
-5.37549037936432
-4.913162001249386
-4.688218272903877
-4.766287648447245
-6.047218610254845
-6.143654547413145
-5.513308961576605
-5.433604729071094
-5.0467404217194
-4.3885163245862575
-5.358066252974411
-5.688977769880698
-6.312825993679784
-6.147902523654824
-4.961366513296445
-5.89897465490105
-5.180933158187553
-4.9602416841112635
-6.100649321320733
-5.080899259544145
-5.477912708301698
-6.28125605403455
-4.5013057992861185
-6.035789272177907
-6.0998465103539035
-5.088462831715733
-4.521241080440864
-4.963412210333927
-5.236440982231865
-5.376260100665564
-4.002943889678529
-4.641230138809707
-6.214267886045788
-5.051619416526957
-4.282533153413442
-5.4741509621903734
-5.280928322145664
-5.426080540734493
-3.702027370887218
-6.159140972479537
-4.0427477550932736
-5.2233127221271705
-4.265502999940174
-5.387313630055924
-5.912004059942058
-6.345023754943245
-6.207948903665969
-6.314051825105337
-6.443032669305802
-6.4352525691890765
-4.208355054966969
-5.446696496488898
-4.777943951672216
-6.759621122586774
-5.68414340064623
-6.611256685802604
-5.526263034653355
-4.836569200662662
